         1,         1,      1.00,            681.1703,                   0,             11.8505
         1,         2,      1.00,            156.7622,                   0,              8.1822
         1,         3,      1.00,             12.9753,                   0,              2.2054
         1,         4,      1.00,              6.2634,                   0,              0.9263
         1,         5,      1.00,             36.9484,                   0,              2.5804
         1,         6,      1.00,             39.9257,                   0,              2.9406
         1,         7,      1.00,             18.9741,                   0,              2.7347
         1,         8,      1.00,              3.6831,                   0,              2.7788
         1,         9,      1.00,              5.8591,                   0,              1.1395
         1,        10,      1.00,            157.6812,                   0,              2.2863
         1,        11,      1.00,              3.0141,                   0,              0.7793
         1,        12,      1.00,              2.9994,                   0,              1.6761
         1,        13,      1.00,              0.9630,                   0,              2.7421
         1,        14,      1.00,              3.2052,                   0,              2.4333
         1,        15,      1.00,              3.4184,                   0,              1.6247
         1,        16,      1.00,             90.7830,                   0,              2.1760
         1,        17,      1.00,             96.4877,                   0,              3.3670
         1,        18,      1.00,            312.2894,                   0,              9.6966
         1,        19,      1.00,              5.5797,                   0,              0.7866
         1,        20,      1.00,             83.2625,                   0,              3.2493
         1,        21,      1.00,              1.6908,                   0,              0.2132
         1,        22,      1.00,             12.1299,                   0,              1.0660
         1,        23,      1.00,              0.2426,                   0,              0.0294
         1,        24,      1.00,              0.3235,                   0,              0.0515
         1,        25,      1.00,                   0,                   0,              0.1544
         1,        26,      1.00,              0.6396,                   0,              0.0147
         1,        27,      1.00,              0.1323,                   0,              0.0147
         1,        28,      1.00,              0.0368,                   0,              0.0147
         1,        29,      1.00,              0.4117,                   0,              0.0221
         1,        30,      1.00,              0.1250,                   0,              0.0294
         1,        31,      1.00,              0.7646,                   0,              0.0368
         1,        32,      1.00,              0.3235,                   0,              0.0074
         1,        33,      1.00,              0.4631,                   0,              0.0074
         1,        35,      1.00,              0.5146,                   0,              0.0441
         1,        36,      1.00,              0.5220,                   0,              0.0221
         1,        37,      1.00,              0.1250,                   0,              0.0294
         1,        38,      1.00,              0.0074,                   0,              0.0147
         1,        39,      1.00,              0.3602,                   0,              0.0147
         1,        40,      1.00,              0.0221,                   0,              0.0147
         1,        41,      1.00,                   0,                   0,              0.0221
         1,        42,      1.00,              0.0147,                   0,                   0
         1,        43,      1.00,              0.2058,                   0,                   0
         1,        44,      1.00,              0.1029,                   0,              0.0147
         1,        45,      1.00,              0.2058,                   0,              0.0147
         1,        46,      1.00,                   0,                   0,              0.0074
         1,        49,      1.00,              0.1103,                   0,              0.0074
         1,        51,      1.00,              0.0074,                   0,                   0
         1,        52,      1.00,              0.5072,                   0,              0.0074
         1,        55,      1.00,              0.1029,                   0,              0.0147
         1,        56,      1.00,              0.1985,                   0,              0.0147
         1,        57,      1.00,              0.0074,                   0,                   0
         1,        58,      1.00,              0.3529,                   0,              0.0147
         1,        59,      1.00,              0.0147,                   0,              0.0074
         1,        60,      1.00,              0.1029,                   0,              0.0074
         1,        61,      1.00,              0.2058,                   0,              0.0074
         1,        62,      1.00,              0.0588,                   0,                   0
         1,        63,      1.00,                   0,                   0,              0.0074
         1,        65,      1.00,              0.3602,                   0,              0.0074
         1,        66,      1.00,              0.0515,                   0,              0.0074
         1,        67,      1.00,                   0,                   0,              0.0074
         1,        70,      1.00,              0.2058,                   0,                   0
         1,        76,      1.00,              0.2058,                   0,                   0
         1,        80,      1.00,              0.1470,                   0,                   0
         1,        83,      1.00,              0.2058,                   0,              0.0074
         1,        84,      1.00,              0.1911,                   0,                   0
         1,        85,      1.00,                   0,                   0,              0.0074
         1,        90,      1.00,              0.3602,                   0,                   0
         1,        92,      1.00,              0.0588,                   0,              0.0074
         1,        93,      1.00,              0.0221,                   0,                   0
         1,        99,      1.00,              0.1029,                   0,                   0
         1,       100,      1.00,              0.1029,                   0,                   0
         1,       101,      1.00,              0.2058,                   0,                   0
         1,       106,      1.00,              0.2352,                   0,                   0
         1,       107,      1.00,              0.2058,                   0,                   0
         1,       112,      1.00,              0.2132,                   0,              0.0221
         1,       114,      1.00,              0.6249,                   0,                   0
         1,       117,      1.00,              0.2058,                   0,                   0
         1,       119,      1.00,              0.2058,                   0,              0.0074
         1,       122,      1.00,              0.1029,                   0,                   0
         1,       126,      1.00,              0.1691,                   0,              0.0074
         1,       127,      1.00,              0.2794,                   0,                   0
         1,       128,      1.00,              0.1176,                   0,                   0
         1,       133,      1.00,              0.0074,                   0,                   0
         1,       135,      1.00,              0.4117,                   0,                   0
         1,       138,      1.00,              0.2058,                   0,                   0
         1,       140,      1.00,              0.0221,                   0,                   0
         1,       141,      1.00,              0.0588,                   0,                   0
         1,       143,      1.00,              0.0515,                   0,                   0
         1,       144,      1.00,              0.0221,                   0,                   0
         1,       145,      1.00,              0.0441,                   0,                   0
         1,       146,      1.00,              0.0662,                   0,                   0
         1,       147,      1.00,              0.0074,                   0,                   0
         1,       148,      1.00,              0.1323,                   0,                   0
         1,       150,      1.00,              0.0441,                   0,                   0
         1,       152,      1.00,              0.0147,                   0,                   0
         1,       153,      1.00,              0.0221,                   0,                   0
         1,       154,      1.00,              0.1176,                   0,              0.0074
         1,       155,      1.00,              0.0147,                   0,                   0
         1,       161,      1.00,              0.0221,                   0,              0.0074
         1,       162,      1.00,              0.2058,                   0,                   0
         1,       165,      1.00,              0.0441,                   0,                   0
         1,       166,      1.00,              0.0147,                   0,                   0
         1,       167,      1.00,              0.0956,                   0,                   0
         1,       168,      1.00,              0.0368,                   0,                   0
         1,       169,      1.00,              0.0147,                   0,                   0
         1,       174,      1.00,              0.2058,                   0,                   0
         1,       175,      1.00,              0.0294,                   0,                   0
         1,       177,      1.00,              0.0074,                   0,                   0
         1,       178,      1.00,              0.0074,                   0,                   0
         1,       179,      1.00,              0.0662,                   0,                   0
         1,       180,      1.00,              0.0221,                   0,                   0
         1,       181,      1.00,              0.0074,                   0,                   0
         1,       182,      1.00,              0.0221,                   0,                   0
         1,       183,      1.00,              0.0221,                   0,                   0
         1,       184,      1.00,              0.0588,                   0,                   0
         1,       185,      1.00,              0.0221,                   0,                   0
         1,       208,      1.00,              0.0588,                   0,                   0
         1,       209,      1.00,              0.2352,                   0,              0.0147
         1,       210,      1.00,                   0,                   0,              0.0074
         1,       215,      1.00,              0.0074,                   0,              0.0294
         1,       217,      1.00,              0.1617,                   0,              0.9189
         1,       218,      1.00,              0.3455,                   0,              2.2275
         1,       219,      1.00,              0.2573,                   0,              2.3451
         1,       220,      1.00,              0.0074,                   0,              0.0221
         1,       221,      1.00,              0.0221,                   0,              0.0515
         1,       222,      1.00,              0.0221,                   0,              0.2352
         1,       223,      1.00,                   0,                   0,              0.0147
         1,       224,      1.00,                   0,                   0,              0.1911
         1,       226,      1.00,                   0,                   0,              0.0074
         2,         1,      1.00,            195.5558,                   0,              8.1822
         2,         2,      1.00,            565.6791,                   0,             11.4094
         2,         3,      1.00,             90.5625,                   0,              3.9110
         2,         4,      1.00,             31.5377,                   0,              1.1983
         2,         5,      1.00,            158.1296,                   0,              4.5652
         2,         6,      1.00,            143.1180,                   0,              5.2636
         2,         7,      1.00,             56.4665,                   0,              2.7862
         2,         8,      1.00,              8.9320,                   0,              2.6980
         2,         9,      1.00,             11.9682,                   0,              0.9851
         2,        10,      1.00,             43.1971,                   0,              1.4776
         2,        11,      1.00,              8.9541,                   0,              0.7793
         2,        12,      1.00,              4.5505,                   0,              1.3380
         2,        13,      1.00,              2.1466,                   0,              2.8450
         2,        14,      1.00,              4.7123,                   0,              2.3966
         2,        15,      1.00,              7.2191,                   0,              1.4409
         2,        16,      1.00,             23.5908,                   0,              1.5438
         2,        17,      1.00,            126.4816,                   0,              4.1315
         2,        18,      1.00,             69.7432,                   0,              5.4768
         2,        19,      1.00,             16.5187,                   0,              0.8748
         2,        20,      1.00,            154.3804,                   0,              4.4035
         2,        21,      1.00,              2.3966,                   0,              0.3014
         2,        22,      1.00,             29.1485,                   0,              1.2350
         2,        23,      1.00,              0.3382,                   0,              0.0588
         2,        24,      1.00,              0.1764,                   0,              0.0588
         2,        25,      1.00,                   0,                   0,              0.1176
         2,        26,      1.00,              0.2058,                   0,              0.0147
         2,        27,      1.00,              0.1103,                   0,              0.0147
         2,        28,      1.00,              0.4852,                   0,              0.0147
         2,        29,      1.00,              0.5146,                   0,              0.0221
         2,        30,      1.00,              0.2132,                   0,              0.0294
         2,        31,      1.00,              0.2058,                   0,              0.0368
         2,        32,      1.00,              0.6102,                   0,              0.0074
         2,        33,      1.00,                   0,                   0,              0.0074
         2,        34,      1.00,              0.2058,                   0,                   0
         2,        35,      1.00,              1.2939,                   0,              0.0735
         2,        36,      1.00,              0.3676,                   0,              0.0441
         2,        37,      1.00,              0.1985,                   0,              0.0441
         2,        38,      1.00,              0.2205,                   0,              0.0221
         2,        39,      1.00,              0.0147,                   0,              0.0221
         2,        40,      1.00,              0.0735,                   0,              0.0221
         2,        41,      1.00,              0.4117,                   0,              0.0441
         2,        42,      1.00,              0.4999,                   0,                   0
         2,        44,      1.00,              0.3529,                   0,              0.0221
         2,        45,      1.00,              0.1617,                   0,              0.0221
         2,        46,      1.00,                   0,                   0,              0.0074
         2,        49,      1.00,              0.0147,                   0,              0.0221
         2,        50,      1.00,                   0,                   0,              0.0074
         2,        52,      1.00,              0.0074,                   0,              0.0147
         2,        54,      1.00,              0.2058,                   0,                   0
         2,        55,      1.00,              0.1103,                   0,              0.0221
         2,        56,      1.00,              0.2058,                   0,              0.0221
         2,        57,      1.00,              0.0074,                   0,                   0
         2,        58,      1.00,              0.1029,                   0,              0.0221
         2,        59,      1.00,                   0,                   0,              0.0074
         2,        60,      1.00,              0.4117,                   0,              0.0074
         2,        61,      1.00,              0.4117,                   0,              0.0074
         2,        65,      1.00,              0.1544,                   0,              0.0074
         2,        66,      1.00,                   0,                   0,              0.0074
         2,        67,      1.00,              0.1103,                   0,              0.0074
         2,        68,      1.00,              0.0956,                   0,                   0
         2,        71,      1.00,              0.4705,                   0,              0.0074
         2,        80,      1.00,              0.3088,                   0,                   0
         2,        81,      1.00,              0.0147,                   0,                   0
         2,        83,      1.00,              0.4117,                   0,              0.0074
         2,        84,      1.00,                   0,                   0,              0.0074
         2,        85,      1.00,                   0,                   0,              0.0074
         2,        86,      1.00,                   0,                   0,              0.0074
         2,        90,      1.00,              0.3602,                   0,                   0
         2,        92,      1.00,              0.3088,                   0,              0.0074
         2,        93,      1.00,              0.2058,                   0,                   0
         2,        94,      1.00,              0.2058,                   0,                   0
         2,        95,      1.00,              0.0588,                   0,                   0
         2,        97,      1.00,              0.0956,                   0,                   0
         2,        98,      1.00,              0.1103,                   0,                   0
         2,        99,      1.00,              0.3088,                   0,                   0
         2,       100,      1.00,              0.1029,                   0,                   0
         2,       104,      1.00,              0.0735,                   0,                   0
         2,       106,      1.00,              0.1764,                   0,                   0
         2,       112,      1.00,              0.4190,                   0,              0.0368
         2,       114,      1.00,              0.3602,                   0,                   0
         2,       118,      1.00,              0.1029,                   0,                   0
         2,       119,      1.00,                   0,                   0,              0.0074
         2,       120,      1.00,              0.3529,                   0,                   0
         2,       121,      1.00,              0.0588,                   0,                   0
         2,       122,      1.00,              0.2058,                   0,                   0
         2,       123,      1.00,              0.2058,                   0,                   0
         2,       124,      1.00,              0.1029,                   0,                   0
         2,       126,      1.00,              0.2132,                   0,              0.0147
         2,       127,      1.00,              0.2132,                   0,              0.0074
         2,       128,      1.00,              0.0147,                   0,                   0
         2,       129,      1.00,              0.0441,                   0,                   0
         2,       130,      1.00,              0.0221,                   0,                   0
         2,       131,      1.00,              0.1470,                   0,                   0
         2,       133,      1.00,              0.0221,                   0,                   0
         2,       134,      1.00,              0.0588,                   0,                   0
         2,       135,      1.00,              0.1029,                   0,                   0
         2,       140,      1.00,              0.0809,                   0,                   0
         2,       141,      1.00,              0.0441,                   0,                   0
         2,       143,      1.00,              0.1176,                   0,                   0
         2,       144,      1.00,              0.0074,                   0,                   0
         2,       145,      1.00,              0.0221,                   0,                   0
         2,       147,      1.00,              0.0221,                   0,                   0
         2,       148,      1.00,              0.0662,                   0,                   0
         2,       149,      1.00,              0.0956,                   0,                   0
         2,       150,      1.00,              0.0221,                   0,              0.0074
         2,       151,      1.00,              0.0294,                   0,              0.0074
         2,       152,      1.00,              0.0368,                   0,              0.0074
         2,       153,      1.00,              0.0147,                   0,                   0
         2,       154,      1.00,              0.1397,                   0,              0.0074
         2,       155,      1.00,              0.1250,                   0,              0.0074
         2,       161,      1.00,                   0,                   0,              0.0147
         2,       162,      1.00,              0.0368,                   0,                   0
         2,       164,      1.00,              0.1029,                   0,                   0
         2,       165,      1.00,              0.0368,                   0,              0.0074
         2,       166,      1.00,              0.0809,                   0,              0.0074
         2,       167,      1.00,              0.0441,                   0,                   0
         2,       168,      1.00,              0.0074,                   0,                   0
         2,       169,      1.00,              0.0074,                   0,                   0
         2,       172,      1.00,              0.1029,                   0,                   0
         2,       178,      1.00,              0.0368,                   0,                   0
         2,       179,      1.00,              0.0662,                   0,                   0
         2,       181,      1.00,              0.0221,                   0,                   0
         2,       182,      1.00,              0.0809,                   0,                   0
         2,       184,      1.00,              0.0147,                   0,                   0
         2,       185,      1.00,              0.0441,                   0,                   0
         2,       209,      1.00,              0.0368,                   0,              0.0221
         2,       210,      1.00,              0.1029,                   0,              0.0074
         2,       213,      1.00,              0.2426,                   0,                   0
         2,       215,      1.00,                   0,                   0,              0.0147
         2,       217,      1.00,              0.0588,                   0,              0.4705
         2,       218,      1.00,              0.1691,                   0,              1.3453
         2,       219,      1.00,              0.1323,                   0,              1.4629
         2,       220,      1.00,              0.0074,                   0,              0.0147
         2,       221,      1.00,              0.0074,                   0,              0.0294
         2,       222,      1.00,              0.0147,                   0,              0.1544
         2,       223,      1.00,                   0,                   0,              0.0147
         2,       224,      1.00,                   0,                   0,              0.2647
         2,       226,      1.00,                   0,                   0,              0.0074
         3,         1,      1.00,             11.5050,                   0,              2.2054
         3,         2,      1.00,             72.9116,                   0,              3.9110
         3,         3,      1.00,            121.5856,                   0,              2.1834
         3,         4,      1.00,             45.0423,                   0,              1.0513
         3,         5,      1.00,             29.1485,                   0,              1.7643
         3,         6,      1.00,            116.1308,                   0,              2.3745
         3,         7,      1.00,             60.7597,                   0,              2.0731
         3,         8,      1.00,              5.0137,                   0,              1.9849
         3,         9,      1.00,              9.3143,                   0,              0.9924
         3,        10,      1.00,              4.5064,                   0,              0.4778
         3,        11,      1.00,              8.2924,                   0,              0.8234
         3,        12,      1.00,              4.4035,                   0,              1.3968
         3,        13,      1.00,              1.9996,                   0,              1.6688
         3,        14,      1.00,              1.9996,                   0,              1.2865
         3,        15,      1.00,              2.9185,                   0,              1.0807
         3,        16,      1.00,              3.2273,                   0,              0.3896
         3,        17,      1.00,             20.2091,                   0,              1.4262
         3,        18,      1.00,              9.2849,                   0,              1.7055
         3,        19,      1.00,             10.5199,                   0,              0.4411
         3,        20,      1.00,             20.3782,                   0,              1.2497
         3,        21,      1.00,              0.7351,                   0,              0.1691
         3,        22,      1.00,             11.5712,                   0,              0.7351
         3,        23,      1.00,              0.5440,                   0,              0.0221
         3,        24,      1.00,              0.0735,                   0,              0.0294
         3,        25,      1.00,                   0,                   0,              0.0882
         3,        26,      1.00,              0.2058,                   0,              0.0147
         3,        27,      1.00,              0.2132,                   0,              0.0147
         3,        28,      1.00,              0.2132,                   0,              0.0074
         3,        29,      1.00,              0.2279,                   0,              0.0074
         3,        30,      1.00,              0.0074,                   0,              0.0074
         3,        31,      1.00,              0.2058,                   0,              0.0368
         3,        32,      1.00,              0.0588,                   0,                   0
         3,        34,      1.00,                   0,                   0,              0.0074
         3,        35,      1.00,              0.3308,                   0,              0.0294
         3,        36,      1.00,              0.0662,                   0,              0.0294
         3,        37,      1.00,              0.1397,                   0,              0.0221
         3,        38,      1.00,              0.4190,                   0,              0.0147
         3,        39,      1.00,              0.0074,                   0,                   0
         3,        40,      1.00,              0.2205,                   0,                   0
         3,        41,      1.00,                   0,                   0,              0.0221
         3,        44,      1.00,              0.0588,                   0,              0.0074
         3,        45,      1.00,              0.2058,                   0,              0.0074
         3,        46,      1.00,              0.0441,                   0,                   0
         3,        47,      1.00,              0.0882,                   0,                   0
         3,        48,      1.00,              0.0294,                   0,                   0
         3,        49,      1.00,              0.1103,                   0,                   0
         3,        50,      1.00,              0.1764,                   0,                   0
         3,        52,      1.00,              0.0074,                   0,                   0
         3,        54,      1.00,              0.2058,                   0,                   0
         3,        55,      1.00,              0.2058,                   0,              0.0074
         3,        56,      1.00,              0.0074,                   0,              0.0074
         3,        58,      1.00,              0.2058,                   0,              0.0074
         3,        59,      1.00,              0.2058,                   0,                   0
         3,        60,      1.00,              0.1029,                   0,                   0
         3,        61,      1.00,              0.1029,                   0,                   0
         3,        62,      1.00,              0.2058,                   0,                   0
         3,        63,      1.00,              0.2058,                   0,                   0
         3,        66,      1.00,              0.2058,                   0,                   0
         3,        67,      1.00,              0.1103,                   0,                   0
         3,        68,      1.00,              0.0956,                   0,                   0
         3,        80,      1.00,              0.1103,                   0,                   0
         3,        81,      1.00,              0.1250,                   0,                   0
         3,        85,      1.00,              0.3235,                   0,                   0
         3,        86,      1.00,              0.1103,                   0,                   0
         3,        95,      1.00,              0.1176,                   0,                   0
         3,        99,      1.00,              0.2058,                   0,                   0
         3,       100,      1.00,              0.2058,                   0,                   0
         3,       104,      1.00,              0.0294,                   0,                   0
         3,       112,      1.00,              0.0074,                   0,              0.0074
         3,       117,      1.00,              0.0588,                   0,                   0
         3,       119,      1.00,              0.1764,                   0,                   0
         3,       120,      1.00,              0.1764,                   0,                   0
         3,       121,      1.00,              0.2352,                   0,                   0
         3,       125,      1.00,              0.2058,                   0,                   0
         3,       126,      1.00,              0.0809,                   0,              0.0074
         3,       127,      1.00,              0.2058,                   0,                   0
         3,       128,      1.00,              0.0588,                   0,                   0
         3,       129,      1.00,              0.0441,                   0,                   0
         3,       131,      1.00,              0.1103,                   0,                   0
         3,       132,      1.00,              0.0221,                   0,                   0
         3,       133,      1.00,              0.0147,                   0,                   0
         3,       134,      1.00,              0.0441,                   0,                   0
         3,       140,      1.00,              0.0368,                   0,                   0
         3,       141,      1.00,              0.0221,                   0,                   0
         3,       142,      1.00,              0.2058,                   0,                   0
         3,       143,      1.00,              0.0588,                   0,                   0
         3,       144,      1.00,              0.0147,                   0,                   0
         3,       145,      1.00,              0.0368,                   0,                   0
         3,       146,      1.00,              0.1029,                   0,                   0
         3,       147,      1.00,              0.0221,                   0,                   0
         3,       148,      1.00,              0.0441,                   0,                   0
         3,       149,      1.00,              0.0735,                   0,                   0
         3,       150,      1.00,              0.0956,                   0,              0.0074
         3,       151,      1.00,              0.0588,                   0,                   0
         3,       153,      1.00,              0.0221,                   0,                   0
         3,       154,      1.00,              0.0882,                   0,              0.0074
         3,       155,      1.00,              0.0221,                   0,                   0
         3,       160,      1.00,              0.0221,                   0,                   0
         3,       161,      1.00,              0.0221,                   0,              0.0074
         3,       162,      1.00,              0.0147,                   0,                   0
         3,       164,      1.00,              0.0809,                   0,                   0
         3,       165,      1.00,              0.1617,                   0,              0.0074
         3,       166,      1.00,              0.0221,                   0,              0.0074
         3,       167,      1.00,              0.0147,                   0,                   0
         3,       168,      1.00,              0.0221,                   0,                   0
         3,       169,      1.00,              0.0368,                   0,                   0
         3,       174,      1.00,              0.0221,                   0,                   0
         3,       175,      1.00,              0.0368,                   0,                   0
         3,       177,      1.00,              0.0368,                   0,                   0
         3,       179,      1.00,              0.0588,                   0,                   0
         3,       181,      1.00,              0.0515,                   0,                   0
         3,       182,      1.00,              0.0147,                   0,                   0
         3,       185,      1.00,              0.0294,                   0,                   0
         3,       186,      1.00,              0.0074,                   0,                   0
         3,       209,      1.00,              0.0221,                   0,              0.0074
         3,       210,      1.00,              0.3235,                   0,                   0
         3,       213,      1.00,              0.0147,                   0,                   0
         3,       215,      1.00,                   0,                   0,              0.0074
         3,       217,      1.00,              0.0074,                   0,              0.1103
         3,       218,      1.00,              0.0294,                   0,              0.3308
         3,       219,      1.00,              0.0221,                   0,              0.3602
         3,       221,      1.00,                   0,                   0,              0.0074
         3,       222,      1.00,                   0,                   0,              0.0368
         3,       223,      1.00,                   0,                   0,              0.0074
         3,       224,      1.00,                   0,                   0,              0.1029
         3,       226,      1.00,                   0,                   0,              0.0074
         4,         1,      1.00,              5.3004,                   0,              0.9263
         4,         2,      1.00,             12.8209,                   0,              1.1983
         4,         3,      1.00,             46.5273,                   0,              1.0513
         4,         4,      1.00,            145.0073,                   0,              0.6102
         4,         5,      1.00,             12.2181,                   0,              0.7131
         4,         6,      1.00,             68.5081,                   0,              1.3674
         4,         7,      1.00,            127.0256,                   0,              1.6467
         4,         8,      1.00,             16.0629,                   0,              1.2424
         4,         9,      1.00,             22.5028,                   0,              0.6102
         4,        10,      1.00,              2.1907,                   0,              0.1470
         4,        11,      1.00,             35.5663,                   0,              0.7793
         4,        12,      1.00,             10.8875,                   0,              1.0660
         4,        13,      1.00,              3.2714,                   0,              1.0366
         4,        14,      1.00,              2.5215,                   0,              0.8307
         4,        15,      1.00,              3.7786,                   0,              0.5881
         4,        16,      1.00,              1.6688,                   0,              0.1691
         4,        17,      1.00,              7.8293,                   0,              0.4558
         4,        18,      1.00,              3.8154,                   0,              0.5440
         4,        19,      1.00,             12.0784,                   0,              0.2279
         4,        20,      1.00,              7.0500,                   0,              0.5587
         4,        21,      1.00,              0.5072,                   0,              0.0515
         4,        22,      1.00,              9.0570,                   0,              0.4043
         4,        23,      1.00,              0.4631,                   0,              0.0221
         4,        24,      1.00,              0.4337,                   0,              0.0441
         4,        25,      1.00,                   0,                   0,              0.0588
         4,        26,      1.00,              0.0074,                   0,              0.0147
         4,        27,      1.00,              0.2205,                   0,              0.0074
         4,        28,      1.00,              0.4852,                   0,              0.0074
         4,        29,      1.00,              0.4337,                   0,              0.0147
         4,        30,      1.00,              0.1103,                   0,              0.0147
         4,        31,      1.00,              0.2058,                   0,              0.0221
         4,        32,      1.00,              0.2058,                   0,              0.0074
         4,        35,      1.00,              0.5367,                   0,              0.0441
         4,        36,      1.00,              0.2205,                   0,              0.0221
         4,        37,      1.00,              0.1176,                   0,              0.0147
         4,        38,      1.00,              0.0147,                   0,              0.0074
         4,        39,      1.00,              0.0147,                   0,              0.0074
         4,        40,      1.00,              0.0221,                   0,              0.0074
         4,        41,      1.00,              0.0074,                   0,              0.0294
         4,        42,      1.00,              0.0662,                   0,                   0
         4,        44,      1.00,              0.0074,                   0,              0.0074
         4,        45,      1.00,              0.3161,                   0,              0.0147
         4,        46,      1.00,                   0,                   0,              0.0074
         4,        49,      1.00,              0.2205,                   0,              0.0074
         4,        52,      1.00,              0.0074,                   0,                   0
         4,        55,      1.00,              0.1470,                   0,              0.0074
         4,        56,      1.00,              0.3455,                   0,              0.0074
         4,        57,      1.00,              0.0147,                   0,                   0
         4,        58,      1.00,              0.1470,                   0,              0.0147
         4,        59,      1.00,              0.0441,                   0,                   0
         4,        61,      1.00,              0.3088,                   0,                   0
         4,        62,      1.00,              0.4117,                   0,                   0
         4,        63,      1.00,              0.0441,                   0,                   0
         4,        65,      1.00,              0.2058,                   0,                   0
         4,        66,      1.00,              0.2058,                   0,              0.0074
         4,        73,      1.00,              0.1029,                   0,                   0
         4,        76,      1.00,              0.2720,                   0,                   0
         4,        79,      1.00,              0.3088,                   0,                   0
         4,        80,      1.00,              0.0956,                   0,                   0
         4,        81,      1.00,              0.1250,                   0,                   0
         4,        84,      1.00,              0.2058,                   0,                   0
         4,        85,      1.00,              0.0882,                   0,                   0
         4,        86,      1.00,              0.3014,                   0,                   0
         4,        95,      1.00,              0.0882,                   0,                   0
         4,        99,      1.00,              0.1397,                   0,                   0
         4,       103,      1.00,              0.2058,                   0,                   0
         4,       109,      1.00,              0.2058,                   0,                   0
         4,       112,      1.00,              0.7719,                   0,              0.0221
         4,       114,      1.00,              0.2058,                   0,                   0
         4,       117,      1.00,              0.2058,                   0,                   0
         4,       119,      1.00,              0.0882,                   0,              0.0074
         4,       120,      1.00,              0.2720,                   0,                   0
         4,       122,      1.00,              0.1029,                   0,                   0
         4,       123,      1.00,              0.3088,                   0,                   0
         4,       124,      1.00,              0.0441,                   0,                   0
         4,       126,      1.00,              0.1691,                   0,              0.0074
         4,       127,      1.00,              0.2941,                   0,                   0
         4,       128,      1.00,              0.0441,                   0,                   0
         4,       130,      1.00,              0.0221,                   0,                   0
         4,       131,      1.00,              0.0441,                   0,                   0
         4,       132,      1.00,              0.0368,                   0,                   0
         4,       134,      1.00,              0.0294,                   0,                   0
         4,       140,      1.00,              0.0956,                   0,                   0
         4,       141,      1.00,              0.0368,                   0,                   0
         4,       142,      1.00,              0.4043,                   0,                   0
         4,       143,      1.00,              0.0441,                   0,                   0
         4,       144,      1.00,              0.0147,                   0,                   0
         4,       145,      1.00,              0.0221,                   0,                   0
         4,       146,      1.00,              0.0735,                   0,                   0
         4,       148,      1.00,              0.0735,                   0,                   0
         4,       149,      1.00,              0.0294,                   0,                   0
         4,       150,      1.00,              0.0441,                   0,              0.0074
         4,       151,      1.00,              0.1103,                   0,              0.0074
         4,       152,      1.00,              0.0221,                   0,                   0
         4,       154,      1.00,              0.0588,                   0,              0.0074
         4,       155,      1.00,              0.0221,                   0,              0.0074
         4,       156,      1.00,              0.0441,                   0,                   0
         4,       161,      1.00,                   0,                   0,              0.0074
         4,       164,      1.00,              0.1470,                   0,                   0
         4,       165,      1.00,              0.0588,                   0,              0.0074
         4,       166,      1.00,              0.0515,                   0,              0.0074
         4,       167,      1.00,              0.0368,                   0,                   0
         4,       168,      1.00,              0.0074,                   0,                   0
         4,       169,      1.00,              0.0074,                   0,                   0
         4,       170,      1.00,              0.0588,                   0,                   0
         4,       173,      1.00,              0.0074,                   0,                   0
         4,       174,      1.00,              0.0368,                   0,                   0
         4,       175,      1.00,              0.0074,                   0,                   0
         4,       176,      1.00,              0.0074,                   0,                   0
         4,       177,      1.00,              0.0221,                   0,                   0
         4,       178,      1.00,              0.0294,                   0,                   0
         4,       179,      1.00,              0.0368,                   0,                   0
         4,       180,      1.00,              0.0221,                   0,                   0
         4,       181,      1.00,              0.0074,                   0,                   0
         4,       182,      1.00,              0.0368,                   0,                   0
         4,       183,      1.00,              0.0147,                   0,                   0
         4,       184,      1.00,              0.0221,                   0,                   0
         4,       185,      1.00,              0.0441,                   0,                   0
         4,       209,      1.00,              0.4190,                   0,              0.0147
         4,       217,      1.00,              0.0074,                   0,              0.0662
         4,       218,      1.00,              0.0147,                   0,              0.1911
         4,       219,      1.00,              0.0074,                   0,              0.2058
         4,       221,      1.00,                   0,                   0,              0.0074
         4,       222,      1.00,                   0,                   0,              0.0221
         4,       224,      1.00,                   0,                   0,              0.0588
         4,       226,      1.00,                   0,                   0,              0.0074
         5,         1,      1.00,             46.8581,                   0,              2.5804
         5,         2,      1.00,            162.8125,                   0,              4.5652
         5,         3,      1.00,             48.1961,                   0,              1.7643
         5,         4,      1.00,             20.9663,                   0,              0.7131
         5,         5,      1.00,            268.0852,                   0,              3.7860
         5,         6,      1.00,            196.8570,                   0,              4.5579
         5,         7,      1.00,             63.6047,                   0,              2.2789
         5,         8,      1.00,              6.6678,                   0,              1.9996
         5,         9,      1.00,             14.9087,                   0,              0.8748
         5,        10,      1.00,             19.9518,                   0,              0.6102
         5,        11,      1.00,              6.3296,                   0,              0.5734
         5,        12,      1.00,              4.6608,                   0,              1.1174
         5,        13,      1.00,              2.4407,                   0,              1.8526
         5,        14,      1.00,              3.4772,                   0,              1.7276
         5,        15,      1.00,              5.4695,                   0,              3.1685
         5,        16,      1.00,             13.1076,                   0,              0.7572
         5,        17,      1.00,            148.0802,                   0,              4.7931
         5,        18,      1.00,             25.8330,                   0,              1.9702
         5,        19,      1.00,             26.6784,                   0,              1.3821
         5,        20,      1.00,            161.8715,                   0,              2.6171
         5,        21,      1.00,              2.1687,                   0,              1.1542
         5,        22,      1.00,             42.6310,                   0,              3.7345
         5,        23,      1.00,              0.6837,                   0,              0.0441
         5,        24,      1.00,              0.3161,                   0,              0.0515
         5,        25,      1.00,              0.0147,                   0,              0.1103
         5,        26,      1.00,              0.4337,                   0,              0.0294
         5,        27,      1.00,              0.2720,                   0,              0.0294
         5,        28,      1.00,              0.0368,                   0,              0.0294
         5,        29,      1.00,              0.6616,                   0,              0.0809
         5,        30,      1.00,              0.0221,                   0,              0.1029
         5,        31,      1.00,              0.6322,                   0,              0.0368
         5,        32,      1.00,              0.0294,                   0,              0.0147
         5,        33,      1.00,              0.0221,                   0,              0.0147
         5,        34,      1.00,              0.0074,                   0,                   0
         5,        35,      1.00,              0.6984,                   0,              0.0588
         5,        36,      1.00,              0.1911,                   0,              0.0368
         5,        37,      1.00,              0.3455,                   0,              0.0441
         5,        38,      1.00,              0.2720,                   0,              0.0294
         5,        39,      1.00,              0.1764,                   0,              0.0294
         5,        40,      1.00,              0.6690,                   0,              0.0221
         5,        41,      1.00,              0.2647,                   0,              0.0368
         5,        42,      1.00,              0.0074,                   0,                   0
         5,        43,      1.00,              0.0074,                   0,              0.0074
         5,        44,      1.00,              0.2279,                   0,              0.0147
         5,        45,      1.00,              0.2499,                   0,              0.0221
         5,        46,      1.00,              0.0147,                   0,              0.0147
         5,        47,      1.00,              0.0074,                   0,                   0
         5,        48,      1.00,              0.0074,                   0,                   0
         5,        49,      1.00,              0.2647,                   0,              0.0221
         5,        50,      1.00,              0.0221,                   0,              0.0074
         5,        51,      1.00,              0.0074,                   0,                   0
         5,        52,      1.00,              0.4631,                   0,              0.0221
         5,        54,      1.00,              0.0074,                   0,              0.0074
         5,        55,      1.00,              0.3382,                   0,              0.0221
         5,        56,      1.00,              0.3235,                   0,              0.0221
         5,        57,      1.00,              0.0147,                   0,                   0
         5,        58,      1.00,              0.2499,                   0,              0.0221
         5,        59,      1.00,              0.2132,                   0,              0.0074
         5,        60,      1.00,              0.2205,                   0,              0.0074
         5,        61,      1.00,              0.1103,                   0,              0.0147
         5,        62,      1.00,              0.2058,                   0,              0.0074
         5,        63,      1.00,                   0,                   0,              0.0074
         5,        64,      1.00,              0.0074,                   0,              0.0074
         5,        65,      1.00,              0.1103,                   0,              0.0074
         5,        66,      1.00,              0.0147,                   0,              0.0074
         5,        67,      1.00,              0.1838,                   0,              0.0074
         5,        68,      1.00,              0.0074,                   0,                   0
         5,        69,      1.00,              0.0074,                   0,              0.0074
         5,        70,      1.00,              0.1103,                   0,                   0
         5,        71,      1.00,                   0,                   0,              0.0074
         5,        73,      1.00,                   0,                   0,              0.0074
         5,        75,      1.00,              0.0074,                   0,              0.0074
         5,        76,      1.00,              0.1029,                   0,              0.0074
         5,        79,      1.00,              0.2058,                   0,              0.0074
         5,        80,      1.00,                   0,                   0,              0.0074
         5,        81,      1.00,              0.0147,                   0,              0.0074
         5,        82,      1.00,              0.0074,                   0,                   0
         5,        83,      1.00,              0.4264,                   0,              0.0147
         5,        84,      1.00,              0.0147,                   0,              0.0074
         5,        85,      1.00,              0.3235,                   0,              0.0147
         5,        86,      1.00,              0.0074,                   0,              0.0074
         5,        90,      1.00,              0.0662,                   0,              0.0074
         5,        91,      1.00,              0.0074,                   0,                   0
         5,        92,      1.00,              0.2205,                   0,              0.0074
         5,        95,      1.00,              0.1103,                   0,              0.0074
         5,       100,      1.00,                   0,                   0,              0.0074
         5,       101,      1.00,                   0,                   0,              0.0074
         5,       103,      1.00,                   0,                   0,              0.0074
         5,       107,      1.00,              0.0588,                   0,                   0
         5,       110,      1.00,              0.2058,                   0,                   0
         5,       112,      1.00,              0.1691,                   0,              0.0368
         5,       113,      1.00,                   0,                   0,              0.0147
         5,       117,      1.00,              0.2058,                   0,                   0
         5,       118,      1.00,              0.1176,                   0,                   0
         5,       119,      1.00,              0.2058,                   0,              0.0074
         5,       120,      1.00,                   0,                   0,              0.0074
         5,       121,      1.00,              0.0147,                   0,                   0
         5,       122,      1.00,              0.2058,                   0,                   0
         5,       123,      1.00,                   0,                   0,              0.0074
         5,       125,      1.00,              0.1029,                   0,                   0
         5,       126,      1.00,              0.1103,                   0,              0.0074
         5,       127,      1.00,              0.1617,                   0,              0.0074
         5,       128,      1.00,              0.0147,                   0,                   0
         5,       129,      1.00,              0.2058,                   0,                   0
         5,       132,      1.00,              0.0221,                   0,                   0
         5,       133,      1.00,              0.0147,                   0,                   0
         5,       140,      1.00,              0.0074,                   0,                   0
         5,       141,      1.00,                   0,                   0,              0.0074
         5,       142,      1.00,              0.1250,                   0,                   0
         5,       143,      1.00,              0.0588,                   0,                   0
         5,       145,      1.00,              0.0368,                   0,                   0
         5,       146,      1.00,              0.0441,                   0,              0.0074
         5,       148,      1.00,              0.0074,                   0,                   0
         5,       149,      1.00,              0.0221,                   0,                   0
         5,       150,      1.00,                   0,                   0,              0.0074
         5,       151,      1.00,                   0,                   0,              0.0074
         5,       152,      1.00,              0.0221,                   0,              0.0074
         5,       153,      1.00,              0.0221,                   0,                   0
         5,       154,      1.00,              0.0735,                   0,              0.0147
         5,       155,      1.00,              0.0221,                   0,              0.0074
         5,       161,      1.00,                   0,                   0,              0.0074
         5,       165,      1.00,              0.0441,                   0,              0.0074
         5,       166,      1.00,              0.0294,                   0,              0.0074
         5,       168,      1.00,              0.0368,                   0,                   0
         5,       169,      1.00,              0.0221,                   0,                   0
         5,       175,      1.00,              0.0147,                   0,                   0
         5,       179,      1.00,              0.0441,                   0,              0.0074
         5,       181,      1.00,              0.0221,                   0,                   0
         5,       182,      1.00,              0.0147,                   0,                   0
         5,       183,      1.00,              0.0074,                   0,                   0
         5,       184,      1.00,              0.0441,                   0,                   0
         5,       185,      1.00,              0.0221,                   0,                   0
         5,       209,      1.00,              0.0441,                   0,              0.0221
         5,       210,      1.00,              0.2132,                   0,              0.0074
         5,       215,      1.00,                   0,                   0,              0.0074
         5,       217,      1.00,              0.0368,                   0,              0.2794
         5,       218,      1.00,              0.1029,                   0,              0.8895
         5,       219,      1.00,              0.0956,                   0,              1.0954
         5,       220,      1.00,                   0,                   0,              0.0074
         5,       221,      1.00,              0.0074,                   0,              0.0221
         5,       222,      1.00,              0.0074,                   0,              0.1029
         5,       223,      1.00,              0.0074,                   0,              0.0147
         5,       224,      1.00,              0.0074,                   0,              0.3088
         5,       226,      1.00,                   0,                   0,              0.0074
         6,         1,      1.00,             29.7513,                   0,              2.9406
         6,         2,      1.00,             99.0240,                   0,              5.2636
         6,         3,      1.00,            119.3507,                   0,              2.3745
         6,         4,      1.00,             85.1297,                   0,              1.3674
         6,         5,      1.00,            157.5047,                   0,              4.5579
         6,         6,      1.00,           1069.9883,                   0,             10.7699
         6,         7,      1.00,            513.0133,                   0,              6.9324
         6,         8,      1.00,             32.0450,                   0,              3.8522
         6,         9,      1.00,            111.2274,                   0,              2.4260
         6,        10,      1.00,             14.3353,                   0,              0.6763
         6,        11,      1.00,             30.2218,                   0,              1.0145
         6,        12,      1.00,             17.4597,                   0,              1.8967
         6,        13,      1.00,              7.3147,                   0,              3.8375
         6,        14,      1.00,             10.4538,                   0,              3.3964
         6,        15,      1.00,             19.1358,                   0,              2.7641
         6,        16,      1.00,             11.5197,                   0,              0.9924
         6,        17,      1.00,            140.4788,                   0,              4.6241
         6,        18,      1.00,             24.0319,                   0,              1.9481
         6,        19,      1.00,            120.7696,                   0,              2.1319
         6,        20,      1.00,             85.0342,                   0,              3.0141
         6,        21,      1.00,              3.3523,                   0,              0.6469
         6,        22,      1.00,            130.8557,                   0,              4.3888
         6,        23,      1.00,              1.7790,                   0,              0.0882
         6,        24,      1.00,              0.9851,                   0,              0.0956
         6,        25,      1.00,              0.2794,                   0,              0.2352
         6,        26,      1.00,              0.8969,                   0,              0.0368
         6,        27,      1.00,              0.5808,                   0,              0.0515
         6,        28,      1.00,              1.7717,                   0,              0.0735
         6,        29,      1.00,              1.0513,                   0,              0.0515
         6,        30,      1.00,              0.2867,                   0,              0.0294
         6,        31,      1.00,              0.5146,                   0,              0.0588
         6,        32,      1.00,              0.5220,                   0,              0.0221
         6,        33,      1.00,              0.2058,                   0,              0.0221
         6,        34,      1.00,              0.2058,                   0,              0.0074
         6,        35,      1.00,              2.0437,                   0,              0.1029
         6,        36,      1.00,              1.4482,                   0,              0.0588
         6,        37,      1.00,              0.3088,                   0,              0.0735
         6,        38,      1.00,              0.4778,                   0,              0.0368
         6,        39,      1.00,              0.8675,                   0,              0.0368
         6,        40,      1.00,              0.6616,                   0,              0.0294
         6,        41,      1.00,              0.9998,                   0,              0.0588
         6,        42,      1.00,              0.2352,                   0,              0.0074
         6,        43,      1.00,              0.3455,                   0,              0.0074
         6,        44,      1.00,              0.0441,                   0,              0.0294
         6,        45,      1.00,              0.4337,                   0,              0.0294
         6,        46,      1.00,              0.3823,                   0,              0.0221
         6,        47,      1.00,              0.0662,                   0,                   0
         6,        49,      1.00,              0.7204,                   0,              0.0294
         6,        50,      1.00,              0.0074,                   0,              0.0074
         6,        51,      1.00,              0.0147,                   0,                   0
         6,        52,      1.00,              0.6175,                   0,              0.0294
         6,        54,      1.00,              0.2058,                   0,              0.0147
         6,        55,      1.00,              0.6543,                   0,              0.0294
         6,        56,      1.00,              0.6469,                   0,              0.0368
         6,        57,      1.00,              0.0221,                   0,                   0
         6,        58,      1.00,              0.0074,                   0,              0.0368
         6,        59,      1.00,              0.6837,                   0,              0.0147
         6,        60,      1.00,              0.3970,                   0,              0.0147
         6,        61,      1.00,              0.2794,                   0,              0.0147
         6,        62,      1.00,              0.4484,                   0,              0.0074
         6,        63,      1.00,              0.2058,                   0,              0.0074
         6,        64,      1.00,              0.2205,                   0,              0.0074
         6,        65,      1.00,              0.0882,                   0,              0.0147
         6,        66,      1.00,              0.1397,                   0,              0.0147
         6,        67,      1.00,              0.7204,                   0,              0.0147
         6,        68,      1.00,              0.3823,                   0,                   0
         6,        69,      1.00,              0.0735,                   0,              0.0074
         6,        70,      1.00,              0.4117,                   0,              0.0074
         6,        71,      1.00,              0.3088,                   0,              0.0074
         6,        72,      1.00,              0.2941,                   0,                   0
         6,        73,      1.00,              0.0441,                   0,              0.0074
         6,        75,      1.00,              0.4484,                   0,              0.0074
         6,        76,      1.00,              0.1250,                   0,              0.0074
         6,        77,      1.00,              0.2058,                   0,                   0
         6,        79,      1.00,              0.2205,                   0,              0.0074
         6,        80,      1.00,              0.4705,                   0,              0.0074
         6,        81,      1.00,              0.0515,                   0,              0.0074
         6,        82,      1.00,                   0,                   0,              0.0074
         6,        83,      1.00,              0.4999,                   0,              0.0147
         6,        84,      1.00,              0.3455,                   0,              0.0074
         6,        85,      1.00,              0.7866,                   0,              0.0147
         6,        86,      1.00,              0.2058,                   0,              0.0074
         6,        87,      1.00,              0.0147,                   0,                   0
         6,        88,      1.00,              0.1029,                   0,                   0
         6,        89,      1.00,              0.0294,                   0,                   0
         6,        90,      1.00,                   0,                   0,              0.0074
         6,        91,      1.00,              0.2058,                   0,                   0
         6,        92,      1.00,              0.4337,                   0,              0.0147
         6,        93,      1.00,                   0,                   0,              0.0074
         6,        94,      1.00,                   0,                   0,              0.0074
         6,        95,      1.00,              0.1764,                   0,              0.0074
         6,        96,      1.00,              0.0147,                   0,                   0
         6,        97,      1.00,              0.0221,                   0,                   0
         6,        98,      1.00,              0.0588,                   0,                   0
         6,        99,      1.00,              0.4117,                   0,                   0
         6,       100,      1.00,              0.2426,                   0,                   0
         6,       101,      1.00,              0.2132,                   0,                   0
         6,       102,      1.00,              0.0147,                   0,                   0
         6,       103,      1.00,              0.2720,                   0,                   0
         6,       104,      1.00,              0.1470,                   0,                   0
         6,       105,      1.00,              0.1617,                   0,                   0
         6,       106,      1.00,              0.0809,                   0,                   0
         6,       107,      1.00,              0.2720,                   0,                   0
         6,       110,      1.00,              0.2058,                   0,                   0
         6,       111,      1.00,              0.0368,                   0,                   0
         6,       112,      1.00,              0.6322,                   0,              0.0441
         6,       113,      1.00,              0.1985,                   0,              0.0074
         6,       114,      1.00,              0.2794,                   0,                   0
         6,       116,      1.00,                   0,                   0,              0.0074
         6,       117,      1.00,              0.6910,                   0,                   0
         6,       118,      1.00,              0.5661,                   0,              0.0074
         6,       119,      1.00,              0.1838,                   0,              0.0147
         6,       120,      1.00,              0.2352,                   0,              0.0074
         6,       121,      1.00,              0.0588,                   0,              0.0074
         6,       122,      1.00,              0.4117,                   0,                   0
         6,       123,      1.00,              0.3823,                   0,              0.0074
         6,       124,      1.00,              0.4117,                   0,                   0
         6,       125,      1.00,              0.0294,                   0,                   0
         6,       126,      1.00,              0.4411,                   0,              0.0147
         6,       127,      1.00,              0.5587,                   0,              0.0074
         6,       128,      1.00,              0.0588,                   0,              0.0074
         6,       129,      1.00,              0.2058,                   0,                   0
         6,       130,      1.00,              0.0662,                   0,                   0
         6,       131,      1.00,              0.0809,                   0,                   0
         6,       132,      1.00,              0.1397,                   0,                   0
         6,       135,      1.00,              0.0882,                   0,                   0
         6,       140,      1.00,              0.2720,                   0,                   0
         6,       141,      1.00,              0.1911,                   0,              0.0074
         6,       142,      1.00,              0.0294,                   0,                   0
         6,       143,      1.00,              0.1691,                   0,              0.0074
         6,       144,      1.00,              0.0221,                   0,                   0
         6,       145,      1.00,              0.0588,                   0,                   0
         6,       146,      1.00,              0.1764,                   0,              0.0074
         6,       147,      1.00,              0.0956,                   0,              0.0074
         6,       148,      1.00,              0.2647,                   0,              0.0074
         6,       149,      1.00,              0.1176,                   0,              0.0074
         6,       150,      1.00,              0.2058,                   0,              0.0074
         6,       151,      1.00,              0.2058,                   0,              0.0074
         6,       152,      1.00,              0.0515,                   0,              0.0074
         6,       153,      1.00,              0.1397,                   0,              0.0074
         6,       154,      1.00,              0.2720,                   0,              0.0147
         6,       155,      1.00,              0.1544,                   0,              0.0147
         6,       156,      1.00,              0.0882,                   0,                   0
         6,       157,      1.00,              0.0588,                   0,                   0
         6,       159,      1.00,              0.0368,                   0,                   0
         6,       160,      1.00,              0.0441,                   0,                   0
         6,       161,      1.00,              0.0588,                   0,              0.0221
         6,       162,      1.00,              0.2426,                   0,                   0
         6,       164,      1.00,              0.2132,                   0,                   0
         6,       165,      1.00,              0.1691,                   0,              0.0074
         6,       166,      1.00,              0.2279,                   0,              0.0074
         6,       167,      1.00,              0.1838,                   0,              0.0074
         6,       168,      1.00,              0.0882,                   0,                   0
         6,       169,      1.00,              0.0882,                   0,                   0
         6,       170,      1.00,              0.2352,                   0,                   0
         6,       172,      1.00,              0.0515,                   0,                   0
         6,       175,      1.00,              0.1323,                   0,                   0
         6,       177,      1.00,              0.1029,                   0,                   0
         6,       178,      1.00,              0.1470,                   0,              0.0074
         6,       179,      1.00,              0.2352,                   0,              0.0074
         6,       181,      1.00,              0.1103,                   0,                   0
         6,       182,      1.00,              0.3308,                   0,                   0
         6,       183,      1.00,              0.0294,                   0,                   0
         6,       184,      1.00,              0.0368,                   0,                   0
         6,       185,      1.00,              0.0588,                   0,                   0
         6,       186,      1.00,              0.0368,                   0,                   0
         6,       188,      1.00,              0.0368,                   0,                   0
         6,       192,      1.00,              0.0147,                   0,                   0
         6,       193,      1.00,              0.0147,                   0,                   0
         6,       195,      1.00,              0.0294,                   0,                   0
         6,       196,      1.00,              0.2058,                   0,                   0
         6,       198,      1.00,              0.2205,                   0,                   0
         6,       201,      1.00,              0.0221,                   0,                   0
         6,       208,      1.00,              0.1397,                   0,                   0
         6,       209,      1.00,              0.1838,                   0,              0.0368
         6,       210,      1.00,              0.1764,                   0,              0.0074
         6,       211,      1.00,              0.0368,                   0,                   0
         6,       213,      1.00,              0.0368,                   0,                   0
         6,       215,      1.00,                   0,                   0,              0.0074
         6,       217,      1.00,              0.0221,                   0,              0.3088
         6,       218,      1.00,              0.0735,                   0,              0.9483
         6,       219,      1.00,              0.0735,                   0,              1.2277
         6,       220,      1.00,                   0,                   0,              0.0074
         6,       221,      1.00,              0.0074,                   0,              0.0221
         6,       222,      1.00,              0.0074,                   0,              0.1103
         6,       223,      1.00,              0.0074,                   0,              0.0294
         6,       224,      1.00,              0.0074,                   0,              0.4631
         6,       226,      1.00,                   0,                   0,              0.0147
         7,         1,      1.00,             15.4307,                   0,              2.7347
         7,         2,      1.00,             40.3962,                   0,              2.7862
         7,         3,      1.00,             56.2312,                   0,              2.0731
         7,         4,      1.00,            133.3920,                   0,              1.6467
         7,         5,      1.00,             45.3952,                   0,              2.2789
         7,         6,      1.00,            503.2653,                   0,              6.9324
         7,         7,      1.00,           1011.5516,                   0,              7.9616
         7,         8,      1.00,             82.3509,                   0,              4.6755
         7,         9,      1.00,            291.5363,                   0,              3.5066
         7,        10,      1.00,              5.7562,                   0,              0.4558
         7,        11,      1.00,            120.8578,                   0,              1.4997
         7,        12,      1.00,             54.3639,                   0,              2.6245
         7,        13,      1.00,             14.3721,                   0,              4.3300
         7,        14,      1.00,             16.9304,                   0,              3.3008
         7,        15,      1.00,             34.9047,                   0,              2.1540
         7,        16,      1.00,              7.1236,                   0,              0.7278
         7,        17,      1.00,             57.3119,                   0,              2.8671
         7,        18,      1.00,             14.5485,                   0,              1.6467
         7,        19,      1.00,            131.4733,                   0,              1.6908
         7,        20,      1.00,             26.7740,                   0,              1.8599
         7,        21,      1.00,              1.3894,                   0,              0.2941
         7,        22,      1.00,             65.8616,                   0,              2.5068
         7,        23,      1.00,              2.4554,                   0,              0.1103
         7,        24,      1.00,              0.8454,                   0,              0.1470
         7,        25,      1.00,              0.2867,                   0,              0.2352
         7,        26,      1.00,              0.9116,                   0,              0.0441
         7,        27,      1.00,              1.0071,                   0,              0.0515
         7,        28,      1.00,              1.9775,                   0,              0.0735
         7,        29,      1.00,              0.8675,                   0,              0.0588
         7,        30,      1.00,              1.7938,                   0,              0.0515
         7,        31,      1.00,              0.8381,                   0,              0.0809
         7,        32,      1.00,              0.6175,                   0,              0.0294
         7,        33,      1.00,              0.5661,                   0,              0.0294
         7,        34,      1.00,                   0,                   0,              0.0074
         7,        35,      1.00,              2.3525,                   0,              0.1544
         7,        36,      1.00,              1.7717,                   0,              0.0882
         7,        37,      1.00,              0.2647,                   0,              0.1029
         7,        38,      1.00,              0.2352,                   0,              0.0515
         7,        39,      1.00,              0.9704,                   0,              0.0515
         7,        40,      1.00,              0.8013,                   0,              0.0441
         7,        41,      1.00,              1.2644,                   0,              0.0882
         7,        42,      1.00,              0.3823,                   0,              0.0074
         7,        43,      1.00,              0.1764,                   0,              0.0074
         7,        44,      1.00,              0.4411,                   0,              0.0441
         7,        45,      1.00,              1.0586,                   0,              0.0441
         7,        46,      1.00,              0.1911,                   0,              0.0221
         7,        47,      1.00,              0.1911,                   0,                   0
         7,        48,      1.00,              0.0294,                   0,                   0
         7,        49,      1.00,              0.4925,                   0,              0.0368
         7,        50,      1.00,              0.1911,                   0,              0.0074
         7,        51,      1.00,              0.0074,                   0,                   0
         7,        52,      1.00,              0.3161,                   0,              0.0368
         7,        54,      1.00,              0.2132,                   0,              0.0147
         7,        55,      1.00,              1.2277,                   0,              0.0368
         7,        56,      1.00,              0.5440,                   0,              0.0441
         7,        57,      1.00,              0.0221,                   0,                   0
         7,        58,      1.00,              0.1176,                   0,              0.0515
         7,        59,      1.00,              0.3161,                   0,              0.0221
         7,        60,      1.00,              0.8895,                   0,              0.0147
         7,        61,      1.00,              0.7719,                   0,              0.0221
         7,        62,      1.00,              0.1103,                   0,              0.0074
         7,        63,      1.00,              0.2499,                   0,              0.0147
         7,        64,      1.00,              0.0956,                   0,              0.0074
         7,        65,      1.00,              0.7425,                   0,              0.0221
         7,        66,      1.00,              0.1103,                   0,              0.0221
         7,        67,      1.00,              0.6175,                   0,              0.0147
         7,        68,      1.00,              0.4484,                   0,              0.0074
         7,        69,      1.00,              0.3529,                   0,              0.0147
         7,        70,      1.00,              0.1103,                   0,              0.0074
         7,        71,      1.00,              0.2132,                   0,              0.0074
         7,        72,      1.00,              0.3676,                   0,                   0
         7,        73,      1.00,              0.1764,                   0,              0.0074
         7,        75,      1.00,              0.8013,                   0,              0.0147
         7,        76,      1.00,              0.5661,                   0,              0.0074
         7,        77,      1.00,              0.4117,                   0,                   0
         7,        79,      1.00,              0.0882,                   0,              0.0147
         7,        80,      1.00,                   0,                   0,              0.0074
         7,        81,      1.00,              0.2205,                   0,              0.0074
         7,        82,      1.00,              0.0074,                   0,              0.0074
         7,        83,      1.00,              0.2573,                   0,              0.0221
         7,        84,      1.00,              0.4043,                   0,              0.0147
         7,        85,      1.00,              0.5220,                   0,              0.0294
         7,        86,      1.00,              0.0074,                   0,              0.0147
         7,        87,      1.00,              0.0882,                   0,                   0
         7,        89,      1.00,              0.1764,                   0,                   0
         7,        90,      1.00,                   0,                   0,              0.0074
         7,        91,      1.00,              0.1029,                   0,              0.0074
         7,        92,      1.00,              0.8013,                   0,              0.0221
         7,        93,      1.00,                   0,                   0,              0.0074
         7,        94,      1.00,                   0,                   0,              0.0074
         7,        95,      1.00,              0.6249,                   0,              0.0147
         7,        96,      1.00,              0.0882,                   0,                   0
         7,        97,      1.00,              0.1250,                   0,                   0
         7,        98,      1.00,              0.3308,                   0,                   0
         7,       100,      1.00,              0.1691,                   0,                   0
         7,       101,      1.00,              0.1544,                   0,              0.0074
         7,       102,      1.00,              0.0882,                   0,                   0
         7,       103,      1.00,              0.2426,                   0,              0.0074
         7,       104,      1.00,              0.4631,                   0,                   0
         7,       105,      1.00,              0.6028,                   0,                   0
         7,       106,      1.00,              0.3676,                   0,                   0
         7,       107,      1.00,              0.3455,                   0,                   0
         7,       111,      1.00,              0.1691,                   0,                   0
         7,       112,      1.00,              1.5659,                   0,              0.0662
         7,       113,      1.00,              0.3749,                   0,              0.0074
         7,       114,      1.00,              0.3382,                   0,                   0
         7,       116,      1.00,                   0,                   0,              0.0147
         7,       117,      1.00,              0.8528,                   0,                   0
         7,       118,      1.00,              0.1911,                   0,              0.0147
         7,       119,      1.00,              0.5072,                   0,              0.0221
         7,       120,      1.00,              0.3529,                   0,              0.0074
         7,       121,      1.00,              0.2794,                   0,              0.0074
         7,       123,      1.00,              0.5440,                   0,              0.0147
         7,       124,      1.00,                   0,                   0,              0.0074
         7,       125,      1.00,              0.3823,                   0,                   0
         7,       126,      1.00,              0.4411,                   0,              0.0294
         7,       127,      1.00,              0.7866,                   0,              0.0147
         7,       128,      1.00,              0.1544,                   0,              0.0074
         7,       130,      1.00,              0.1103,                   0,                   0
         7,       131,      1.00,              0.2279,                   0,                   0
         7,       132,      1.00,              0.0662,                   0,                   0
         7,       135,      1.00,              0.4264,                   0,                   0
         7,       136,      1.00,              0.4190,                   0,              0.0074
         7,       137,      1.00,              0.0882,                   0,                   0
         7,       140,      1.00,              0.2058,                   0,                   0
         7,       141,      1.00,              0.3970,                   0,              0.0074
         7,       142,      1.00,              0.1764,                   0,              0.0074
         7,       143,      1.00,              0.2499,                   0,              0.0074
         7,       144,      1.00,              0.0956,                   0,                   0
         7,       145,      1.00,              0.2205,                   0,              0.0074
         7,       146,      1.00,              0.3382,                   0,              0.0147
         7,       147,      1.00,              0.1250,                   0,              0.0074
         7,       148,      1.00,              0.2499,                   0,              0.0074
         7,       149,      1.00,              0.1911,                   0,              0.0074
         7,       150,      1.00,              0.2132,                   0,              0.0147
         7,       151,      1.00,              0.3529,                   0,              0.0147
         7,       152,      1.00,              0.1029,                   0,              0.0147
         7,       153,      1.00,              0.1323,                   0,              0.0074
         7,       154,      1.00,              0.4484,                   0,              0.0294
         7,       155,      1.00,              0.2941,                   0,              0.0221
         7,       156,      1.00,              0.0368,                   0,                   0
         7,       159,      1.00,              0.1029,                   0,                   0
         7,       160,      1.00,              0.1250,                   0,                   0
         7,       161,      1.00,              0.0662,                   0,              0.0294
         7,       162,      1.00,              0.1397,                   0,              0.0074
         7,       164,      1.00,              0.3382,                   0,                   0
         7,       165,      1.00,              0.2573,                   0,              0.0147
         7,       166,      1.00,              0.2867,                   0,              0.0147
         7,       167,      1.00,              0.1250,                   0,              0.0074
         7,       168,      1.00,              0.1323,                   0,                   0
         7,       169,      1.00,              0.0809,                   0,                   0
         7,       170,      1.00,              0.0882,                   0,                   0
         7,       172,      1.00,              0.3602,                   0,                   0
         7,       173,      1.00,              0.0074,                   0,                   0
         7,       175,      1.00,              0.1617,                   0,                   0
         7,       176,      1.00,              0.0147,                   0,                   0
         7,       177,      1.00,              0.1838,                   0,                   0
         7,       178,      1.00,              0.1691,                   0,              0.0074
         7,       179,      1.00,              0.2279,                   0,              0.0147
         7,       180,      1.00,              0.0294,                   0,                   0
         7,       181,      1.00,              0.0809,                   0,                   0
         7,       182,      1.00,              0.2426,                   0,              0.0074
         7,       183,      1.00,              0.0294,                   0,                   0
         7,       184,      1.00,              0.0662,                   0,                   0
         7,       185,      1.00,              0.0882,                   0,                   0
         7,       186,      1.00,              0.1029,                   0,                   0
         7,       188,      1.00,              0.1029,                   0,                   0
         7,       192,      1.00,              0.0882,                   0,                   0
         7,       193,      1.00,              0.0441,                   0,                   0
         7,       195,      1.00,              0.1764,                   0,                   0
         7,       198,      1.00,              0.0882,                   0,                   0
         7,       201,      1.00,              0.0662,                   0,                   0
         7,       208,      1.00,              0.2499,                   0,                   0
         7,       209,      1.00,              0.2499,                   0,              0.0515
         7,       210,      1.00,              0.6028,                   0,              0.0147
         7,       211,      1.00,              0.1029,                   0,                   0
         7,       213,      1.00,              0.1397,                   0,                   0
         7,       215,      1.00,                   0,                   0,              0.0074
         7,       217,      1.00,              0.0147,                   0,              0.2132
         7,       218,      1.00,              0.0441,                   0,              0.6616
         7,       219,      1.00,              0.0441,                   0,              0.8160
         7,       220,      1.00,                   0,                   0,              0.0074
         7,       221,      1.00,                   0,                   0,              0.0147
         7,       222,      1.00,                   0,                   0,              0.0809
         7,       223,      1.00,                   0,                   0,              0.0147
         7,       224,      1.00,                   0,                   0,              0.2647
         7,       226,      1.00,                   0,                   0,              0.0221
         8,         1,      1.00,              4.2344,                   0,              2.7788
         8,         2,      1.00,              6.6310,                   0,              2.6980
         8,         3,      1.00,              7.0721,                   0,              1.9849
         8,         4,      1.00,             17.4376,                   0,              1.2424
         8,         5,      1.00,              6.5869,                   0,              1.9996
         8,         6,      1.00,             39.7272,                   0,              3.8522
         8,         7,      1.00,            102.6335,                   0,              4.6755
         8,         8,      1.00,            625.4978,                   0,              6.7927
         8,         9,      1.00,            252.9412,                   0,              3.6316
         8,        10,      1.00,              1.2939,                   0,              0.6175
         8,        11,      1.00,             64.3472,                   0,              1.7643
         8,        12,      1.00,            170.3918,                   0,              3.5581
         8,        13,      1.00,            144.9999,                   0,              4.3741
         8,        14,      1.00,            181.7351,                   0,              3.0435
         8,        15,      1.00,            200.8195,                   0,              3.1611
         8,        16,      1.00,              2.1907,                   0,              0.5146
         8,        17,      1.00,             15.5630,                   0,              2.2789
         8,        18,      1.00,              5.5209,                   0,              2.0069
         8,        19,      1.00,             36.4558,                   0,              1.0880
         8,        20,      1.00,              3.4699,                   0,              1.7202
         8,        21,      1.00,              0.8969,                   0,              0.1470
         8,        22,      1.00,             13.4826,                   0,              0.7498
         8,        23,      1.00,             20.8193,                   0,              0.2867
         8,        24,      1.00,             10.2332,                   0,              0.4043
         8,        25,      1.00,              2.3378,                   0,              0.1691
         8,        26,      1.00,              6.5575,                   0,              0.1764
         8,        27,      1.00,              7.0941,                   0,              0.3529
         8,        28,      1.00,             10.9022,                   0,              0.4264
         8,        29,      1.00,              7.8955,                   0,              0.1764
         8,        30,      1.00,              5.8076,                   0,              0.1764
         8,        31,      1.00,              1.5144,                   0,              0.3235
         8,        32,      1.00,              2.3378,                   0,              0.1470
         8,        33,      1.00,              2.8671,                   0,              0.0882
         8,        34,      1.00,              0.7131,                   0,              0.0515
         8,        35,      1.00,             17.0112,                   0,              0.2573
         8,        36,      1.00,              9.4025,                   0,              0.2647
         8,        37,      1.00,              3.5287,                   0,              0.5146
         8,        38,      1.00,              3.7125,                   0,              0.2720
         8,        39,      1.00,              3.6022,                   0,              0.3161
         8,        40,      1.00,              2.1319,                   0,              0.1764
         8,        41,      1.00,              2.2422,                   0,              0.2058
         8,        42,      1.00,              0.2794,                   0,              0.0074
         8,        43,      1.00,              0.8013,                   0,              0.0074
         8,        44,      1.00,              0.9998,                   0,              0.0735
         8,        45,      1.00,              1.2497,                   0,              0.1029
         8,        46,      1.00,              0.7719,                   0,              0.0441
         8,        47,      1.00,              0.1691,                   0,              0.0074
         8,        48,      1.00,              0.0221,                   0,              0.0074
         8,        49,      1.00,              0.3823,                   0,              0.1029
         8,        50,      1.00,              0.1397,                   0,              0.0221
         8,        51,      1.00,              0.0368,                   0,                   0
         8,        52,      1.00,              1.8893,                   0,              0.1176
         8,        53,      1.00,              0.2132,                   0,                   0
         8,        54,      1.00,              0.8601,                   0,              0.0441
         8,        55,      1.00,              1.0880,                   0,              0.0662
         8,        56,      1.00,              2.4260,                   0,              0.2279
         8,        57,      1.00,              0.0956,                   0,              0.0074
         8,        58,      1.00,              1.9775,                   0,              0.1029
         8,        59,      1.00,              1.1321,                   0,              0.0735
         8,        60,      1.00,              0.5072,                   0,              0.0588
         8,        61,      1.00,              0.5955,                   0,              0.0735
         8,        62,      1.00,              1.1174,                   0,              0.0147
         8,        63,      1.00,              0.8234,                   0,              0.0368
         8,        64,      1.00,              0.2279,                   0,              0.0147
         8,        65,      1.00,              1.2203,                   0,              0.0441
         8,        66,      1.00,              1.5291,                   0,              0.0294
         8,        67,      1.00,              0.8969,                   0,              0.0221
         8,        68,      1.00,              0.3308,                   0,              0.0074
         8,        69,      1.00,              0.7204,                   0,              0.0294
         8,        70,      1.00,              0.6249,                   0,              0.0074
         8,        71,      1.00,              0.5587,                   0,              0.0074
         8,        72,      1.00,              0.4190,                   0,                   0
         8,        73,      1.00,              0.0221,                   0,              0.0074
         8,        74,      1.00,              0.2867,                   0,                   0
         8,        75,      1.00,              0.9263,                   0,              0.0221
         8,        76,      1.00,              0.7793,                   0,              0.0074
         8,        77,      1.00,              0.5955,                   0,              0.0074
         8,        79,      1.00,              0.1764,                   0,              0.0147
         8,        80,      1.00,              0.6175,                   0,              0.0147
         8,        81,      1.00,              0.5293,                   0,              0.0074
         8,        82,      1.00,              0.2058,                   0,              0.0074
         8,        83,      1.00,              0.2720,                   0,              0.0294
         8,        84,      1.00,              0.4264,                   0,              0.0221
         8,        85,      1.00,              0.9630,                   0,              0.0368
         8,        86,      1.00,              0.6543,                   0,              0.0147
         8,        87,      1.00,              0.0074,                   0,                   0
         8,        88,      1.00,              0.2058,                   0,                   0
         8,        89,      1.00,              0.1838,                   0,                   0
         8,        90,      1.00,              0.2794,                   0,              0.0147
         8,        91,      1.00,              0.1176,                   0,              0.0074
         8,        92,      1.00,              1.8232,                   0,              0.0294
         8,        93,      1.00,              0.0147,                   0,              0.0074
         8,        94,      1.00,              0.1985,                   0,              0.0074
         8,        95,      1.00,              1.0292,                   0,              0.0221
         8,        97,      1.00,              0.0074,                   0,              0.0074
         8,        98,      1.00,              0.4117,                   0,                   0
         8,        99,      1.00,              0.4411,                   0,                   0
         8,       100,      1.00,              0.5734,                   0,              0.0074
         8,       101,      1.00,              0.6837,                   0,              0.0074
         8,       102,      1.00,              0.0662,                   0,                   0
         8,       103,      1.00,              1.2792,                   0,              0.0074
         8,       104,      1.00,              0.7793,                   0,              0.0074
         8,       105,      1.00,              0.0074,                   0,              0.0074
         8,       106,      1.00,              0.1911,                   0,              0.0074
         8,       107,      1.00,              0.6028,                   0,              0.0074
         8,       109,      1.00,              0.1617,                   0,              0.0074
         8,       112,      1.00,              6.6898,                   0,              0.1838
         8,       113,      1.00,              0.8895,                   0,              0.0221
         8,       114,      1.00,              0.8822,                   0,                   0
         8,       116,      1.00,              0.1838,                   0,              0.0294
         8,       117,      1.00,              0.9410,                   0,              0.0074
         8,       118,      1.00,              1.5217,                   0,              0.0294
         8,       119,      1.00,              0.4117,                   0,              0.0515
         8,       120,      1.00,              0.7057,                   0,              0.0147
         8,       121,      1.00,              0.6763,                   0,              0.0221
         8,       122,      1.00,              0.1985,                   0,              0.0074
         8,       123,      1.00,              0.4558,                   0,              0.0368
         8,       124,      1.00,              0.0809,                   0,              0.0074
         8,       125,      1.00,              0.3749,                   0,              0.0074
         8,       126,      1.00,              0.9189,                   0,              0.0515
         8,       127,      1.00,              1.2130,                   0,              0.0294
         8,       128,      1.00,              0.2499,                   0,              0.0147
         8,       129,      1.00,              0.1176,                   0,              0.0074
         8,       130,      1.00,              0.1544,                   0,                   0
         8,       131,      1.00,              0.0074,                   0,                   0
         8,       132,      1.00,              0.1838,                   0,                   0
         8,       133,      1.00,              0.0441,                   0,                   0
         8,       134,      1.00,              0.1103,                   0,                   0
         8,       135,      1.00,              0.0882,                   0,              0.0074
         8,       136,      1.00,              0.2279,                   0,              0.0147
         8,       137,      1.00,              0.0515,                   0,              0.0074
         8,       138,      1.00,                   0,                   0,              0.0074
         8,       139,      1.00,              0.0294,                   0,                   0
         8,       140,      1.00,              0.5587,                   0,              0.0074
         8,       141,      1.00,              0.3896,                   0,              0.0147
         8,       142,      1.00,              0.1470,                   0,              0.0147
         8,       143,      1.00,              0.3896,                   0,              0.0147
         8,       144,      1.00,              0.0956,                   0,                   0
         8,       145,      1.00,              0.1985,                   0,              0.0074
         8,       146,      1.00,              0.5367,                   0,              0.0221
         8,       147,      1.00,              0.1176,                   0,              0.0074
         8,       148,      1.00,              0.5146,                   0,              0.0147
         8,       149,      1.00,              0.1470,                   0,              0.0147
         8,       150,      1.00,              0.1985,                   0,              0.0294
         8,       151,      1.00,              0.2058,                   0,              0.0294
         8,       152,      1.00,              0.1103,                   0,              0.0221
         8,       153,      1.00,              0.1323,                   0,              0.0147
         8,       154,      1.00,              0.5881,                   0,              0.0441
         8,       155,      1.00,              0.2867,                   0,              0.0294
         8,       156,      1.00,              0.0882,                   0,                   0
         8,       160,      1.00,              0.0956,                   0,              0.0074
         8,       161,      1.00,              0.1470,                   0,              0.0515
         8,       162,      1.00,              0.4117,                   0,              0.0221
         8,       164,      1.00,              0.2867,                   0,              0.0221
         8,       165,      1.00,              0.2867,                   0,              0.0294
         8,       166,      1.00,              0.2941,                   0,              0.0294
         8,       167,      1.00,              0.0882,                   0,              0.0147
         8,       168,      1.00,              0.1764,                   0,              0.0074
         8,       169,      1.00,              0.1838,                   0,              0.0074
         8,       170,      1.00,              0.2720,                   0,              0.0074
         8,       172,      1.00,              0.4558,                   0,                   0
         8,       173,      1.00,              0.0074,                   0,                   0
         8,       174,      1.00,              0.2941,                   0,                   0
         8,       175,      1.00,              0.2279,                   0,              0.0074
         8,       176,      1.00,              0.0074,                   0,                   0
         8,       177,      1.00,              0.2058,                   0,              0.0074
         8,       178,      1.00,              0.2352,                   0,              0.0147
         8,       179,      1.00,              0.3161,                   0,              0.0147
         8,       180,      1.00,              0.0441,                   0,                   0
         8,       181,      1.00,              0.1103,                   0,              0.0074
         8,       182,      1.00,              0.2867,                   0,              0.0074
         8,       183,      1.00,              0.0809,                   0,                   0
         8,       184,      1.00,              0.1544,                   0,                   0
         8,       185,      1.00,              0.2499,                   0,                   0
         8,       186,      1.00,              0.0221,                   0,                   0
         8,       187,      1.00,              0.5514,                   0,                   0
         8,       188,      1.00,              0.4705,                   0,                   0
         8,       193,      1.00,              0.0956,                   0,                   0
         8,       195,      1.00,              0.2499,                   0,                   0
         8,       197,      1.00,              0.2058,                   0,                   0
         8,       199,      1.00,              0.0221,                   0,                   0
         8,       201,      1.00,              0.1764,                   0,                   0
         8,       202,      1.00,              0.0735,                   0,                   0
         8,       203,      1.00,              0.0147,                   0,                   0
         8,       208,      1.00,              0.0956,                   0,              0.0074
         8,       209,      1.00,              0.3896,                   0,              0.0809
         8,       210,      1.00,              1.3894,                   0,              0.0221
         8,       212,      1.00,              0.1029,                   0,              0.0074
         8,       213,      1.00,                   0,                   0,              0.0074
         8,       217,      1.00,              0.0074,                   0,              0.0956
         8,       218,      1.00,              0.0147,                   0,              0.3088
         8,       219,      1.00,              0.0147,                   0,              0.3749
         8,       221,      1.00,                   0,                   0,              0.0074
         8,       222,      1.00,                   0,                   0,              0.0368
         8,       223,      1.00,                   0,                   0,              0.0074
         8,       224,      1.00,                   0,                   0,              0.1103
         8,       226,      1.00,                   0,                   0,              0.0368
         9,         1,      1.00,              3.5802,                   0,              1.1395
         9,         2,      1.00,              7.7484,                   0,              0.9851
         9,         3,      1.00,              8.4395,                   0,              0.9924
         9,         4,      1.00,             23.3776,                   0,              0.6102
         9,         5,      1.00,              9.4613,                   0,              0.8748
         9,         6,      1.00,             95.1645,                   0,              2.4260
         9,         7,      1.00,            261.4321,                   0,              3.5066
         9,         8,      1.00,            216.8309,                   0,              3.6316
         9,         9,      1.00,            393.3538,                   0,              3.0950
         9,        10,      1.00,              0.7131,                   0,              0.1764
         9,        11,      1.00,             64.8765,                   0,              0.9998
         9,        12,      1.00,             98.1271,                   0,              2.1613
         9,        13,      1.00,             26.4064,                   0,              3.2346
         9,        14,      1.00,             32.2949,                   0,              1.8232
         9,        15,      1.00,             52.6731,                   0,              1.8379
         9,        16,      1.00,              3.3008,                   0,              0.3529
         9,        17,      1.00,             19.2681,                   0,              1.6541
         9,        18,      1.00,              6.2340,                   0,              0.6837
         9,        19,      1.00,             60.3039,                   0,              0.8895
         9,        20,      1.00,              7.3147,                   0,              0.8969
         9,        21,      1.00,              0.8234,                   0,              0.0956
         9,        22,      1.00,             18.3051,                   0,              0.6910
         9,        23,      1.00,              3.3155,                   0,              0.0882
         9,        24,      1.00,              2.4113,                   0,              0.1323
         9,        25,      1.00,              0.7572,                   0,              0.1544
         9,        26,      1.00,              1.2497,                   0,              0.0662
         9,        27,      1.00,              2.2642,                   0,              0.0735
         9,        28,      1.00,              1.8599,                   0,              0.0441
         9,        29,      1.00,              1.2939,                   0,              0.0368
         9,        30,      1.00,              0.9704,                   0,              0.0368
         9,        31,      1.00,              0.6690,                   0,              0.1029
         9,        32,      1.00,              0.8087,                   0,              0.0147
         9,        33,      1.00,              0.3529,                   0,              0.0221
         9,        34,      1.00,              0.2058,                   0,              0.0221
         9,        35,      1.00,              3.5066,                   0,              0.1103
         9,        36,      1.00,              2.1099,                   0,              0.0809
         9,        37,      1.00,              0.9777,                   0,              0.1029
         9,        38,      1.00,              1.1542,                   0,              0.0588
         9,        39,      1.00,              0.4337,                   0,              0.0735
         9,        40,      1.00,              0.4705,                   0,              0.0515
         9,        41,      1.00,              0.7351,                   0,              0.0735
         9,        42,      1.00,                   0,                   0,              0.0074
         9,        43,      1.00,              0.2132,                   0,              0.0074
         9,        44,      1.00,              0.3455,                   0,              0.0441
         9,        45,      1.00,              0.6984,                   0,              0.0368
         9,        46,      1.00,              0.3970,                   0,              0.0221
         9,        47,      1.00,              0.0882,                   0,                   0
         9,        49,      1.00,              0.6690,                   0,              0.0294
         9,        50,      1.00,              0.0147,                   0,              0.0074
         9,        52,      1.00,              0.2279,                   0,              0.0294
         9,        54,      1.00,              0.3308,                   0,              0.0221
         9,        55,      1.00,              0.2720,                   0,              0.0368
         9,        56,      1.00,              0.9336,                   0,              0.0368
         9,        57,      1.00,              0.0368,                   0,                   0
         9,        58,      1.00,              0.6322,                   0,              0.0441
         9,        59,      1.00,              0.8234,                   0,              0.0147
         9,        60,      1.00,              0.4264,                   0,              0.0147
         9,        61,      1.00,              0.4925,                   0,              0.0147
         9,        62,      1.00,              0.5587,                   0,              0.0074
         9,        63,      1.00,              0.6837,                   0,              0.0074
         9,        64,      1.00,              0.4190,                   0,              0.0074
         9,        65,      1.00,              0.6322,                   0,              0.0221
         9,        66,      1.00,              0.6028,                   0,              0.0147
         9,        67,      1.00,              0.2794,                   0,              0.0147
         9,        68,      1.00,              0.1176,                   0,              0.0074
         9,        69,      1.00,              0.2132,                   0,              0.0147
         9,        70,      1.00,              0.3308,                   0,              0.0074
         9,        71,      1.00,              0.1250,                   0,              0.0074
         9,        72,      1.00,              0.0662,                   0,                   0
         9,        73,      1.00,              0.2132,                   0,              0.0074
         9,        74,      1.00,              0.1397,                   0,                   0
         9,        75,      1.00,              0.0147,                   0,              0.0074
         9,        76,      1.00,              0.1397,                   0,              0.0074
         9,        77,      1.00,              0.2058,                   0,                   0
         9,        79,      1.00,              0.2720,                   0,              0.0074
         9,        80,      1.00,              0.3896,                   0,              0.0074
         9,        81,      1.00,              0.0662,                   0,                   0
         9,        82,      1.00,              0.0074,                   0,              0.0074
         9,        83,      1.00,              0.2867,                   0,              0.0147
         9,        84,      1.00,              0.1911,                   0,              0.0074
         9,        85,      1.00,              0.3382,                   0,              0.0221
         9,        86,      1.00,              0.4190,                   0,              0.0074
         9,        90,      1.00,              0.2058,                   0,              0.0074
         9,        91,      1.00,              0.2058,                   0,                   0
         9,        92,      1.00,              0.4190,                   0,              0.0147
         9,        94,      1.00,              0.0074,                   0,              0.0074
         9,        95,      1.00,              0.4117,                   0,              0.0147
         9,        96,      1.00,              0.2058,                   0,                   0
         9,        97,      1.00,              0.1103,                   0,                   0
         9,        98,      1.00,              0.1323,                   0,                   0
         9,        99,      1.00,              0.3235,                   0,                   0
         9,       101,      1.00,              0.7351,                   0,                   0
         9,       103,      1.00,              1.0954,                   0,              0.0074
         9,       104,      1.00,              0.1176,                   0,                   0
         9,       105,      1.00,              0.1617,                   0,                   0
         9,       106,      1.00,              0.1691,                   0,                   0
         9,       107,      1.00,              0.5293,                   0,              0.0074
         9,       109,      1.00,              0.0662,                   0,                   0
         9,       112,      1.00,              1.2424,                   0,              0.0515
         9,       113,      1.00,              0.1176,                   0,              0.0074
         9,       114,      1.00,              0.0588,                   0,                   0
         9,       116,      1.00,                   0,                   0,              0.0147
         9,       117,      1.00,              0.3529,                   0,                   0
         9,       118,      1.00,              0.6763,                   0,              0.0147
         9,       119,      1.00,              0.6249,                   0,              0.0221
         9,       120,      1.00,              0.2279,                   0,              0.0074
         9,       121,      1.00,              0.1985,                   0,              0.0074
         9,       122,      1.00,              0.1176,                   0,              0.0074
         9,       123,      1.00,              0.1617,                   0,              0.0147
         9,       124,      1.00,              0.3014,                   0,              0.0074
         9,       125,      1.00,              0.2058,                   0,                   0
         9,       126,      1.00,              0.4043,                   0,              0.0221
         9,       127,      1.00,              0.7866,                   0,              0.0147
         9,       128,      1.00,              0.1103,                   0,              0.0074
         9,       129,      1.00,              0.3161,                   0,                   0
         9,       130,      1.00,              0.1617,                   0,                   0
         9,       132,      1.00,              0.2058,                   0,                   0
         9,       135,      1.00,              0.1176,                   0,                   0
         9,       136,      1.00,                   0,                   0,              0.0074
         9,       140,      1.00,              0.3676,                   0,                   0
         9,       141,      1.00,              0.3823,                   0,              0.0074
         9,       142,      1.00,              0.1176,                   0,              0.0074
         9,       143,      1.00,              0.2794,                   0,              0.0074
         9,       144,      1.00,              0.0588,                   0,                   0
         9,       145,      1.00,              0.1838,                   0,                   0
         9,       146,      1.00,              0.3308,                   0,              0.0147
         9,       147,      1.00,              0.1838,                   0,              0.0074
         9,       148,      1.00,              0.2941,                   0,              0.0074
         9,       149,      1.00,              0.1176,                   0,              0.0074
         9,       150,      1.00,              0.1103,                   0,              0.0147
         9,       151,      1.00,              0.1103,                   0,              0.0147
         9,       152,      1.00,              0.0662,                   0,              0.0074
         9,       153,      1.00,              0.0956,                   0,              0.0074
         9,       154,      1.00,              0.7425,                   0,              0.0294
         9,       155,      1.00,              0.2794,                   0,              0.0147
         9,       156,      1.00,              0.0588,                   0,                   0
         9,       159,      1.00,              0.0662,                   0,                   0
         9,       160,      1.00,              0.1470,                   0,                   0
         9,       161,      1.00,              0.1029,                   0,              0.0294
         9,       162,      1.00,              0.0294,                   0,              0.0074
         9,       164,      1.00,              0.2279,                   0,                   0
         9,       165,      1.00,              0.1911,                   0,              0.0147
         9,       166,      1.00,              0.2573,                   0,              0.0147
         9,       167,      1.00,              0.1617,                   0,              0.0074
         9,       168,      1.00,              0.1617,                   0,                   0
         9,       169,      1.00,              0.0368,                   0,                   0
         9,       170,      1.00,              0.0515,                   0,                   0
         9,       172,      1.00,              0.1176,                   0,                   0
         9,       173,      1.00,              0.0074,                   0,                   0
         9,       175,      1.00,              0.0809,                   0,                   0
         9,       176,      1.00,              0.0074,                   0,                   0
         9,       177,      1.00,              0.0882,                   0,                   0
         9,       178,      1.00,              0.2426,                   0,              0.0074
         9,       179,      1.00,              0.3749,                   0,              0.0074
         9,       180,      1.00,              0.0294,                   0,                   0
         9,       181,      1.00,              0.1544,                   0,                   0
         9,       182,      1.00,              0.1470,                   0,              0.0074
         9,       183,      1.00,              0.1323,                   0,                   0
         9,       184,      1.00,              0.1617,                   0,                   0
         9,       185,      1.00,              0.1985,                   0,                   0
         9,       186,      1.00,              0.0662,                   0,                   0
         9,       188,      1.00,              0.2720,                   0,                   0
         9,       193,      1.00,              0.0221,                   0,                   0
         9,       195,      1.00,              0.4264,                   0,                   0
         9,       198,      1.00,              0.1029,                   0,                   0
         9,       201,      1.00,              0.0368,                   0,                   0
         9,       208,      1.00,              0.0368,                   0,                   0
         9,       209,      1.00,              0.6543,                   0,              0.0441
         9,       210,      1.00,              0.3088,                   0,              0.0147
         9,       211,      1.00,              0.0662,                   0,                   0
         9,       213,      1.00,              0.0294,                   0,              0.0074
         9,       217,      1.00,              0.0074,                   0,              0.0956
         9,       218,      1.00,              0.0147,                   0,              0.3014
         9,       219,      1.00,              0.0147,                   0,              0.3823
         9,       221,      1.00,                   0,                   0,              0.0074
         9,       222,      1.00,                   0,                   0,              0.0368
         9,       223,      1.00,                   0,                   0,              0.0074
         9,       224,      1.00,                   0,                   0,              0.1176
         9,       226,      1.00,                   0,                   0,              0.0221
        10,         1,      1.00,            119.0567,                   0,              2.2863
        10,         2,      1.00,             27.2371,                   0,              1.4776
        10,         3,      1.00,              3.6096,                   0,              0.4778
        10,         4,      1.00,              2.3745,                   0,              0.1470
        10,         5,      1.00,             13.3502,                   0,              0.6102
        10,         6,      1.00,             14.7323,                   0,              0.6763
        10,         7,      1.00,              6.4546,                   0,              0.4558
        10,         8,      1.00,              1.1101,                   0,              0.6175
        10,         9,      1.00,              1.3894,                   0,              0.1764
        10,        10,      1.00,            113.8004,                   0,              0.6396
        10,        11,      1.00,              0.2279,                   0,              0.1250
        10,        12,      1.00,              0.5661,                   0,              0.3014
        10,        13,      1.00,              0.5220,                   0,              0.7425
        10,        14,      1.00,              0.9336,                   0,              0.7278
        10,        15,      1.00,              0.3970,                   0,              0.3823
        10,        16,      1.00,             42.6457,                   0,              0.7057
        10,        17,      1.00,             42.5869,                   0,              1.0880
        10,        18,      1.00,            102.6482,                   0,              2.1687
        10,        19,      1.00,              3.2052,                   0,              0.2867
        10,        20,      1.00,             43.0427,                   0,              0.7719
        10,        21,      1.00,              0.2573,                   0,              0.0515
        10,        22,      1.00,              4.9255,                   0,              0.4337
        10,        23,      1.00,              0.0515,                   0,              0.0074
        10,        24,      1.00,              0.1029,                   0,              0.0074
        10,        25,      1.00,                   0,                   0,              0.0441
        10,        26,      1.00,              0.3088,                   0,                   0
        10,        27,      1.00,              0.4117,                   0,                   0
        10,        29,      1.00,              0.2058,                   0,                   0
        10,        30,      1.00,              0.3308,                   0,              0.0074
        10,        31,      1.00,                   0,                   0,              0.0074
        10,        33,      1.00,              0.2058,                   0,                   0
        10,        35,      1.00,              0.2058,                   0,              0.0074
        10,        36,      1.00,              0.2058,                   0,                   0
        10,        37,      1.00,                   0,                   0,              0.0074
        10,        38,      1.00,              0.2058,                   0,                   0
        10,        40,      1.00,              0.0515,                   0,                   0
        10,        41,      1.00,                   0,                   0,              0.0074
        10,        49,      1.00,              0.4117,                   0,                   0
        10,        72,      1.00,              0.0588,                   0,                   0
        10,        79,      1.00,              0.2205,                   0,                   0
        10,        80,      1.00,              0.1029,                   0,                   0
        10,        90,      1.00,              0.2058,                   0,                   0
        10,       111,      1.00,              0.1029,                   0,                   0
        10,       112,      1.00,                   0,                   0,              0.0074
        10,       120,      1.00,              0.1470,                   0,                   0
        10,       121,      1.00,              0.0588,                   0,                   0
        10,       123,      1.00,              0.2058,                   0,                   0
        10,       125,      1.00,              0.0588,                   0,                   0
        10,       126,      1.00,              0.0662,                   0,                   0
        10,       127,      1.00,              0.0515,                   0,                   0
        10,       128,      1.00,              0.0147,                   0,                   0
        10,       130,      1.00,              0.0074,                   0,                   0
        10,       132,      1.00,              0.0221,                   0,                   0
        10,       134,      1.00,              0.1029,                   0,                   0
        10,       138,      1.00,              0.1029,                   0,                   0
        10,       140,      1.00,              0.0441,                   0,                   0
        10,       141,      1.00,              0.0221,                   0,                   0
        10,       143,      1.00,              0.0074,                   0,                   0
        10,       145,      1.00,              0.0147,                   0,                   0
        10,       146,      1.00,              0.0221,                   0,                   0
        10,       148,      1.00,              0.0368,                   0,                   0
        10,       150,      1.00,              0.0956,                   0,                   0
        10,       154,      1.00,              0.0221,                   0,                   0
        10,       155,      1.00,              0.0368,                   0,                   0
        10,       165,      1.00,              0.0294,                   0,                   0
        10,       166,      1.00,              0.0147,                   0,                   0
        10,       180,      1.00,              0.0221,                   0,                   0
        10,       181,      1.00,              0.0221,                   0,                   0
        10,       182,      1.00,              0.0221,                   0,                   0
        10,       195,      1.00,              0.2058,                   0,                   0
        10,       215,      1.00,                   0,                   0,              0.0074
        10,       217,      1.00,              0.0368,                   0,              0.2352
        10,       218,      1.00,              0.1029,                   0,              0.6837
        10,       219,      1.00,              0.0809,                   0,              0.7498
        10,       220,      1.00,                   0,                   0,              0.0074
        10,       221,      1.00,              0.0074,                   0,              0.0147
        10,       222,      1.00,              0.0074,                   0,              0.0735
        10,       224,      1.00,                   0,                   0,              0.0588
        11,         1,      1.00,              1.1909,                   0,              0.7793
        11,         2,      1.00,              4.1977,                   0,              0.7793
        11,         3,      1.00,              7.3367,                   0,              0.8234
        11,         4,      1.00,             35.9339,                   0,              0.7793
        11,         5,      1.00,              3.6243,                   0,              0.5734
        11,         6,      1.00,             25.7007,                   0,              1.0145
        11,         7,      1.00,            102.8688,                   0,              1.4997
        11,         8,      1.00,             62.5902,                   0,              1.7643
        11,         9,      1.00,             65.7293,                   0,              0.9998
        11,        10,      1.00,              0.3896,                   0,              0.1250
        11,        11,      1.00,            125.1069,                   0,              0.6763
        11,        12,      1.00,             72.9558,                   0,              1.1321
        11,        13,      1.00,             15.0043,                   0,              1.4923
        11,        14,      1.00,             11.4315,                   0,              1.1909
        11,        15,      1.00,             15.6071,                   0,              0.8087
        11,        16,      1.00,              0.8601,                   0,              0.1544
        11,        17,      1.00,              5.0431,                   0,              0.3749
        11,        18,      1.00,              2.4921,                   0,              0.4558
        11,        19,      1.00,              9.3657,                   0,              0.2132
        11,        20,      1.00,              1.4262,                   0,              0.5514
        11,        21,      1.00,              0.3455,                   0,              0.0294
        11,        22,      1.00,              2.9700,                   0,              0.1617
        11,        23,      1.00,              2.9920,                   0,              0.0588
        11,        24,      1.00,              0.8969,                   0,              0.0662
        11,        25,      1.00,              0.3676,                   0,              0.0809
        11,        26,      1.00,              0.4631,                   0,              0.0221
        11,        27,      1.00,              0.3382,                   0,              0.0294
        11,        28,      1.00,              0.8454,                   0,              0.0368
        11,        29,      1.00,              0.4852,                   0,              0.0294
        11,        30,      1.00,              0.2941,                   0,              0.0294
        11,        31,      1.00,              0.1029,                   0,              0.0441
        11,        32,      1.00,              0.1397,                   0,              0.0147
        11,        33,      1.00,              0.3455,                   0,              0.0147
        11,        34,      1.00,              0.0221,                   0,              0.0074
        11,        35,      1.00,              2.0511,                   0,              0.0662
        11,        36,      1.00,              0.8234,                   0,              0.0515
        11,        37,      1.00,              0.1764,                   0,              0.0515
        11,        38,      1.00,              0.4411,                   0,              0.0294
        11,        39,      1.00,              0.5293,                   0,              0.0221
        11,        40,      1.00,              0.1544,                   0,              0.0221
        11,        41,      1.00,              0.4558,                   0,              0.0515
        11,        42,      1.00,              0.0368,                   0,                   0
        11,        43,      1.00,              0.0809,                   0,                   0
        11,        44,      1.00,              0.2499,                   0,              0.0221
        11,        45,      1.00,              0.4337,                   0,              0.0294
        11,        46,      1.00,              0.0368,                   0,              0.0147
        11,        47,      1.00,              0.0221,                   0,                   0
        11,        48,      1.00,              0.0294,                   0,                   0
        11,        49,      1.00,              0.0294,                   0,              0.0221
        11,        50,      1.00,              0.1838,                   0,                   0
        11,        51,      1.00,              0.0074,                   0,                   0
        11,        52,      1.00,              0.2867,                   0,              0.0147
        11,        54,      1.00,              0.0515,                   0,              0.0074
        11,        55,      1.00,              0.3602,                   0,              0.0221
        11,        56,      1.00,              0.5955,                   0,              0.0368
        11,        57,      1.00,              0.0221,                   0,                   0
        11,        58,      1.00,              0.2205,                   0,              0.0368
        11,        59,      1.00,              0.3676,                   0,              0.0074
        11,        60,      1.00,              0.0074,                   0,              0.0074
        11,        61,      1.00,              0.3382,                   0,              0.0074
        11,        62,      1.00,              0.3970,                   0,              0.0074
        11,        63,      1.00,              0.1176,                   0,              0.0074
        11,        64,      1.00,                   0,                   0,              0.0074
        11,        65,      1.00,              0.2647,                   0,              0.0074
        11,        66,      1.00,              0.0074,                   0,              0.0074
        11,        67,      1.00,              0.1764,                   0,              0.0074
        11,        68,      1.00,              0.1397,                   0,                   0
        11,        69,      1.00,              0.0368,                   0,              0.0074
        11,        70,      1.00,              0.0956,                   0,                   0
        11,        71,      1.00,              0.2647,                   0,              0.0074
        11,        73,      1.00,              0.0074,                   0,              0.0074
        11,        75,      1.00,              0.2573,                   0,              0.0074
        11,        76,      1.00,              0.3529,                   0,              0.0074
        11,        77,      1.00,              0.0221,                   0,                   0
        11,        79,      1.00,              0.0074,                   0,              0.0074
        11,        80,      1.00,                   0,                   0,              0.0074
        11,        81,      1.00,              0.1397,                   0,                   0
        11,        82,      1.00,              0.0294,                   0,                   0
        11,        83,      1.00,              0.0809,                   0,              0.0074
        11,        84,      1.00,              0.1617,                   0,              0.0074
        11,        85,      1.00,              0.0074,                   0,              0.0147
        11,        86,      1.00,              0.0735,                   0,              0.0074
        11,        89,      1.00,              0.0221,                   0,                   0
        11,        90,      1.00,              0.2132,                   0,              0.0074
        11,        92,      1.00,              0.9042,                   0,              0.0147
        11,        94,      1.00,              0.0221,                   0,                   0
        11,        95,      1.00,              0.0221,                   0,              0.0074
        11,        99,      1.00,              0.0882,                   0,                   0
        11,       100,      1.00,              0.1176,                   0,                   0
        11,       101,      1.00,              0.1470,                   0,                   0
        11,       102,      1.00,              0.0735,                   0,                   0
        11,       103,      1.00,              0.3602,                   0,              0.0074
        11,       104,      1.00,              0.0368,                   0,                   0
        11,       106,      1.00,              0.0221,                   0,                   0
        11,       107,      1.00,              0.4117,                   0,                   0
        11,       109,      1.00,              0.0074,                   0,                   0
        11,       112,      1.00,              0.5661,                   0,              0.0515
        11,       113,      1.00,              0.0221,                   0,                   0
        11,       114,      1.00,              0.0441,                   0,                   0
        11,       116,      1.00,              0.0221,                   0,              0.0074
        11,       117,      1.00,              0.0441,                   0,                   0
        11,       118,      1.00,              0.1838,                   0,              0.0074
        11,       119,      1.00,              0.0662,                   0,              0.0147
        11,       120,      1.00,              0.0515,                   0,                   0
        11,       121,      1.00,              0.0368,                   0,              0.0074
        11,       123,      1.00,              0.0809,                   0,              0.0074
        11,       124,      1.00,              0.0956,                   0,                   0
        11,       125,      1.00,              0.0441,                   0,                   0
        11,       126,      1.00,              0.1838,                   0,              0.0147
        11,       127,      1.00,              0.2352,                   0,              0.0147
        11,       128,      1.00,              0.0662,                   0,              0.0074
        11,       129,      1.00,              0.0221,                   0,                   0
        11,       130,      1.00,              0.0441,                   0,                   0
        11,       132,      1.00,              0.0441,                   0,                   0
        11,       134,      1.00,              0.0588,                   0,                   0
        11,       135,      1.00,              0.1029,                   0,                   0
        11,       136,      1.00,              0.1764,                   0,                   0
        11,       137,      1.00,              0.0588,                   0,                   0
        11,       138,      1.00,              0.0588,                   0,                   0
        11,       139,      1.00,              0.0221,                   0,                   0
        11,       140,      1.00,              0.1323,                   0,                   0
        11,       141,      1.00,              0.1691,                   0,              0.0074
        11,       142,      1.00,              0.1470,                   0,              0.0074
        11,       143,      1.00,              0.1029,                   0,              0.0074
        11,       144,      1.00,              0.0221,                   0,                   0
        11,       145,      1.00,              0.0441,                   0,                   0
        11,       146,      1.00,              0.0588,                   0,              0.0074
        11,       147,      1.00,              0.0074,                   0,                   0
        11,       148,      1.00,              0.1103,                   0,              0.0074
        11,       149,      1.00,              0.0515,                   0,              0.0074
        11,       150,      1.00,              0.0662,                   0,              0.0074
        11,       151,      1.00,              0.1176,                   0,              0.0074
        11,       152,      1.00,                   0,                   0,              0.0074
        11,       153,      1.00,              0.0441,                   0,              0.0074
        11,       154,      1.00,              0.2867,                   0,              0.0147
        11,       155,      1.00,              0.0515,                   0,              0.0074
        11,       156,      1.00,              0.0074,                   0,                   0
        11,       159,      1.00,              0.0735,                   0,                   0
        11,       160,      1.00,              0.0515,                   0,                   0
        11,       161,      1.00,              0.0294,                   0,              0.0147
        11,       162,      1.00,              0.1029,                   0,              0.0074
        11,       164,      1.00,              0.0515,                   0,              0.0074
        11,       165,      1.00,              0.0882,                   0,              0.0074
        11,       166,      1.00,              0.0735,                   0,              0.0074
        11,       167,      1.00,              0.0515,                   0,              0.0074
        11,       168,      1.00,              0.0221,                   0,                   0
        11,       169,      1.00,              0.0221,                   0,                   0
        11,       170,      1.00,              0.0588,                   0,                   0
        11,       172,      1.00,              0.2499,                   0,                   0
        11,       173,      1.00,              0.0147,                   0,                   0
        11,       174,      1.00,              0.0441,                   0,                   0
        11,       175,      1.00,              0.1323,                   0,                   0
        11,       176,      1.00,              0.0147,                   0,                   0
        11,       177,      1.00,              0.0221,                   0,                   0
        11,       178,      1.00,              0.0441,                   0,              0.0074
        11,       179,      1.00,              0.0515,                   0,              0.0074
        11,       181,      1.00,              0.0294,                   0,                   0
        11,       182,      1.00,              0.0735,                   0,                   0
        11,       183,      1.00,              0.0221,                   0,                   0
        11,       184,      1.00,              0.0515,                   0,                   0
        11,       185,      1.00,              0.0368,                   0,                   0
        11,       187,      1.00,              0.0662,                   0,                   0
        11,       188,      1.00,              0.0441,                   0,                   0
        11,       191,      1.00,              0.1029,                   0,                   0
        11,       192,      1.00,              0.0735,                   0,                   0
        11,       193,      1.00,              0.1985,                   0,                   0
        11,       201,      1.00,              0.2205,                   0,                   0
        11,       202,      1.00,              0.0074,                   0,                   0
        11,       203,      1.00,              0.0147,                   0,                   0
        11,       208,      1.00,              0.0662,                   0,                   0
        11,       209,      1.00,              0.0294,                   0,              0.0294
        11,       210,      1.00,              0.0735,                   0,              0.0074
        11,       212,      1.00,              0.0147,                   0,                   0
        11,       213,      1.00,              0.1029,                   0,                   0
        11,       217,      1.00,                   0,                   0,              0.0441
        11,       218,      1.00,              0.0074,                   0,              0.1323
        11,       219,      1.00,              0.0074,                   0,              0.1470
        11,       222,      1.00,                   0,                   0,              0.0147
        11,       224,      1.00,                   0,                   0,              0.0441
        11,       226,      1.00,                   0,                   0,              0.0074
        12,         1,      1.00,              2.5877,                   0,              1.6761
        12,         2,      1.00,              3.7272,                   0,              1.3380
        12,         3,      1.00,              5.5577,                   0,              1.3968
        12,         4,      1.00,             14.7544,                   0,              1.0660
        12,         5,      1.00,              3.3523,                   0,              1.1174
        12,         6,      1.00,             20.8266,                   0,              1.8967
        12,         7,      1.00,             59.9878,                   0,              2.6245
        12,         8,      1.00,            148.3375,                   0,              3.5581
        12,         9,      1.00,            118.8361,                   0,              2.1613
        12,        10,      1.00,              1.9261,                   0,              0.3014
        12,        11,      1.00,             81.8951,                   0,              1.1321
        12,        12,      1.00,            354.3691,                   0,              2.4701
        12,        13,      1.00,             94.2014,                   0,              4.6976
        12,        14,      1.00,             39.5875,                   0,              1.9775
        12,        15,      1.00,             37.5512,                   0,              1.5879
        12,        16,      1.00,              0.8381,                   0,              0.2720
        12,        17,      1.00,              5.4768,                   0,              0.7646
        12,        18,      1.00,              3.6904,                   0,              1.1615
        12,        19,      1.00,              9.8289,                   0,              0.5072
        12,        20,      1.00,              1.8526,                   0,              1.0513
        12,        21,      1.00,              0.4117,                   0,              0.0515
        12,        22,      1.00,              5.5062,                   0,              0.4117
        12,        23,      1.00,             11.2036,                   0,              0.1617
        12,        24,      1.00,              3.8154,                   0,              0.1397
        12,        25,      1.00,              0.4190,                   0,              0.1176
        12,        26,      1.00,              1.0954,                   0,              0.0515
        12,        27,      1.00,              2.6906,                   0,              0.0515
        12,        28,      1.00,              2.7788,                   0,              0.0515
        12,        29,      1.00,              1.7790,                   0,              0.0662
        12,        30,      1.00,              1.2203,                   0,              0.0588
        12,        31,      1.00,              0.8160,                   0,              0.0809
        12,        32,      1.00,              0.8013,                   0,              0.0294
        12,        33,      1.00,              0.7646,                   0,              0.0221
        12,        34,      1.00,              0.0662,                   0,              0.0074
        12,        35,      1.00,             10.2994,                   0,              0.3014
        12,        36,      1.00,              2.6686,                   0,              0.0956
        12,        37,      1.00,              0.8822,                   0,              0.0956
        12,        38,      1.00,              0.8748,                   0,              0.0588
        12,        39,      1.00,              0.6028,                   0,              0.0441
        12,        40,      1.00,              1.1762,                   0,              0.0368
        12,        41,      1.00,              0.8748,                   0,              0.1764
        12,        42,      1.00,              0.4190,                   0,              0.0074
        12,        43,      1.00,              0.4117,                   0,              0.0074
        12,        44,      1.00,              0.3382,                   0,              0.0515
        12,        45,      1.00,              1.1321,                   0,              0.0882
        12,        46,      1.00,              0.3970,                   0,              0.0294
        12,        47,      1.00,              0.1323,                   0,                   0
        12,        48,      1.00,              0.0515,                   0,                   0
        12,        49,      1.00,              0.2426,                   0,              0.0368
        12,        50,      1.00,              0.2867,                   0,              0.0074
        12,        51,      1.00,              0.0294,                   0,                   0
        12,        52,      1.00,              1.4482,                   0,              0.0294
        12,        54,      1.00,              0.2573,                   0,              0.0074
        12,        55,      1.00,              0.8601,                   0,              0.0441
        12,        56,      1.00,              1.1909,                   0,              0.0882
        12,        57,      1.00,              0.0441,                   0,                   0
        12,        58,      1.00,              1.7423,                   0,              0.0809
        12,        59,      1.00,              0.4778,                   0,              0.0221
        12,        60,      1.00,              0.5293,                   0,              0.0147
        12,        61,      1.00,              0.7425,                   0,              0.0147
        12,        62,      1.00,              0.5367,                   0,              0.0074
        12,        63,      1.00,              0.1470,                   0,              0.0147
        12,        64,      1.00,              0.0074,                   0,              0.0074
        12,        65,      1.00,              0.2205,                   0,              0.0147
        12,        66,      1.00,              0.2205,                   0,              0.0221
        12,        67,      1.00,              0.3014,                   0,              0.0147
        12,        68,      1.00,              0.2720,                   0,              0.0074
        12,        69,      1.00,              0.0074,                   0,              0.0074
        12,        70,      1.00,              0.2794,                   0,              0.0074
        12,        71,      1.00,              0.0074,                   0,              0.0074
        12,        72,      1.00,              0.0662,                   0,                   0
        12,        73,      1.00,              0.0147,                   0,              0.0074
        12,        74,      1.00,              0.2058,                   0,                   0
        12,        75,      1.00,              0.3308,                   0,              0.0147
        12,        76,      1.00,              0.0074,                   0,              0.0074
        12,        77,      1.00,              0.2058,                   0,                   0
        12,        79,      1.00,              0.0074,                   0,              0.0147
        12,        80,      1.00,              0.0074,                   0,              0.0147
        12,        81,      1.00,              0.1691,                   0,              0.0074
        12,        82,      1.00,              0.0074,                   0,              0.0074
        12,        83,      1.00,              0.4999,                   0,              0.0221
        12,        84,      1.00,              0.4999,                   0,              0.0147
        12,        85,      1.00,              0.4337,                   0,              0.0294
        12,        86,      1.00,              0.3529,                   0,              0.0147
        12,        87,      1.00,              0.2058,                   0,                   0
        12,        90,      1.00,              0.2132,                   0,              0.0074
        12,        91,      1.00,              0.1323,                   0,              0.0074
        12,        92,      1.00,              0.2352,                   0,              0.0221
        12,        93,      1.00,              0.0074,                   0,              0.0074
        12,        94,      1.00,              0.0074,                   0,              0.0074
        12,        95,      1.00,              0.3161,                   0,              0.0221
        12,        99,      1.00,              0.2058,                   0,                   0
        12,       100,      1.00,              0.3088,                   0,                   0
        12,       101,      1.00,              0.0074,                   0,                   0
        12,       102,      1.00,              0.1323,                   0,                   0
        12,       103,      1.00,              0.5881,                   0,              0.0074
        12,       106,      1.00,              0.4117,                   0,              0.0074
        12,       107,      1.00,              0.4117,                   0,              0.0074
        12,       109,      1.00,              0.2058,                   0,              0.0074
        12,       112,      1.00,              1.7938,                   0,              0.0956
        12,       113,      1.00,              0.2058,                   0,              0.0074
        12,       114,      1.00,              0.1250,                   0,                   0
        12,       116,      1.00,                   0,                   0,              0.0147
        12,       117,      1.00,              0.6763,                   0,                   0
        12,       118,      1.00,              0.6028,                   0,              0.0147
        12,       119,      1.00,              0.3161,                   0,              0.0294
        12,       120,      1.00,              0.2132,                   0,              0.0074
        12,       121,      1.00,              0.1911,                   0,              0.0147
        12,       122,      1.00,              0.2058,                   0,              0.0074
        12,       123,      1.00,              0.4117,                   0,              0.0221
        12,       124,      1.00,              0.3382,                   0,              0.0074
        12,       125,      1.00,                   0,                   0,              0.0074
        12,       126,      1.00,              0.2867,                   0,              0.0368
        12,       127,      1.00,              0.5367,                   0,              0.0221
        12,       128,      1.00,              0.0882,                   0,              0.0147
        12,       129,      1.00,              0.1397,                   0,              0.0074
        12,       130,      1.00,              0.0809,                   0,                   0
        12,       132,      1.00,              0.0515,                   0,                   0
        12,       133,      1.00,              0.0221,                   0,                   0
        12,       134,      1.00,              0.0588,                   0,                   0
        12,       135,      1.00,              0.0588,                   0,                   0
        12,       136,      1.00,              0.1029,                   0,              0.0074
        12,       138,      1.00,              0.2058,                   0,                   0
        12,       139,      1.00,              0.0221,                   0,                   0
        12,       140,      1.00,              0.2205,                   0,                   0
        12,       141,      1.00,              0.1838,                   0,              0.0147
        12,       142,      1.00,              0.2352,                   0,              0.0147
        12,       143,      1.00,              0.1764,                   0,              0.0147
        12,       144,      1.00,              0.0368,                   0,                   0
        12,       145,      1.00,              0.0809,                   0,              0.0074
        12,       146,      1.00,              0.1250,                   0,              0.0147
        12,       147,      1.00,              0.0441,                   0,              0.0074
        12,       148,      1.00,              0.0515,                   0,              0.0147
        12,       149,      1.00,              0.0441,                   0,              0.0074
        12,       150,      1.00,              0.1617,                   0,              0.0221
        12,       151,      1.00,              0.1617,                   0,              0.0147
        12,       152,      1.00,              0.0441,                   0,              0.0147
        12,       153,      1.00,              0.0368,                   0,              0.0147
        12,       154,      1.00,              0.2279,                   0,              0.0368
        12,       155,      1.00,              0.1397,                   0,              0.0221
        12,       156,      1.00,              0.0221,                   0,                   0
        12,       159,      1.00,              0.1323,                   0,                   0
        12,       160,      1.00,              0.0809,                   0,                   0
        12,       161,      1.00,              0.0294,                   0,              0.0294
        12,       162,      1.00,                   0,                   0,              0.0147
        12,       164,      1.00,              0.1323,                   0,              0.0147
        12,       165,      1.00,              0.2573,                   0,              0.0221
        12,       166,      1.00,              0.1250,                   0,              0.0221
        12,       167,      1.00,              0.1176,                   0,              0.0147
        12,       168,      1.00,              0.1176,                   0,              0.0074
        12,       169,      1.00,              0.0588,                   0,                   0
        12,       170,      1.00,              0.1103,                   0,              0.0074
        12,       172,      1.00,              0.1029,                   0,                   0
        12,       174,      1.00,              0.0588,                   0,                   0
        12,       175,      1.00,              0.1323,                   0,                   0
        12,       177,      1.00,              0.1103,                   0,                   0
        12,       178,      1.00,              0.1250,                   0,              0.0147
        12,       179,      1.00,              0.2573,                   0,              0.0147
        12,       181,      1.00,              0.1323,                   0,                   0
        12,       182,      1.00,              0.1985,                   0,              0.0074
        12,       183,      1.00,              0.0588,                   0,                   0
        12,       184,      1.00,              0.0956,                   0,                   0
        12,       185,      1.00,              0.0441,                   0,                   0
        12,       186,      1.00,              0.0147,                   0,                   0
        12,       187,      1.00,              0.1029,                   0,                   0
        12,       192,      1.00,              0.1323,                   0,                   0
        12,       195,      1.00,              0.2058,                   0,                   0
        12,       208,      1.00,              0.1250,                   0,                   0
        12,       209,      1.00,              0.4043,                   0,              0.0588
        12,       210,      1.00,              0.2573,                   0,              0.0147
        12,       213,      1.00,                   0,                   0,              0.0074
        12,       217,      1.00,                   0,                   0,              0.0588
        12,       218,      1.00,              0.0074,                   0,              0.1838
        12,       219,      1.00,              0.0074,                   0,              0.1985
        12,       222,      1.00,                   0,                   0,              0.0221
        12,       224,      1.00,                   0,                   0,              0.0588
        12,       226,      1.00,                   0,                   0,              0.0221
        13,         1,      1.00,              2.4995,                   0,              2.7421
        13,         2,      1.00,              3.8080,                   0,              2.8450
        13,         3,      1.00,              4.0801,                   0,              1.6688
        13,         4,      1.00,              5.7635,                   0,              1.0366
        13,         5,      1.00,              3.3229,                   0,              1.8526
        13,         6,      1.00,             15.4674,                   0,              3.8375
        13,         7,      1.00,             26.0756,                   0,              4.3300
        13,         8,      1.00,            157.0563,                   0,              4.3741
        13,         9,      1.00,             37.2939,                   0,              3.2346
        13,        10,      1.00,              0.6910,                   0,              0.7425
        13,        11,      1.00,             24.1863,                   0,              1.4923
        13,        12,      1.00,            121.7547,                   0,              4.6976
        13,        13,      1.00,            519.5120,                   0,              7.0500
        13,        14,      1.00,            228.5418,                   0,              3.2126
        13,        15,      1.00,            124.3497,                   0,              4.2344
        13,        16,      1.00,              0.9777,                   0,              0.3749
        13,        17,      1.00,              8.6379,                   0,              2.3745
        13,        18,      1.00,              3.0876,                   0,              2.3598
        13,        19,      1.00,              9.0276,                   0,              0.9630
        13,        20,      1.00,              2.3084,                   0,              1.3453
        13,        21,      1.00,                   0,                   0,              0.1691
        13,        22,      1.00,              7.5279,                   0,              0.7351
        13,        23,      1.00,             74.0805,                   0,              0.7204
        13,        24,      1.00,             18.6947,                   0,              0.6690
        13,        25,      1.00,              3.7860,                   0,              0.3088
        13,        26,      1.00,              6.7266,                   0,              0.3014
        13,        27,      1.00,             10.8507,                   0,              0.7793
        13,        28,      1.00,             12.7107,                   0,              1.0807
        13,        29,      1.00,             10.2553,                   0,              0.4778
        13,        30,      1.00,              5.6533,                   0,              0.4705
        13,        31,      1.00,              6.5942,                   0,              0.8822
        13,        32,      1.00,              4.3374,                   0,              0.2720
        13,        33,      1.00,              2.9332,                   0,              0.1691
        13,        34,      1.00,              1.0439,                   0,              0.1397
        13,        35,      1.00,             82.7552,                   0,              0.7793
        13,        36,      1.00,             24.2451,                   0,              0.6837
        13,        37,      1.00,              8.1822,                   0,              0.9483
        13,        38,      1.00,              4.7711,                   0,              0.6102
        13,        39,      1.00,              4.0874,                   0,              0.2573
        13,        40,      1.00,              3.7492,                   0,              0.2279
        13,        41,      1.00,              7.1015,                   0,              0.4705
        13,        42,      1.00,              0.4264,                   0,              0.0221
        13,        43,      1.00,              1.2939,                   0,              0.0147
        13,        44,      1.00,              1.4041,                   0,              0.1029
        13,        45,      1.00,              3.5507,                   0,              0.2499
        13,        46,      1.00,              0.7278,                   0,              0.0515
        13,        47,      1.00,              0.1911,                   0,              0.0074
        13,        48,      1.00,              0.1103,                   0,              0.0074
        13,        49,      1.00,              1.1836,                   0,              0.1691
        13,        50,      1.00,              0.6322,                   0,              0.0515
        13,        51,      1.00,              0.0662,                   0,              0.0074
        13,        52,      1.00,              3.3082,                   0,              0.2426
        13,        53,      1.00,              0.6837,                   0,                   0
        13,        54,      1.00,              0.6984,                   0,              0.0515
        13,        55,      1.00,              1.5438,                   0,              0.0956
        13,        56,      1.00,              4.7490,                   0,              0.6322
        13,        57,      1.00,              0.1838,                   0,              0.0221
        13,        58,      1.00,              3.6831,                   0,              0.2426
        13,        59,      1.00,              4.0801,                   0,              0.0956
        13,        60,      1.00,              1.7864,                   0,              0.1323
        13,        61,      1.00,              0.6763,                   0,              0.1250
        13,        62,      1.00,              0.4705,                   0,              0.0074
        13,        63,      1.00,              1.3600,                   0,              0.0294
        13,        64,      1.00,              0.0294,                   0,              0.0147
        13,        65,      1.00,              1.0219,                   0,              0.0515
        13,        66,      1.00,              0.6322,                   0,              0.0515
        13,        67,      1.00,              0.6763,                   0,              0.0147
        13,        68,      1.00,              0.3749,                   0,              0.0074
        13,        69,      1.00,              0.7498,                   0,              0.0147
        13,        70,      1.00,              0.2205,                   0,              0.0074
        13,        71,      1.00,              0.6322,                   0,              0.0147
        13,        72,      1.00,              0.2132,                   0,                   0
        13,        73,      1.00,              0.2279,                   0,              0.0074
        13,        74,      1.00,              0.0735,                   0,              0.0074
        13,        75,      1.00,              0.8601,                   0,              0.0147
        13,        76,      1.00,              1.7570,                   0,              0.0074
        13,        77,      1.00,              0.3161,                   0,              0.0074
        13,        79,      1.00,              0.2205,                   0,              0.0147
        13,        80,      1.00,              0.8381,                   0,              0.0147
        13,        81,      1.00,              0.7425,                   0,              0.0074
        13,        82,      1.00,              0.0294,                   0,              0.0074
        13,        83,      1.00,              0.5661,                   0,              0.0294
        13,        84,      1.00,              0.9410,                   0,              0.0294
        13,        85,      1.00,              0.5808,                   0,              0.0515
        13,        86,      1.00,              0.6616,                   0,              0.0221
        13,        87,      1.00,              0.4190,                   0,                   0
        13,        89,      1.00,              0.2058,                   0,                   0
        13,        90,      1.00,              0.4337,                   0,              0.0147
        13,        91,      1.00,              0.1985,                   0,              0.0074
        13,        92,      1.00,              1.0586,                   0,              0.0441
        13,        93,      1.00,              0.5293,                   0,              0.0074
        13,        94,      1.00,              0.0221,                   0,              0.0074
        13,        95,      1.00,              1.3674,                   0,              0.0294
        13,        96,      1.00,              0.3088,                   0,                   0
        13,        97,      1.00,              0.1470,                   0,                   0
        13,        98,      1.00,              0.1691,                   0,                   0
        13,        99,      1.00,              0.3088,                   0,                   0
        13,       100,      1.00,              0.0147,                   0,              0.0074
        13,       101,      1.00,              0.2279,                   0,              0.0147
        13,       103,      1.00,              0.4190,                   0,              0.0074
        13,       104,      1.00,              0.4190,                   0,                   0
        13,       106,      1.00,              0.4190,                   0,              0.0074
        13,       107,      1.00,              0.2132,                   0,              0.0074
        13,       109,      1.00,              0.0074,                   0,              0.0074
        13,       112,      1.00,             10.1597,                   0,              0.5587
        13,       113,      1.00,              0.2058,                   0,              0.0368
        13,       114,      1.00,              0.1985,                   0,                   0
        13,       116,      1.00,                   0,                   0,              0.0294
        13,       117,      1.00,              1.2350,                   0,              0.0074
        13,       118,      1.00,              0.6984,                   0,              0.0221
        13,       119,      1.00,              0.8454,                   0,              0.0662
        13,       120,      1.00,              0.3749,                   0,              0.0147
        13,       121,      1.00,              0.8748,                   0,              0.0294
        13,       122,      1.00,              0.9263,                   0,              0.0074
        13,       123,      1.00,              0.1103,                   0,              0.0294
        13,       124,      1.00,              0.0074,                   0,              0.0074
        13,       126,      1.00,              0.4337,                   0,              0.0515
        13,       127,      1.00,              1.0513,                   0,              0.0221
        13,       128,      1.00,              0.1397,                   0,              0.0147
        13,       129,      1.00,              0.1029,                   0,              0.0074
        13,       130,      1.00,              0.1617,                   0,                   0
        13,       131,      1.00,              0.2132,                   0,                   0
        13,       132,      1.00,              0.1176,                   0,                   0
        13,       133,      1.00,              0.0956,                   0,              0.0074
        13,       134,      1.00,              0.0735,                   0,                   0
        13,       135,      1.00,                   0,                   0,              0.0074
        13,       136,      1.00,              0.1029,                   0,              0.0147
        13,       137,      1.00,                   0,                   0,              0.0074
        13,       138,      1.00,              0.3088,                   0,              0.0074
        13,       140,      1.00,              0.1470,                   0,                   0
        13,       141,      1.00,              0.3014,                   0,              0.0074
        13,       142,      1.00,              0.2058,                   0,              0.0147
        13,       143,      1.00,              0.4264,                   0,              0.0074
        13,       144,      1.00,              0.1029,                   0,                   0
        13,       145,      1.00,              0.1176,                   0,              0.0074
        13,       146,      1.00,              0.2573,                   0,              0.0147
        13,       147,      1.00,              0.0588,                   0,              0.0074
        13,       148,      1.00,              0.3088,                   0,              0.0074
        13,       149,      1.00,              0.1691,                   0,              0.0074
        13,       150,      1.00,              0.1544,                   0,              0.0221
        13,       151,      1.00,              0.2058,                   0,              0.0221
        13,       152,      1.00,              0.1250,                   0,              0.0147
        13,       153,      1.00,              0.0294,                   0,              0.0147
        13,       154,      1.00,              0.4778,                   0,              0.0368
        13,       155,      1.00,              0.1617,                   0,              0.0221
        13,       156,      1.00,              0.0588,                   0,                   0
        13,       160,      1.00,              0.0368,                   0,                   0
        13,       161,      1.00,              0.0662,                   0,              0.0441
        13,       162,      1.00,                   0,                   0,              0.0147
        13,       164,      1.00,              0.2058,                   0,              0.0147
        13,       165,      1.00,              0.1544,                   0,              0.0221
        13,       166,      1.00,              0.2058,                   0,              0.0221
        13,       167,      1.00,              0.1029,                   0,              0.0074
        13,       168,      1.00,              0.1985,                   0,              0.0074
        13,       169,      1.00,              0.0662,                   0,                   0
        13,       170,      1.00,              0.1470,                   0,              0.0074
        13,       172,      1.00,              0.9263,                   0,                   0
        13,       173,      1.00,              0.0147,                   0,                   0
        13,       174,      1.00,              0.0662,                   0,                   0
        13,       175,      1.00,              0.1470,                   0,              0.0074
        13,       176,      1.00,              0.0147,                   0,                   0
        13,       177,      1.00,              0.1397,                   0,                   0
        13,       178,      1.00,              0.2058,                   0,              0.0147
        13,       179,      1.00,              0.3455,                   0,              0.0147
        13,       180,      1.00,              0.0441,                   0,                   0
        13,       181,      1.00,              0.1397,                   0,                   0
        13,       182,      1.00,              0.2279,                   0,              0.0074
        13,       183,      1.00,              0.0515,                   0,                   0
        13,       184,      1.00,              0.1617,                   0,                   0
        13,       185,      1.00,              0.1838,                   0,                   0
        13,       186,      1.00,              0.0074,                   0,                   0
        13,       188,      1.00,              0.4117,                   0,                   0
        13,       195,      1.00,              0.4117,                   0,                   0
        13,       196,      1.00,              0.2058,                   0,                   0
        13,       203,      1.00,              0.3088,                   0,                   0
        13,       204,      1.00,              0.2058,                   0,                   0
        13,       208,      1.00,              0.5514,                   0,              0.0074
        13,       209,      1.00,              0.9189,                   0,              0.0956
        13,       210,      1.00,              0.5955,                   0,              0.0294
        13,       213,      1.00,              0.2058,                   0,              0.0074
        13,       217,      1.00,                   0,                   0,              0.0515
        13,       218,      1.00,              0.0074,                   0,              0.1544
        13,       219,      1.00,              0.0074,                   0,              0.1691
        13,       222,      1.00,                   0,                   0,              0.0147
        13,       224,      1.00,                   0,                   0,              0.0515
        13,       226,      1.00,                   0,                   0,              0.0368
        14,         1,      1.00,              3.4258,                   0,              2.4333
        14,         2,      1.00,              3.3596,                   0,              2.3966
        14,         3,      1.00,              2.5657,                   0,              1.2865
        14,         4,      1.00,              5.5356,                   0,              0.8307
        14,         5,      1.00,              2.9259,                   0,              1.7276
        14,         6,      1.00,             15.0337,                   0,              3.3964
        14,         7,      1.00,             25.2890,                   0,              3.3008
        14,         8,      1.00,            191.2846,                   0,              3.0435
        14,         9,      1.00,             45.7554,                   0,              1.8232
        14,        10,      1.00,              1.0366,                   0,              0.7278
        14,        11,      1.00,             12.7401,                   0,              1.1909
        14,        12,      1.00,             43.7852,                   0,              1.9775
        14,        13,      1.00,            197.8274,                   0,              3.2126
        14,        14,      1.00,            572.0969,                   0,              3.1244
        14,        15,      1.00,            280.8841,                   0,              3.0509
        14,        16,      1.00,              3.3008,                   0,              0.3455
        14,        17,      1.00,              9.7995,                   0,              1.4041
        14,        18,      1.00,              4.4035,                   0,              2.2348
        14,        19,      1.00,             17.5185,                   0,              0.3676
        14,        20,      1.00,              1.5291,                   0,              1.1248
        14,        21,      1.00,              0.6175,                   0,              0.0662
        14,        22,      1.00,              8.4983,                   0,              0.2132
        14,        23,      1.00,             70.1328,                   0,              0.9189
        14,        24,      1.00,             50.9970,                   0,              0.7425
        14,        25,      1.00,             13.4899,                   0,              0.1397
        14,        26,      1.00,             22.8998,                   0,              0.3235
        14,        27,      1.00,             23.5761,                   0,              0.6910
        14,        28,      1.00,             25.3625,                   0,              0.8528
        14,        29,      1.00,             23.9657,                   0,              0.4631
        14,        30,      1.00,             12.5269,                   0,              0.5072
        14,        31,      1.00,             13.2253,                   0,              0.5293
        14,        32,      1.00,              6.2855,                   0,              0.4631
        14,        33,      1.00,              4.2565,                   0,              0.2573
        14,        34,      1.00,              4.1903,                   0,              0.1103
        14,        35,      1.00,             48.4313,                   0,              0.9410
        14,        36,      1.00,             21.6794,                   0,              0.6910
        14,        37,      1.00,             16.5261,                   0,              0.9116
        14,        38,      1.00,             10.7699,                   0,              0.5146
        14,        39,      1.00,              6.8221,                   0,              0.5514
        14,        40,      1.00,              6.7119,                   0,              0.4778
        14,        41,      1.00,              6.2781,                   0,              0.6102
        14,        42,      1.00,              1.3527,                   0,              0.0515
        14,        43,      1.00,              0.4411,                   0,              0.0221
        14,        44,      1.00,              1.0513,                   0,              0.1470
        14,        45,      1.00,              3.6022,                   0,              0.2573
        14,        46,      1.00,              1.2203,                   0,              0.0441
        14,        47,      1.00,              0.1470,                   0,                   0
        14,        48,      1.00,              0.0956,                   0,              0.0147
        14,        49,      1.00,              2.4333,                   0,              0.3088
        14,        50,      1.00,              0.5734,                   0,              0.0809
        14,        51,      1.00,              0.0662,                   0,              0.0074
        14,        52,      1.00,              3.2493,                   0,              0.4190
        14,        53,      1.00,              0.5220,                   0,              0.0074
        14,        54,      1.00,              1.5659,                   0,              0.1323
        14,        55,      1.00,              2.5215,                   0,              0.1544
        14,        56,      1.00,              4.4182,                   0,              0.8160
        14,        57,      1.00,              0.1691,                   0,              0.0294
        14,        58,      1.00,              4.3888,                   0,              0.4117
        14,        59,      1.00,              3.0803,                   0,              0.1838
        14,        60,      1.00,              3.0214,                   0,              0.2279
        14,        61,      1.00,              1.6247,                   0,              0.2058
        14,        62,      1.00,              1.8820,                   0,              0.0368
        14,        63,      1.00,              0.8601,                   0,              0.0882
        14,        64,      1.00,              0.0368,                   0,              0.0294
        14,        65,      1.00,              2.4113,                   0,              0.1764
        14,        66,      1.00,              2.0731,                   0,              0.0956
        14,        67,      1.00,              1.5291,                   0,              0.0221
        14,        68,      1.00,              0.5955,                   0,              0.0074
        14,        69,      1.00,              0.2426,                   0,              0.0588
        14,        70,      1.00,              1.0439,                   0,              0.0147
        14,        71,      1.00,              0.8381,                   0,              0.0074
        14,        72,      1.00,              0.2132,                   0,                   0
        14,        73,      1.00,              0.0221,                   0,              0.0074
        14,        74,      1.00,              0.2132,                   0,              0.0147
        14,        75,      1.00,              1.1762,                   0,              0.0074
        14,        76,      1.00,              0.3235,                   0,                   0
        14,        77,      1.00,              0.5220,                   0,                   0
        14,        78,      1.00,              0.4117,                   0,                   0
        14,        79,      1.00,              0.8013,                   0,              0.0221
        14,        80,      1.00,              0.2867,                   0,              0.0074
        14,        81,      1.00,              0.7278,                   0,                   0
        14,        82,      1.00,              0.2352,                   0,                   0
        14,        83,      1.00,              1.3012,                   0,              0.0368
        14,        84,      1.00,              0.6543,                   0,              0.0074
        14,        85,      1.00,              1.1909,                   0,              0.0221
        14,        86,      1.00,              0.2426,                   0,              0.0147
        14,        87,      1.00,              0.0074,                   0,                   0
        14,        89,      1.00,              0.1029,                   0,                   0
        14,        90,      1.00,              0.0221,                   0,              0.0074
        14,        91,      1.00,              0.4264,                   0,                   0
        14,        92,      1.00,              0.8528,                   0,              0.0441
        14,        93,      1.00,              0.7351,                   0,                   0
        14,        94,      1.00,              0.2279,                   0,                   0
        14,        95,      1.00,              0.8454,                   0,              0.0074
        14,        96,      1.00,              0.1029,                   0,                   0
        14,        97,      1.00,              0.1250,                   0,                   0
        14,        98,      1.00,              0.1544,                   0,                   0
        14,        99,      1.00,              0.6837,                   0,                   0
        14,       100,      1.00,              0.4337,                   0,                   0
        14,       101,      1.00,              0.7572,                   0,              0.0147
        14,       103,      1.00,              0.9410,                   0,                   0
        14,       104,      1.00,              0.4190,                   0,                   0
        14,       105,      1.00,              0.0074,                   0,                   0
        14,       106,      1.00,              0.2132,                   0,              0.0074
        14,       107,      1.00,              0.3161,                   0,                   0
        14,       109,      1.00,              0.4778,                   0,                   0
        14,       110,      1.00,              0.4117,                   0,                   0
        14,       112,      1.00,             13.4237,                   0,              0.8381
        14,       113,      1.00,              3.8080,                   0,              0.0662
        14,       114,      1.00,              0.3161,                   0,                   0
        14,       116,      1.00,              0.0074,                   0,              0.0368
        14,       117,      1.00,              0.2132,                   0,              0.0074
        14,       118,      1.00,              0.6249,                   0,              0.0294
        14,       119,      1.00,              0.7425,                   0,              0.0735
        14,       120,      1.00,              0.1691,                   0,              0.0074
        14,       121,      1.00,              0.7940,                   0,              0.0294
        14,       122,      1.00,              0.6249,                   0,              0.0074
        14,       123,      1.00,              0.5220,                   0,              0.0515
        14,       124,      1.00,              0.2132,                   0,              0.0074
        14,       125,      1.00,              0.3161,                   0,                   0
        14,       126,      1.00,              0.5808,                   0,              0.0441
        14,       127,      1.00,              1.0219,                   0,              0.0221
        14,       128,      1.00,              0.1617,                   0,              0.0147
        14,       129,      1.00,              0.1470,                   0,              0.0368
        14,       130,      1.00,              0.1617,                   0,              0.0074
        14,       131,      1.00,              0.0074,                   0,                   0
        14,       132,      1.00,              0.2867,                   0,              0.0074
        14,       133,      1.00,                   0,                   0,              0.0074
        14,       134,      1.00,              0.2058,                   0,                   0
        14,       135,      1.00,              0.4705,                   0,              0.0074
        14,       136,      1.00,              0.1764,                   0,              0.0147
        14,       137,      1.00,              0.2426,                   0,              0.0074
        14,       138,      1.00,              0.1029,                   0,              0.0074
        14,       139,      1.00,                   0,                   0,              0.0074
        14,       140,      1.00,              0.2058,                   0,                   0
        14,       141,      1.00,              0.3382,                   0,              0.0074
        14,       142,      1.00,                   0,                   0,              0.0074
        14,       143,      1.00,              0.4043,                   0,              0.0074
        14,       144,      1.00,              0.0515,                   0,                   0
        14,       145,      1.00,              0.2205,                   0,              0.0074
        14,       146,      1.00,              0.2647,                   0,              0.0074
        14,       147,      1.00,              0.0809,                   0,                   0
        14,       148,      1.00,              0.2499,                   0,              0.0074
        14,       149,      1.00,              0.2720,                   0,              0.0074
        14,       150,      1.00,              0.2573,                   0,              0.0147
        14,       151,      1.00,              0.2132,                   0,              0.0221
        14,       152,      1.00,              0.1323,                   0,              0.0147
        14,       153,      1.00,              0.0294,                   0,              0.0074
        14,       154,      1.00,              0.3970,                   0,              0.0294
        14,       155,      1.00,              0.1985,                   0,              0.0368
        14,       156,      1.00,              0.1250,                   0,                   0
        14,       160,      1.00,              0.1397,                   0,                   0
        14,       161,      1.00,              0.0882,                   0,              0.0441
        14,       162,      1.00,              0.4190,                   0,              0.0221
        14,       163,      1.00,              0.0956,                   0,                   0
        14,       164,      1.00,              0.3308,                   0,              0.0074
        14,       165,      1.00,              0.2058,                   0,              0.0147
        14,       166,      1.00,              0.1764,                   0,              0.0147
        14,       167,      1.00,              0.1250,                   0,              0.0074
        14,       168,      1.00,              0.2794,                   0,              0.0074
        14,       169,      1.00,              0.1323,                   0,              0.0074
        14,       170,      1.00,              0.3970,                   0,              0.0221
        14,       172,      1.00,              1.1321,                   0,              0.0074
        14,       174,      1.00,              0.1029,                   0,                   0
        14,       175,      1.00,              0.2058,                   0,                   0
        14,       177,      1.00,              0.2058,                   0,              0.0074
        14,       178,      1.00,              0.2205,                   0,              0.0074
        14,       179,      1.00,              0.1985,                   0,              0.0147
        14,       180,      1.00,              0.0441,                   0,                   0
        14,       181,      1.00,              0.4117,                   0,                   0
        14,       182,      1.00,              0.3088,                   0,                   0
        14,       184,      1.00,              0.2058,                   0,                   0
        14,       185,      1.00,              0.2058,                   0,                   0
        14,       188,      1.00,              0.4705,                   0,              0.0074
        14,       192,      1.00,              0.1764,                   0,                   0
        14,       193,      1.00,              0.1103,                   0,                   0
        14,       195,      1.00,              0.2058,                   0,                   0
        14,       199,      1.00,              0.0294,                   0,                   0
        14,       201,      1.00,              0.0809,                   0,                   0
        14,       203,      1.00,              0.0147,                   0,                   0
        14,       205,      1.00,              0.1029,                   0,                   0
        14,       208,      1.00,              0.2205,                   0,                   0
        14,       209,      1.00,              1.7496,                   0,              0.0809
        14,       210,      1.00,              0.9042,                   0,              0.0147
        14,       213,      1.00,                   0,                   0,              0.0074
        14,       214,      1.00,              0.1103,                   0,                   0
        14,       217,      1.00,                   0,                   0,              0.0441
        14,       218,      1.00,              0.0074,                   0,              0.1323
        14,       219,      1.00,              0.0074,                   0,              0.1691
        14,       222,      1.00,                   0,                   0,              0.0147
        14,       224,      1.00,                   0,                   0,              0.0662
        14,       226,      1.00,                   0,                   0,              0.0515
        15,         1,      1.00,              1.7349,                   0,              1.6247
        15,         2,      1.00,              3.5655,                   0,              1.4409
        15,         3,      1.00,              2.5289,                   0,              1.0807
        15,         4,      1.00,              2.5657,                   0,              0.5881
        15,         5,      1.00,              2.9553,                   0,              3.1685
        15,         6,      1.00,             17.0039,                   0,              2.7641
        15,         7,      1.00,             29.9204,                   0,              2.1540
        15,         8,      1.00,            151.1310,                   0,              3.1611
        15,         9,      1.00,             52.4452,                   0,              1.8379
        15,        10,      1.00,              1.1983,                   0,              0.3823
        15,        11,      1.00,             11.4094,                   0,              0.8087
        15,        12,      1.00,             28.5971,                   0,              1.5879
        15,        13,      1.00,             71.0811,                   0,              4.2344
        15,        14,      1.00,            196.0851,                   0,              3.0509
        15,        15,      1.00,            887.7606,                   0,              4.6829
        15,        16,      1.00,              2.0658,                   0,              0.3896
        15,        17,      1.00,             14.1809,                   0,              1.2939
        15,        18,      1.00,              2.3892,                   0,              1.2939
        15,        19,      1.00,             39.7787,                   0,              0.8675
        15,        20,      1.00,              1.2644,                   0,              0.9336
        15,        21,      1.00,              1.8232,                   0,              0.1029
        15,        22,      1.00,             21.2457,                   0,              0.6249
        15,        23,      1.00,             21.9220,                   0,              1.2424
        15,        24,      1.00,             16.1144,                   0,              0.9042
        15,        25,      1.00,              7.7925,                   0,              0.1176
        15,        26,      1.00,             44.8806,                   0,              0.4043
        15,        27,      1.00,             35.3752,                   0,              0.6910
        15,        28,      1.00,             61.7889,                   0,              0.9777
        15,        29,      1.00,             59.8849,                   0,              0.5220
        15,        30,      1.00,             52.9745,                   0,              0.6616
        15,        31,      1.00,             29.2588,                   0,              0.6322
        15,        32,      1.00,             22.1205,                   0,              0.5146
        15,        33,      1.00,             16.6069,                   0,              0.3602
        15,        34,      1.00,              4.2638,                   0,              0.0882
        15,        35,      1.00,             20.6723,                   0,              1.3086
        15,        36,      1.00,             13.3355,                   0,              0.4337
        15,        37,      1.00,              9.9759,                   0,              0.6690
        15,        38,      1.00,             11.6153,                   0,              0.4484
        15,        39,      1.00,              7.8513,                   0,              0.4631
        15,        40,      1.00,              4.3888,                   0,              0.3896
        15,        41,      1.00,              3.0509,                   0,              0.2794
        15,        42,      1.00,              0.6249,                   0,              0.0368
        15,        43,      1.00,              0.6322,                   0,              0.0662
        15,        44,      1.00,              1.5732,                   0,              0.1470
        15,        45,      1.00,              1.6908,                   0,              0.2352
        15,        46,      1.00,              0.9189,                   0,              0.0515
        15,        47,      1.00,              0.3382,                   0,              0.0221
        15,        48,      1.00,              0.1985,                   0,              0.0294
        15,        49,      1.00,              4.7931,                   0,              0.3455
        15,        50,      1.00,              1.1689,                   0,              0.1617
        15,        51,      1.00,              0.0956,                   0,              0.0074
        15,        52,      1.00,              5.1240,                   0,              0.4631
        15,        53,      1.00,              0.8675,                   0,              0.0294
        15,        54,      1.00,              2.2863,                   0,              0.3161
        15,        55,      1.00,              2.6980,                   0,              0.2867
        15,        56,      1.00,              3.7272,                   0,              0.5367
        15,        57,      1.00,              0.1397,                   0,              0.0221
        15,        58,      1.00,              2.8303,                   0,              0.3602
        15,        59,      1.00,              6.5207,                   0,              0.3602
        15,        60,      1.00,              6.6090,                   0,              0.1544
        15,        61,      1.00,              9.9759,                   0,              0.2720
        15,        62,      1.00,              4.0580,                   0,              0.1103
        15,        63,      1.00,              4.8961,                   0,              0.1911
        15,        64,      1.00,              1.1689,                   0,              0.1397
        15,        65,      1.00,              4.4991,                   0,              0.3382
        15,        66,      1.00,              4.5579,                   0,              0.0809
        15,        67,      1.00,              2.5362,                   0,              0.1029
        15,        68,      1.00,              1.4335,                   0,              0.0441
        15,        69,      1.00,              1.3821,                   0,              0.2132
        15,        70,      1.00,              0.5293,                   0,              0.0294
        15,        71,      1.00,              1.1027,                   0,              0.0221
        15,        72,      1.00,              0.5146,                   0,              0.0147
        15,        73,      1.00,              0.2352,                   0,              0.0294
        15,        74,      1.00,              0.0147,                   0,              0.0221
        15,        75,      1.00,              1.6982,                   0,              0.1838
        15,        76,      1.00,              0.7351,                   0,              0.0294
        15,        77,      1.00,              0.4852,                   0,              0.0221
        15,        78,      1.00,                   0,                   0,              0.0441
        15,        79,      1.00,              0.4337,                   0,              0.1176
        15,        80,      1.00,              0.4925,                   0,              0.1250
        15,        81,      1.00,              0.3235,                   0,              0.0147
        15,        82,      1.00,              0.5955,                   0,              0.0221
        15,        83,      1.00,              0.2499,                   0,              0.0882
        15,        84,      1.00,              1.0366,                   0,              0.0515
        15,        85,      1.00,              1.7349,                   0,              0.0588
        15,        86,      1.00,              0.8454,                   0,              0.0882
        15,        87,      1.00,              0.2132,                   0,              0.0294
        15,        88,      1.00,              0.2058,                   0,              0.0074
        15,        89,      1.00,              0.1617,                   0,              0.0074
        15,        90,      1.00,              0.2941,                   0,              0.0294
        15,        91,      1.00,              0.0074,                   0,              0.0147
        15,        92,      1.00,              1.0733,                   0,              0.0735
        15,        93,      1.00,              0.4190,                   0,              0.0147
        15,        94,      1.00,              0.2794,                   0,              0.0147
        15,        95,      1.00,              1.0586,                   0,              0.0515
        15,        96,      1.00,              0.2058,                   0,              0.0809
        15,        97,      1.00,              0.5734,                   0,              0.0809
        15,        98,      1.00,              0.6322,                   0,              0.0515
        15,        99,      1.00,              0.4190,                   0,              0.0294
        15,       100,      1.00,              0.8601,                   0,              0.8234
        15,       101,      1.00,              1.9555,                   0,              0.2426
        15,       102,      1.00,              0.1103,                   0,              0.0221
        15,       103,      1.00,              0.9410,                   0,              0.0368
        15,       104,      1.00,              1.5879,                   0,              0.0441
        15,       105,      1.00,              0.8307,                   0,              0.0147
        15,       106,      1.00,              0.6249,                   0,              0.0294
        15,       107,      1.00,              0.0662,                   0,              0.0074
        15,       109,      1.00,              0.3161,                   0,              0.0074
        15,       110,      1.00,              0.0588,                   0,                   0
        15,       111,      1.00,                   0,                   0,              0.0074
        15,       112,      1.00,              8.1822,                   0,              0.4484
        15,       113,      1.00,              7.1015,                   0,              0.0662
        15,       114,      1.00,              1.7276,                   0,              0.1838
        15,       116,      1.00,              0.4190,                   0,              0.0588
        15,       117,      1.00,              1.9187,                   0,              0.0221
        15,       118,      1.00,              0.9924,                   0,              0.0368
        15,       119,      1.00,              1.0954,                   0,              0.0735
        15,       120,      1.00,              0.6984,                   0,              0.0294
        15,       121,      1.00,              0.4190,                   0,              0.0515
        15,       122,      1.00,              1.1395,                   0,              0.0294
        15,       123,      1.00,              0.7057,                   0,              0.0588
        15,       124,      1.00,              0.2132,                   0,              0.0221
        15,       125,      1.00,              0.2132,                   0,              0.0074
        15,       126,      1.00,              0.9630,                   0,              0.1029
        15,       127,      1.00,              1.3453,                   0,              0.0956
        15,       128,      1.00,              0.4264,                   0,              0.0368
        15,       129,      1.00,                   0,                   0,              0.0441
        15,       130,      1.00,              0.2132,                   0,              0.0147
        15,       131,      1.00,              0.4190,                   0,              0.0147
        15,       132,      1.00,              0.2720,                   0,              0.0074
        15,       133,      1.00,              0.0294,                   0,              0.0074
        15,       135,      1.00,              0.9263,                   0,              0.0147
        15,       136,      1.00,              0.6543,                   0,              0.0368
        15,       137,      1.00,              0.4264,                   0,              0.0147
        15,       138,      1.00,              0.0809,                   0,              0.0147
        15,       139,      1.00,              0.1029,                   0,                   0
        15,       140,      1.00,              0.5514,                   0,              0.0147
        15,       141,      1.00,              0.5367,                   0,              0.0294
        15,       142,      1.00,              0.1250,                   0,              0.0221
        15,       143,      1.00,              0.6028,                   0,              0.0294
        15,       144,      1.00,              0.0882,                   0,              0.0074
        15,       145,      1.00,              0.1250,                   0,              0.0147
        15,       146,      1.00,              0.4631,                   0,              0.0294
        15,       147,      1.00,              0.1764,                   0,              0.0147
        15,       148,      1.00,              0.5367,                   0,              0.0294
        15,       149,      1.00,              0.3455,                   0,              0.0147
        15,       150,      1.00,              0.3308,                   0,              0.0368
        15,       151,      1.00,              0.4705,                   0,              0.0441
        15,       152,      1.00,              0.1911,                   0,              0.0294
        15,       153,      1.00,              0.1470,                   0,              0.0221
        15,       154,      1.00,              1.1468,                   0,              0.0662
        15,       155,      1.00,              0.5367,                   0,              0.0735
        15,       156,      1.00,              0.0809,                   0,              0.0074
        15,       157,      1.00,              0.2058,                   0,                   0
        15,       160,      1.00,              0.1838,                   0,              0.0074
        15,       161,      1.00,              0.1470,                   0,              0.0588
        15,       162,      1.00,              1.1027,                   0,              0.0441
        15,       164,      1.00,              0.6690,                   0,              0.0221
        15,       165,      1.00,              0.4043,                   0,              0.0441
        15,       166,      1.00,              0.5808,                   0,              0.0368
        15,       167,      1.00,              0.2794,                   0,              0.0147
        15,       168,      1.00,              0.2720,                   0,              0.0147
        15,       169,      1.00,              0.1470,                   0,              0.0147
        15,       170,      1.00,              0.8381,                   0,              0.0074
        15,       172,      1.00,              1.0880,                   0,              0.0074
        15,       173,      1.00,              0.0515,                   0,                   0
        15,       174,      1.00,              0.3088,                   0,                   0
        15,       175,      1.00,              0.3823,                   0,              0.0147
        15,       176,      1.00,              0.0294,                   0,                   0
        15,       177,      1.00,              0.0956,                   0,              0.0147
        15,       178,      1.00,              0.2720,                   0,              0.0294
        15,       179,      1.00,              0.4484,                   0,              0.0221
        15,       180,      1.00,              0.0882,                   0,                   0
        15,       181,      1.00,              0.3455,                   0,              0.0074
        15,       182,      1.00,              0.4264,                   0,              0.0221
        15,       183,      1.00,              0.2720,                   0,              0.0074
        15,       184,      1.00,              0.1985,                   0,                   0
        15,       185,      1.00,              0.3602,                   0,                   0
        15,       186,      1.00,              0.0221,                   0,                   0
        15,       188,      1.00,              0.5955,                   0,              0.0074
        15,       193,      1.00,              0.0074,                   0,                   0
        15,       194,      1.00,              0.2058,                   0,                   0
        15,       196,      1.00,              0.2058,                   0,                   0
        15,       201,      1.00,              0.0147,                   0,                   0
        15,       208,      1.00,              0.2720,                   0,              0.0147
        15,       209,      1.00,              1.6467,                   0,              0.0735
        15,       210,      1.00,              1.1983,                   0,              0.1103
        15,       212,      1.00,              0.0882,                   0,              0.0074
        15,       213,      1.00,              0.5220,                   0,              0.0147
        15,       217,      1.00,                   0,                   0,              0.0588
        15,       218,      1.00,              0.0074,                   0,              0.1985
        15,       219,      1.00,              0.0074,                   0,              0.2720
        15,       221,      1.00,                   0,                   0,              0.0074
        15,       222,      1.00,                   0,                   0,              0.0221
        15,       223,      1.00,                   0,                   0,              0.0074
        15,       224,      1.00,                   0,                   0,              0.1176
        15,       226,      1.00,              0.0074,                   0,              0.0809
        16,         1,      1.00,             50.6588,                   0,              2.1760
        16,         2,      1.00,             10.5273,                   0,              1.5438
        16,         3,      1.00,              1.4262,                   0,              0.3896
        16,         4,      1.00,              0.9189,                   0,              0.1691
        16,         5,      1.00,              8.3659,                   0,              0.7572
        16,         6,      1.00,              9.0937,                   0,              0.9924
        16,         7,      1.00,              2.4701,                   0,              0.7278
        16,         8,      1.00,              1.1027,                   0,              0.5146
        16,         9,      1.00,              0.7278,                   0,              0.3529
        16,        10,      1.00,             29.5381,                   0,              0.7057
        16,        11,      1.00,              0.8381,                   0,              0.1544
        16,        12,      1.00,              1.2056,                   0,              0.2720
        16,        13,      1.00,              0.5661,                   0,              0.3749
        16,        14,      1.00,              1.4482,                   0,              0.3455
        16,        15,      1.00,              1.0439,                   0,              0.3896
        16,        16,      1.00,            125.4892,                   0,              1.1395
        16,        17,      1.00,             32.3170,                   0,              1.8305
        16,        18,      1.00,            107.6619,                   0,              3.2346
        16,        19,      1.00,              1.2865,                   0,              0.3235
        16,        20,      1.00,             12.3651,                   0,              0.7793
        16,        21,      1.00,              0.1176,                   0,              0.1103
        16,        22,      1.00,              4.5358,                   0,              0.5220
        16,        23,      1.00,                   0,                   0,              0.0147
        16,        24,      1.00,              0.7204,                   0,              0.0147
        16,        25,      1.00,                   0,                   0,              0.0221
        16,        26,      1.00,              0.2058,                   0,              0.0074
        16,        27,      1.00,              0.4117,                   0,              0.0147
        16,        28,      1.00,              0.3749,                   0,              0.0147
        16,        29,      1.00,                   0,                   0,              0.0147
        16,        30,      1.00,              0.2058,                   0,              0.0221
        16,        31,      1.00,              0.1029,                   0,              0.0147
        16,        32,      1.00,              0.0588,                   0,              0.0074
        16,        33,      1.00,                   0,                   0,              0.0074
        16,        35,      1.00,              0.1617,                   0,              0.0147
        16,        36,      1.00,              0.2058,                   0,              0.0074
        16,        37,      1.00,              0.3088,                   0,              0.0147
        16,        38,      1.00,                   0,                   0,              0.0074
        16,        39,      1.00,                   0,                   0,              0.0074
        16,        40,      1.00,                   0,                   0,              0.0074
        16,        41,      1.00,              0.2058,                   0,              0.0074
        16,        44,      1.00,                   0,                   0,              0.0074
        16,        45,      1.00,                   0,                   0,              0.0074
        16,        48,      1.00,              0.0294,                   0,                   0
        16,        49,      1.00,              0.2058,                   0,              0.0074
        16,        50,      1.00,              0.1764,                   0,                   0
        16,        51,      1.00,              0.0074,                   0,                   0
        16,        52,      1.00,              0.4043,                   0,              0.0074
        16,        55,      1.00,                   0,                   0,              0.0074
        16,        56,      1.00,                   0,                   0,              0.0074
        16,        58,      1.00,              0.4117,                   0,              0.0074
        16,        59,      1.00,              0.4117,                   0,              0.0074
        16,        60,      1.00,              0.2058,                   0,              0.0074
        16,        61,      1.00,                   0,                   0,              0.0074
        16,        63,      1.00,              0.2058,                   0,                   0
        16,        65,      1.00,              0.2058,                   0,              0.0074
        16,        66,      1.00,                   0,                   0,              0.0074
        16,        67,      1.00,              0.2058,                   0,                   0
        16,        70,      1.00,              0.2058,                   0,                   0
        16,        83,      1.00,              0.2058,                   0,              0.0074
        16,        84,      1.00,              0.2058,                   0,                   0
        16,        89,      1.00,              0.0588,                   0,                   0
        16,        97,      1.00,              0.0441,                   0,                   0
        16,        98,      1.00,              0.0588,                   0,                   0
        16,       112,      1.00,                   0,                   0,              0.0074
        16,       120,      1.00,              0.1029,                   0,                   0
        16,       121,      1.00,              0.3088,                   0,                   0
        16,       122,      1.00,              0.1029,                   0,                   0
        16,       126,      1.00,              0.0441,                   0,                   0
        16,       127,      1.00,              0.1544,                   0,              0.0074
        16,       128,      1.00,              0.0074,                   0,                   0
        16,       130,      1.00,              0.0221,                   0,                   0
        16,       143,      1.00,              0.0662,                   0,                   0
        16,       144,      1.00,              0.0221,                   0,                   0
        16,       145,      1.00,              0.0147,                   0,                   0
        16,       146,      1.00,              0.0221,                   0,                   0
        16,       148,      1.00,              0.0588,                   0,                   0
        16,       151,      1.00,              0.0074,                   0,                   0
        16,       154,      1.00,              0.0956,                   0,              0.0074
        16,       160,      1.00,              0.0221,                   0,                   0
        16,       161,      1.00,              0.0662,                   0,                   0
        16,       165,      1.00,              0.0662,                   0,                   0
        16,       166,      1.00,              0.0074,                   0,                   0
        16,       177,      1.00,              0.0441,                   0,                   0
        16,       182,      1.00,              0.0662,                   0,                   0
        16,       209,      1.00,              0.2058,                   0,              0.0074
        16,       215,      1.00,                   0,                   0,              0.0074
        16,       217,      1.00,              0.0294,                   0,              0.2573
        16,       218,      1.00,              0.1029,                   0,              0.8822
        16,       219,      1.00,              0.1029,                   0,              1.0954
        16,       220,      1.00,              0.0074,                   0,              0.0147
        16,       221,      1.00,              0.0294,                   0,              0.0441
        16,       222,      1.00,              0.0294,                   0,              0.2352
        16,       223,      1.00,                   0,                   0,              0.0074
        16,       224,      1.00,                   0,                   0,              0.0882
        17,         1,      1.00,             44.1087,                   0,              3.3670
        17,         2,      1.00,             51.8497,                   0,              4.1315
        17,         3,      1.00,             15.0705,                   0,              1.4262
        17,         4,      1.00,              7.9396,                   0,              0.4558
        17,         5,      1.00,             92.4591,                   0,              4.7931
        17,         6,      1.00,            115.3662,                   0,              4.6241
        17,         7,      1.00,             47.8947,                   0,              2.8671
        17,         8,      1.00,              9.9906,                   0,              2.2789
        17,         9,      1.00,             14.9970,                   0,              1.6541
        17,        10,      1.00,             24.1348,                   0,              1.0880
        17,        11,      1.00,              3.5802,                   0,              0.3749
        17,        12,      1.00,              4.2050,                   0,              0.7646
        17,        13,      1.00,              5.9620,                   0,              2.3745
        17,        14,      1.00,              4.2932,                   0,              1.4041
        17,        15,      1.00,             11.3139,                   0,              1.2939
        17,        16,      1.00,             28.8618,                   0,              1.8305
        17,        17,      1.00,           1078.1851,                   0,             10.9022
        17,        18,      1.00,             29.5381,                   0,              2.9332
        17,        19,      1.00,             67.9494,                   0,              2.4260
        17,        20,      1.00,             81.6158,                   0,              2.2716
        17,        21,      1.00,             21.1281,                   0,              4.8667
        17,        22,      1.00,            226.5275,                   0,              3.6463
        17,        23,      1.00,              1.2424,                   0,              0.0368
        17,        24,      1.00,              1.0366,                   0,              0.0441
        17,        25,      1.00,                   0,                   0,              0.0662
        17,        26,      1.00,              1.3012,                   0,              0.0294
        17,        27,      1.00,              1.1027,                   0,              0.0441
        17,        28,      1.00,              2.0437,                   0,              0.0588
        17,        29,      1.00,              0.9998,                   0,              0.0368
        17,        30,      1.00,              0.2205,                   0,              0.0441
        17,        31,      1.00,              0.8307,                   0,              0.0441
        17,        32,      1.00,              1.1909,                   0,              0.0294
        17,        33,      1.00,              0.7866,                   0,              0.0662
        17,        34,      1.00,                   0,                   0,              0.0074
        17,        35,      1.00,              1.6026,                   0,              0.0294
        17,        36,      1.00,              0.4778,                   0,              0.0221
        17,        37,      1.00,              0.2941,                   0,              0.1323
        17,        38,      1.00,              0.4264,                   0,              0.0294
        17,        39,      1.00,              0.3235,                   0,              0.0294
        17,        40,      1.00,              0.9336,                   0,              0.0221
        17,        41,      1.00,              0.7866,                   0,              0.0147
        17,        42,      1.00,              0.4117,                   0,                   0
        17,        44,      1.00,              0.2058,                   0,              0.0147
        17,        45,      1.00,              0.2058,                   0,              0.0221
        17,        46,      1.00,              0.2941,                   0,              0.0074
        17,        47,      1.00,              0.1691,                   0,                   0
        17,        48,      1.00,              0.0294,                   0,                   0
        17,        49,      1.00,              0.0147,                   0,              0.0221
        17,        50,      1.00,              0.1764,                   0,                   0
        17,        52,      1.00,              0.0074,                   0,              0.0588
        17,        54,      1.00,                   0,                   0,              0.0441
        17,        55,      1.00,              0.3088,                   0,              0.0221
        17,        56,      1.00,              0.4999,                   0,              0.0147
        17,        57,      1.00,              0.0221,                   0,                   0
        17,        58,      1.00,              0.8234,                   0,              0.0147
        17,        59,      1.00,              0.4117,                   0,              0.0221
        17,        60,      1.00,              0.1029,                   0,              0.0294
        17,        61,      1.00,              0.9924,                   0,              0.0809
        17,        62,      1.00,              0.2058,                   0,              0.1103
        17,        63,      1.00,              0.6175,                   0,              0.0368
        17,        64,      1.00,                   0,                   0,              0.0588
        17,        65,      1.00,              0.7793,                   0,              0.0662
        17,        66,      1.00,              0.5146,                   0,              0.0147
        17,        67,      1.00,              0.9189,                   0,              0.0441
        17,        68,      1.00,              0.5587,                   0,              0.0221
        17,        69,      1.00,                   0,                   0,              0.0441
        17,        70,      1.00,              0.2058,                   0,              0.0074
        17,        71,      1.00,              0.4117,                   0,              0.0074
        17,        72,      1.00,                   0,                   0,              0.0074
        17,        73,      1.00,                   0,                   0,              0.0147
        17,        74,      1.00,              0.2058,                   0,              0.0074
        17,        75,      1.00,              0.2058,                   0,              0.0588
        17,        76,      1.00,                   0,                   0,              0.0294
        17,        77,      1.00,                   0,                   0,              0.0074
        17,        79,      1.00,              0.2058,                   0,              0.0515
        17,        80,      1.00,              0.4117,                   0,              0.0147
        17,        81,      1.00,                   0,                   0,              0.0074
        17,        83,      1.00,              0.2058,                   0,              0.0221
        17,        84,      1.00,              0.5146,                   0,              0.0074
        17,        85,      1.00,              0.2058,                   0,              0.0074
        17,        86,      1.00,              0.4705,                   0,              0.0147
        17,        89,      1.00,              0.2058,                   0,                   0
        17,        90,      1.00,              0.1250,                   0,              0.0074
        17,        91,      1.00,              0.2647,                   0,                   0
        17,        92,      1.00,              0.4117,                   0,              0.0147
        17,        93,      1.00,              0.0588,                   0,                   0
        17,        94,      1.00,              0.1029,                   0,              0.0074
        17,        95,      1.00,              0.5146,                   0,              0.0074
        17,        96,      1.00,                   0,                   0,              0.0074
        17,        97,      1.00,              0.1397,                   0,              0.0147
        17,        98,      1.00,              0.3382,                   0,              0.0074
        17,        99,      1.00,                   0,                   0,              0.0294
        17,       100,      1.00,              0.2058,                   0,              0.0882
        17,       101,      1.00,              0.2647,                   0,              0.1397
        17,       103,      1.00,              0.2647,                   0,              0.0147
        17,       111,      1.00,              0.2058,                   0,                   0
        17,       112,      1.00,              0.7498,                   0,              0.0221
        17,       113,      1.00,              0.1029,                   0,              0.0074
        17,       114,      1.00,                   0,                   0,              0.0074
        17,       115,      1.00,                   0,                   0,              0.0956
        17,       116,      1.00,                   0,                   0,              0.0074
        17,       117,      1.00,              0.5367,                   0,                   0
        17,       118,      1.00,              0.1029,                   0,              0.0074
        17,       119,      1.00,              0.3088,                   0,              0.0147
        17,       120,      1.00,              0.2058,                   0,                   0
        17,       121,      1.00,              0.4117,                   0,                   0
        17,       122,      1.00,              0.4117,                   0,              0.0074
        17,       123,      1.00,                   0,                   0,              0.0074
        17,       124,      1.00,              0.2058,                   0,                   0
        17,       126,      1.00,              0.3161,                   0,              0.0074
        17,       127,      1.00,              0.5072,                   0,              0.0074
        17,       128,      1.00,              0.0735,                   0,              0.0074
        17,       130,      1.00,              0.1323,                   0,                   0
        17,       131,      1.00,                   0,                   0,              0.0074
        17,       132,      1.00,              0.1029,                   0,                   0
        17,       133,      1.00,              0.0662,                   0,                   0
        17,       135,      1.00,              0.4117,                   0,                   0
        17,       136,      1.00,              0.2279,                   0,              0.0147
        17,       137,      1.00,              0.0368,                   0,              0.0074
        17,       139,      1.00,              0.2058,                   0,                   0
        17,       140,      1.00,              0.1838,                   0,                   0
        17,       141,      1.00,              0.1764,                   0,              0.0074
        17,       142,      1.00,              0.1029,                   0,                   0
        17,       143,      1.00,              0.1029,                   0,                   0
        17,       144,      1.00,              0.0662,                   0,                   0
        17,       145,      1.00,              0.0588,                   0,                   0
        17,       146,      1.00,              0.2426,                   0,              0.0074
        17,       147,      1.00,              0.0221,                   0,                   0
        17,       148,      1.00,              0.1764,                   0,                   0
        17,       149,      1.00,              0.0662,                   0,                   0
        17,       150,      1.00,              0.0515,                   0,              0.0074
        17,       151,      1.00,              0.1397,                   0,              0.0074
        17,       152,      1.00,              0.1029,                   0,              0.0074
        17,       153,      1.00,              0.0221,                   0,              0.0074
        17,       154,      1.00,              0.3676,                   0,              0.0147
        17,       155,      1.00,              0.0588,                   0,              0.0074
        17,       157,      1.00,                   0,                   0,              0.0074
        17,       160,      1.00,              0.0441,                   0,                   0
        17,       161,      1.00,              0.0809,                   0,              0.0147
        17,       162,      1.00,              0.0588,                   0,              0.0368
        17,       164,      1.00,              0.4264,                   0,              0.0368
        17,       165,      1.00,              0.0662,                   0,              0.0074
        17,       166,      1.00,              0.0809,                   0,              0.0074
        17,       167,      1.00,              0.1029,                   0,                   0
        17,       168,      1.00,              0.0368,                   0,                   0
        17,       169,      1.00,              0.0221,                   0,                   0
        17,       170,      1.00,              0.0882,                   0,              0.0147
        17,       173,      1.00,              0.0221,                   0,                   0
        17,       174,      1.00,                   0,                   0,              0.0074
        17,       175,      1.00,              0.1764,                   0,              0.0147
        17,       177,      1.00,              0.0441,                   0,                   0
        17,       178,      1.00,              0.1029,                   0,                   0
        17,       179,      1.00,              0.1470,                   0,              0.0074
        17,       180,      1.00,              0.0221,                   0,                   0
        17,       181,      1.00,              0.1470,                   0,                   0
        17,       182,      1.00,              0.1617,                   0,                   0
        17,       184,      1.00,              0.0221,                   0,                   0
        17,       185,      1.00,              0.0441,                   0,                   0
        17,       188,      1.00,              0.2058,                   0,                   0
        17,       209,      1.00,              0.5293,                   0,              0.0147
        17,       210,      1.00,              0.2426,                   0,              0.0074
        17,       213,      1.00,                   0,                   0,              0.0147
        17,       215,      1.00,                   0,                   0,              0.0074
        17,       217,      1.00,              0.0294,                   0,              0.3088
        17,       218,      1.00,              0.0956,                   0,              1.0807
        17,       219,      1.00,              0.1103,                   0,              1.4703
        17,       220,      1.00,                   0,                   0,              0.0147
        17,       221,      1.00,              0.0147,                   0,              0.0441
        17,       222,      1.00,              0.0221,                   0,              0.2499
        17,       223,      1.00,              0.0441,                   0,              0.0809
        17,       224,      1.00,              0.0294,                   0,              1.2718
        17,       226,      1.00,                   0,                   0,              0.0074
        18,         1,      1.00,            249.4346,                   0,              9.6966
        18,         2,      1.00,             41.3078,                   0,              5.4768
        18,         3,      1.00,              5.2783,                   0,              1.7055
        18,         4,      1.00,              3.3155,                   0,              0.5440
        18,         5,      1.00,             17.0333,                   0,              1.9702
        18,         6,      1.00,             20.4517,                   0,              1.9481
        18,         7,      1.00,             12.9385,                   0,              1.6467
        18,         8,      1.00,              3.9183,                   0,              2.0069
        18,         9,      1.00,              4.7343,                   0,              0.6837
        18,        10,      1.00,            108.0221,                   0,              2.1687
        18,        11,      1.00,              2.6465,                   0,              0.4558
        18,        12,      1.00,              3.0729,                   0,              1.1615
        18,        13,      1.00,              1.6761,                   0,              2.3598
        18,        14,      1.00,              2.6612,                   0,              2.2348
        18,        15,      1.00,              3.7566,                   0,              1.2939
        18,        16,      1.00,            165.9883,                   0,              3.2346
        18,        17,      1.00,             53.6582,                   0,              2.9332
        18,        18,      1.00,           1406.1185,                   0,             26.3990
        18,        19,      1.00,              4.9255,                   0,              0.6910
        18,        20,      1.00,             32.5154,                   0,              1.9702
        18,        21,      1.00,              2.1025,                   0,              0.1985
        18,        22,      1.00,              7.1309,                   0,              1.1983
        18,        23,      1.00,              0.4925,                   0,              0.0294
        18,        24,      1.00,              0.9924,                   0,              0.0294
        18,        25,      1.00,              0.1029,                   0,              0.1397
        18,        26,      1.00,              0.4925,                   0,              0.0147
        18,        27,      1.00,              0.1470,                   0,              0.0221
        18,        28,      1.00,              0.4778,                   0,              0.0221
        18,        29,      1.00,                   0,                   0,              0.0221
        18,        30,      1.00,              0.2573,                   0,              0.0221
        18,        31,      1.00,              0.6837,                   0,              0.0294
        18,        32,      1.00,              0.3235,                   0,              0.0074
        18,        33,      1.00,              0.3602,                   0,              0.0147
        18,        34,      1.00,              0.2058,                   0,                   0
        18,        35,      1.00,              0.6837,                   0,              0.0368
        18,        36,      1.00,                   0,                   0,              0.0221
        18,        37,      1.00,              0.3749,                   0,              0.0294
        18,        38,      1.00,              0.0074,                   0,              0.0147
        18,        39,      1.00,              0.1617,                   0,              0.0147
        18,        40,      1.00,              0.2720,                   0,              0.0147
        18,        41,      1.00,              0.5146,                   0,              0.0221
        18,        42,      1.00,              0.2058,                   0,                   0
        18,        44,      1.00,              0.3088,                   0,              0.0074
        18,        45,      1.00,                   0,                   0,              0.0147
        18,        46,      1.00,              0.1470,                   0,              0.0074
        18,        49,      1.00,              0.2058,                   0,              0.0147
        18,        52,      1.00,                   0,                   0,              0.0147
        18,        54,      1.00,                   0,                   0,              0.0074
        18,        55,      1.00,              0.2058,                   0,              0.0147
        18,        56,      1.00,                   0,                   0,              0.0147
        18,        58,      1.00,              0.7351,                   0,              0.0147
        18,        59,      1.00,              0.4558,                   0,              0.0074
        18,        60,      1.00,                   0,                   0,              0.0074
        18,        61,      1.00,                   0,                   0,              0.0074
        18,        62,      1.00,                   0,                   0,              0.0074
        18,        63,      1.00,              0.1029,                   0,              0.0074
        18,        64,      1.00,                   0,                   0,              0.0074
        18,        65,      1.00,                   0,                   0,              0.0074
        18,        66,      1.00,              0.5661,                   0,              0.0074
        18,        67,      1.00,              0.1103,                   0,              0.0074
        18,        68,      1.00,              0.0956,                   0,                   0
        18,        69,      1.00,                   0,                   0,              0.0074
        18,        75,      1.00,                   0,                   0,              0.0074
        18,        77,      1.00,              0.2058,                   0,                   0
        18,        79,      1.00,              0.2058,                   0,              0.0074
        18,        80,      1.00,              0.1544,                   0,              0.0074
        18,        83,      1.00,              0.2058,                   0,              0.0074
        18,        84,      1.00,              0.1544,                   0,              0.0074
        18,        85,      1.00,                   0,                   0,              0.0074
        18,        86,      1.00,                   0,                   0,              0.0074
        18,        89,      1.00,              0.2058,                   0,                   0
        18,        90,      1.00,              0.0588,                   0,                   0
        18,        91,      1.00,              0.2058,                   0,                   0
        18,        92,      1.00,              0.1029,                   0,              0.0074
        18,        93,      1.00,              0.0809,                   0,                   0
        18,        95,      1.00,              0.2647,                   0,              0.0074
        18,       101,      1.00,                   0,                   0,              0.0074
        18,       104,      1.00,              0.1029,                   0,                   0
        18,       111,      1.00,              0.0588,                   0,                   0
        18,       112,      1.00,              0.2720,                   0,              0.0221
        18,       113,      1.00,              0.2058,                   0,                   0
        18,       114,      1.00,              0.0588,                   0,                   0
        18,       118,      1.00,              0.5146,                   0,              0.0074
        18,       119,      1.00,              0.6175,                   0,              0.0074
        18,       120,      1.00,              0.3088,                   0,                   0
        18,       122,      1.00,              0.0588,                   0,                   0
        18,       124,      1.00,              0.1029,                   0,                   0
        18,       125,      1.00,              0.1029,                   0,                   0
        18,       126,      1.00,              0.1250,                   0,              0.0074
        18,       127,      1.00,              0.1764,                   0,              0.0074
        18,       128,      1.00,              0.0662,                   0,                   0
        18,       132,      1.00,              0.0441,                   0,                   0
        18,       133,      1.00,              0.0147,                   0,                   0
        18,       140,      1.00,              0.0588,                   0,                   0
        18,       141,      1.00,              0.0515,                   0,                   0
        18,       142,      1.00,              0.3088,                   0,                   0
        18,       143,      1.00,              0.0515,                   0,                   0
        18,       144,      1.00,              0.0147,                   0,                   0
        18,       145,      1.00,              0.0221,                   0,                   0
        18,       146,      1.00,              0.0441,                   0,                   0
        18,       147,      1.00,              0.0956,                   0,                   0
        18,       148,      1.00,              0.1544,                   0,                   0
        18,       150,      1.00,              0.1029,                   0,              0.0074
        18,       151,      1.00,              0.1029,                   0,                   0
        18,       153,      1.00,              0.0221,                   0,                   0
        18,       154,      1.00,              0.1764,                   0,              0.0074
        18,       155,      1.00,              0.0515,                   0,              0.0074
        18,       160,      1.00,              0.0221,                   0,                   0
        18,       161,      1.00,              0.0221,                   0,              0.0074
        18,       165,      1.00,              0.0221,                   0,                   0
        18,       166,      1.00,              0.0515,                   0,                   0
        18,       167,      1.00,              0.0221,                   0,                   0
        18,       168,      1.00,              0.0368,                   0,                   0
        18,       169,      1.00,              0.0441,                   0,                   0
        18,       172,      1.00,              0.2058,                   0,                   0
        18,       175,      1.00,              0.0147,                   0,                   0
        18,       177,      1.00,              0.0147,                   0,                   0
        18,       178,      1.00,              0.0515,                   0,                   0
        18,       181,      1.00,              0.0221,                   0,                   0
        18,       182,      1.00,              0.1029,                   0,                   0
        18,       184,      1.00,              0.0221,                   0,                   0
        18,       185,      1.00,              0.0294,                   0,                   0
        18,       209,      1.00,              0.2647,                   0,              0.0147
        18,       210,      1.00,              0.2058,                   0,              0.0074
        18,       215,      1.00,              0.0294,                   0,              0.0809
        18,       217,      1.00,              0.5808,                   0,              2.3672
        18,       218,      1.00,              0.7131,                   0,              3.9036
        18,       219,      1.00,              0.5734,                   0,              4.3447
        18,       220,      1.00,              0.0221,                   0,              0.0368
        18,       221,      1.00,              0.0368,                   0,              0.0882
        18,       222,      1.00,              0.0368,                   0,              0.3455
        18,       223,      1.00,                   0,                   0,              0.0074
        18,       224,      1.00,                   0,                   0,              0.1764
        19,         1,      1.00,              3.6169,                   0,              0.7866
        19,         2,      1.00,              9.5863,                   0,              0.8748
        19,         3,      1.00,              3.6537,                   0,              0.4411
        19,         4,      1.00,              8.4395,                   0,              0.2279
        19,         5,      1.00,             14.2030,                   0,              1.3821
        19,         6,      1.00,             87.0338,                   0,              2.1319
        19,         7,      1.00,            101.4500,                   0,              1.6908
        19,         8,      1.00,             26.8989,                   0,              1.0880
        19,         9,      1.00,             51.8718,                   0,              0.8895
        19,        10,      1.00,              1.5070,                   0,              0.2867
        19,        11,      1.00,              4.7490,                   0,              0.2132
        19,        12,      1.00,              7.8072,                   0,              0.5072
        19,        13,      1.00,              2.9406,                   0,              0.9630
        19,        14,      1.00,              5.0798,                   0,              0.3676
        19,        15,      1.00,             34.8679,                   0,              0.8675
        19,        16,      1.00,              1.6982,                   0,              0.3235
        19,        17,      1.00,             60.5171,                   0,              2.4260
        19,        18,      1.00,              3.0141,                   0,              0.6910
        19,        19,      1.00,            160.7688,                   0,              1.0366
        19,        20,      1.00,              8.1160,                   0,              0.6102
        19,        21,      1.00,              0.3455,                   0,              0.2205
        19,        22,      1.00,            112.5800,                   0,              1.4556
        19,        23,      1.00,              0.9189,                   0,              0.0515
        19,        24,      1.00,              0.3455,                   0,              0.0515
        19,        25,      1.00,              0.4117,                   0,              0.0074
        19,        26,      1.00,              0.8160,                   0,              0.0294
        19,        27,      1.00,              1.0880,                   0,              0.0515
        19,        28,      1.00,              1.1395,                   0,              0.0662
        19,        29,      1.00,              0.1397,                   0,              0.0441
        19,        30,      1.00,              0.6837,                   0,              0.0441
        19,        31,      1.00,              0.4190,                   0,              0.0441
        19,        32,      1.00,              0.4852,                   0,              0.0294
        19,        33,      1.00,              0.7866,                   0,              0.0368
        19,        34,      1.00,                   0,                   0,              0.0147
        19,        35,      1.00,              0.4631,                   0,              0.0735
        19,        36,      1.00,              0.1764,                   0,              0.0515
        19,        37,      1.00,              0.5661,                   0,              0.1176
        19,        38,      1.00,              0.4925,                   0,              0.0441
        19,        39,      1.00,              0.2058,                   0,              0.0515
        19,        40,      1.00,              0.3455,                   0,              0.0735
        19,        41,      1.00,              1.2644,                   0,              0.0294
        19,        43,      1.00,                   0,                   0,              0.0074
        19,        44,      1.00,                   0,                   0,              0.0147
        19,        45,      1.00,                   0,                   0,              0.0368
        19,        46,      1.00,              0.2941,                   0,              0.0074
        19,        48,      1.00,              0.0147,                   0,                   0
        19,        49,      1.00,              0.0147,                   0,              0.0368
        19,        50,      1.00,              0.0882,                   0,              0.0147
        19,        52,      1.00,              0.0074,                   0,              0.0662
        19,        53,      1.00,              0.0662,                   0,                   0
        19,        54,      1.00,                   0,                   0,              0.0441
        19,        55,      1.00,              0.2132,                   0,              0.0221
        19,        56,      1.00,              0.4043,                   0,              0.0368
        19,        57,      1.00,              0.0147,                   0,                   0
        19,        58,      1.00,                   0,                   0,              0.0221
        19,        59,      1.00,              0.4999,                   0,              0.0221
        19,        60,      1.00,              0.1911,                   0,              0.0147
        19,        61,      1.00,              0.0074,                   0,              0.0294
        19,        62,      1.00,              0.1029,                   0,              0.0147
        19,        63,      1.00,                   0,                   0,              0.0147
        19,        64,      1.00,              0.1323,                   0,              0.0147
        19,        65,      1.00,              0.2132,                   0,              0.0294
        19,        66,      1.00,              0.2720,                   0,              0.0147
        19,        67,      1.00,              0.3382,                   0,              0.0221
        19,        68,      1.00,                   0,                   0,              0.0074
        19,        69,      1.00,              0.2058,                   0,              0.0294
        19,        70,      1.00,                   0,                   0,              0.0074
        19,        71,      1.00,              0.1029,                   0,              0.0074
        19,        73,      1.00,              0.2058,                   0,              0.0074
        19,        75,      1.00,              0.2058,                   0,              0.0147
        19,        76,      1.00,                   0,                   0,              0.0147
        19,        77,      1.00,              0.4117,                   0,              0.0074
        19,        79,      1.00,                   0,                   0,              0.0147
        19,        80,      1.00,              0.2058,                   0,              0.0074
        19,        81,      1.00,              0.0074,                   0,              0.0074
        19,        82,      1.00,                   0,                   0,              0.0074
        19,        83,      1.00,              0.1029,                   0,              0.0147
        19,        84,      1.00,                   0,                   0,              0.0074
        19,        85,      1.00,              0.6175,                   0,              0.0147
        19,        86,      1.00,              0.2058,                   0,              0.0074
        19,        87,      1.00,              0.2058,                   0,                   0
        19,        89,      1.00,              0.2058,                   0,                   0
        19,        90,      1.00,              0.3308,                   0,              0.0074
        19,        92,      1.00,              0.5367,                   0,              0.0074
        19,        93,      1.00,              0.0588,                   0,                   0
        19,        94,      1.00,                   0,                   0,              0.0074
        19,        95,      1.00,              0.2647,                   0,              0.0074
        19,        97,      1.00,              0.0294,                   0,                   0
        19,        98,      1.00,              0.0368,                   0,                   0
        19,        99,      1.00,              0.1250,                   0,                   0
        19,       100,      1.00,                   0,                   0,              0.0147
        19,       101,      1.00,              0.0662,                   0,              0.0147
        19,       103,      1.00,              0.1250,                   0,              0.0074
        19,       104,      1.00,              0.1250,                   0,                   0
        19,       105,      1.00,                   0,                   0,              0.0074
        19,       106,      1.00,              0.2058,                   0,              0.0074
        19,       107,      1.00,                   0,                   0,              0.0074
        19,       112,      1.00,              0.7793,                   0,              0.0588
        19,       113,      1.00,              0.2058,                   0,                   0
        19,       114,      1.00,              0.1911,                   0,                   0
        19,       116,      1.00,                   0,                   0,              0.0074
        19,       117,      1.00,              0.0588,                   0,              0.0074
        19,       118,      1.00,              0.3088,                   0,              0.0074
        19,       119,      1.00,              0.0588,                   0,              0.0074
        19,       120,      1.00,              0.1250,                   0,              0.0074
        19,       121,      1.00,              0.2058,                   0,              0.0074
        19,       122,      1.00,              0.1029,                   0,              0.0074
        19,       123,      1.00,              0.3308,                   0,              0.0147
        19,       124,      1.00,                   0,                   0,              0.0074
        19,       126,      1.00,              0.3161,                   0,              0.0074
        19,       127,      1.00,              0.4999,                   0,              0.0147
        19,       128,      1.00,              0.1323,                   0,              0.0074
        19,       130,      1.00,              0.0588,                   0,                   0
        19,       131,      1.00,              0.2058,                   0,                   0
        19,       132,      1.00,              0.0368,                   0,                   0
        19,       133,      1.00,              0.0221,                   0,                   0
        19,       136,      1.00,              0.2058,                   0,              0.0074
        19,       137,      1.00,              0.1250,                   0,                   0
        19,       138,      1.00,              0.1250,                   0,                   0
        19,       140,      1.00,              0.0809,                   0,                   0
        19,       141,      1.00,              0.0809,                   0,              0.0074
        19,       142,      1.00,              0.2058,                   0,              0.0074
        19,       143,      1.00,              0.1103,                   0,              0.0074
        19,       144,      1.00,              0.0221,                   0,                   0
        19,       145,      1.00,              0.0441,                   0,                   0
        19,       146,      1.00,              0.1691,                   0,              0.0074
        19,       147,      1.00,              0.0662,                   0,              0.0074
        19,       148,      1.00,              0.1470,                   0,              0.0074
        19,       149,      1.00,              0.1103,                   0,              0.0074
        19,       150,      1.00,              0.1544,                   0,              0.0074
        19,       151,      1.00,              0.1617,                   0,              0.0074
        19,       152,      1.00,                   0,                   0,              0.0074
        19,       153,      1.00,              0.0588,                   0,              0.0074
        19,       154,      1.00,              0.2132,                   0,              0.0147
        19,       155,      1.00,              0.2573,                   0,              0.0074
        19,       156,      1.00,              0.0147,                   0,                   0
        19,       160,      1.00,              0.0221,                   0,                   0
        19,       161,      1.00,              0.0368,                   0,              0.0074
        19,       162,      1.00,                   0,                   0,              0.0074
        19,       164,      1.00,                   0,                   0,              0.0074
        19,       165,      1.00,              0.0882,                   0,              0.0074
        19,       166,      1.00,              0.0588,                   0,              0.0074
        19,       167,      1.00,                   0,                   0,              0.0074
        19,       168,      1.00,              0.0515,                   0,                   0
        19,       169,      1.00,              0.0221,                   0,                   0
        19,       175,      1.00,              0.0809,                   0,                   0
        19,       177,      1.00,              0.0515,                   0,                   0
        19,       178,      1.00,              0.0368,                   0,              0.0074
        19,       179,      1.00,              0.1764,                   0,              0.0074
        19,       180,      1.00,              0.0368,                   0,                   0
        19,       181,      1.00,              0.0809,                   0,                   0
        19,       182,      1.00,              0.1250,                   0,                   0
        19,       183,      1.00,              0.0662,                   0,                   0
        19,       184,      1.00,              0.0368,                   0,                   0
        19,       185,      1.00,              0.0441,                   0,                   0
        19,       186,      1.00,              0.0368,                   0,                   0
        19,       193,      1.00,              0.0147,                   0,                   0
        19,       201,      1.00,              0.0221,                   0,                   0
        19,       209,      1.00,              0.3676,                   0,              0.0147
        19,       210,      1.00,                   0,                   0,              0.0074
        19,       212,      1.00,              0.1250,                   0,                   0
        19,       217,      1.00,              0.0074,                   0,              0.0735
        19,       218,      1.00,              0.0147,                   0,              0.2573
        19,       219,      1.00,              0.0221,                   0,              0.3529
        19,       221,      1.00,                   0,                   0,              0.0074
        19,       222,      1.00,                   0,                   0,              0.0294
        19,       223,      1.00,                   0,                   0,              0.0074
        19,       224,      1.00,                   0,                   0,              0.1544
        19,       226,      1.00,                   0,                   0,              0.0074
        20,         1,      1.00,             86.7471,                   0,              3.2493
        20,         2,      1.00,            118.6009,                   0,              4.4035
        20,         3,      1.00,             23.8260,                   0,              1.2497
        20,         4,      1.00,              9.2775,                   0,              0.5587
        20,         5,      1.00,            137.1486,                   0,              2.6171
        20,         6,      1.00,            102.6409,                   0,              3.0141
        20,         7,      1.00,             32.8316,                   0,              1.8599
        20,         8,      1.00,              4.6976,                   0,              1.7202
        20,         9,      1.00,              6.9986,                   0,              0.8969
        20,        10,      1.00,             43.8881,                   0,              0.7719
        20,        11,      1.00,              3.2640,                   0,              0.5514
        20,        12,      1.00,              2.0069,                   0,              1.0513
        20,        13,      1.00,              1.4776,                   0,              1.3453
        20,        14,      1.00,              1.1615,                   0,              1.1248
        20,        15,      1.00,              2.4186,                   0,              0.9336
        20,        16,      1.00,             22.2381,                   0,              0.7793
        20,        17,      1.00,            128.3857,                   0,              2.2716
        20,        18,      1.00,             44.8291,                   0,              1.9702
        20,        19,      1.00,             15.7247,                   0,              0.6102
        20,        20,      1.00,            275.8263,                   0,              2.3892
        20,        21,      1.00,              2.1172,                   0,              0.1029
        20,        22,      1.00,             26.7740,                   0,              0.6543
        20,        23,      1.00,              0.6175,                   0,              0.0221
        20,        24,      1.00,              0.4558,                   0,              0.0294
        20,        25,      1.00,              0.2058,                   0,              0.0735
        20,        26,      1.00,              0.2058,                   0,              0.0147
        20,        27,      1.00,              0.0515,                   0,              0.0147
        20,        28,      1.00,                   0,                   0,              0.0147
        20,        29,      1.00,              0.3896,                   0,              0.0221
        20,        30,      1.00,              0.1911,                   0,              0.0294
        20,        31,      1.00,                   0,                   0,              0.0441
        20,        32,      1.00,              0.1911,                   0,              0.0074
        20,        33,      1.00,              0.3970,                   0,              0.0074
        20,        35,      1.00,              0.3896,                   0,              0.0294
        20,        36,      1.00,              0.0074,                   0,              0.0147
        20,        37,      1.00,              0.2058,                   0,              0.0221
        20,        38,      1.00,              0.0074,                   0,              0.0147
        20,        39,      1.00,              0.0074,                   0,              0.0074
        20,        40,      1.00,              0.1691,                   0,              0.0074
        20,        41,      1.00,                   0,                   0,              0.0147
        20,        44,      1.00,                   0,                   0,              0.0074
        20,        45,      1.00,              0.2058,                   0,              0.0074
        20,        46,      1.00,                   0,                   0,              0.0074
        20,        47,      1.00,              0.0882,                   0,                   0
        20,        49,      1.00,              0.0074,                   0,              0.0074
        20,        51,      1.00,              0.0074,                   0,                   0
        20,        52,      1.00,              0.2058,                   0,              0.0074
        20,        54,      1.00,              0.0588,                   0,                   0
        20,        55,      1.00,              0.2058,                   0,              0.0074
        20,        56,      1.00,              0.2867,                   0,              0.0074
        20,        57,      1.00,              0.0074,                   0,                   0
        20,        58,      1.00,                   0,                   0,              0.0074
        20,        59,      1.00,                   0,                   0,              0.0074
        20,        60,      1.00,              0.3014,                   0,                   0
        20,        61,      1.00,                   0,                   0,              0.0074
        20,        64,      1.00,              0.0588,                   0,                   0
        20,        67,      1.00,              0.2720,                   0,                   0
        20,        68,      1.00,              0.0294,                   0,                   0
        20,        79,      1.00,              0.0441,                   0,                   0
        20,        81,      1.00,              0.0074,                   0,                   0
        20,        92,      1.00,              0.1911,                   0,                   0
        20,        95,      1.00,              0.2058,                   0,                   0
        20,        99,      1.00,              0.0588,                   0,                   0
        20,       100,      1.00,              0.0588,                   0,                   0
        20,       110,      1.00,              0.2058,                   0,                   0
        20,       112,      1.00,              0.0074,                   0,              0.0147
        20,       118,      1.00,              0.1911,                   0,                   0
        20,       120,      1.00,              0.0735,                   0,                   0
        20,       121,      1.00,              0.4264,                   0,                   0
        20,       126,      1.00,              0.1029,                   0,              0.0074
        20,       127,      1.00,              0.1617,                   0,                   0
        20,       128,      1.00,              0.0515,                   0,                   0
        20,       130,      1.00,              0.0368,                   0,                   0
        20,       132,      1.00,              0.0441,                   0,                   0
        20,       140,      1.00,              0.0368,                   0,                   0
        20,       141,      1.00,              0.0515,                   0,                   0
        20,       143,      1.00,              0.0074,                   0,                   0
        20,       145,      1.00,              0.0441,                   0,                   0
        20,       146,      1.00,              0.0662,                   0,                   0
        20,       148,      1.00,              0.0221,                   0,                   0
        20,       150,      1.00,              0.0441,                   0,                   0
        20,       151,      1.00,              0.0515,                   0,                   0
        20,       152,      1.00,              0.0147,                   0,                   0
        20,       153,      1.00,              0.0147,                   0,                   0
        20,       154,      1.00,              0.0294,                   0,                   0
        20,       155,      1.00,              0.0221,                   0,                   0
        20,       161,      1.00,                   0,                   0,              0.0074
        20,       165,      1.00,              0.0294,                   0,                   0
        20,       166,      1.00,              0.0662,                   0,                   0
        20,       167,      1.00,              0.0441,                   0,                   0
        20,       168,      1.00,              0.0147,                   0,                   0
        20,       169,      1.00,              0.0147,                   0,                   0
        20,       175,      1.00,              0.0294,                   0,                   0
        20,       178,      1.00,              0.0221,                   0,                   0
        20,       179,      1.00,              0.0441,                   0,                   0
        20,       180,      1.00,              0.0441,                   0,                   0
        20,       182,      1.00,              0.0368,                   0,                   0
        20,       184,      1.00,              0.0074,                   0,                   0
        20,       209,      1.00,              0.0956,                   0,              0.0074
        20,       210,      1.00,              0.1176,                   0,                   0
        20,       215,      1.00,                   0,                   0,              0.0074
        20,       217,      1.00,              0.0368,                   0,              0.2794
        20,       218,      1.00,              0.1029,                   0,              0.8601
        20,       219,      1.00,              0.0882,                   0,              1.0071
        20,       220,      1.00,                   0,                   0,              0.0074
        20,       221,      1.00,              0.0074,                   0,              0.0221
        20,       222,      1.00,              0.0074,                   0,              0.1103
        20,       223,      1.00,                   0,                   0,              0.0074
        20,       224,      1.00,                   0,                   0,              0.1911
        20,       226,      1.00,                   0,                   0,              0.0074
        21,         1,      1.00,              0.1176,                   0,              0.2132
        21,         2,      1.00,              1.1101,                   0,              0.3014
        21,         3,      1.00,              0.3161,                   0,              0.1691
        21,         4,      1.00,              0.1397,                   0,              0.0515
        21,         5,      1.00,              0.4999,                   0,              1.1542
        21,         6,      1.00,              2.0143,                   0,              0.6469
        21,         7,      1.00,              1.4703,                   0,              0.2941
        21,         8,      1.00,              0.6028,                   0,              0.1470
        21,         9,      1.00,              0.7572,                   0,              0.0956
        21,        10,      1.00,              0.4117,                   0,              0.0515
        21,        11,      1.00,              0.1103,                   0,              0.0294
        21,        12,      1.00,              0.2058,                   0,              0.0515
        21,        13,      1.00,                   0,                   0,              0.1691
        21,        14,      1.00,              0.1029,                   0,              0.0662
        21,        15,      1.00,              1.0292,                   0,              0.1029
        21,        16,      1.00,              0.8307,                   0,              0.1103
        21,        17,      1.00,             32.8169,                   0,              4.8667
        21,        18,      1.00,              0.5220,                   0,              0.1985
        21,        19,      1.00,              0.6322,                   0,              0.2205
        21,        20,      1.00,              1.0219,                   0,              0.1029
        21,        21,      1.00,            359.0961,                   0,             15.5777
        21,        22,      1.00,              2.3525,                   0,              0.7131
        21,        23,      1.00,                   0,                   0,              0.0074
        21,        24,      1.00,                   0,                   0,              0.0074
        21,        26,      1.00,              0.2058,                   0,              0.0074
        21,        27,      1.00,              0.1029,                   0,              0.0147
        21,        28,      1.00,                   0,                   0,              0.0294
        21,        29,      1.00,                   0,                   0,              0.0074
        21,        30,      1.00,              0.1103,                   0,              0.0221
        21,        31,      1.00,              0.2058,                   0,              0.0294
        21,        32,      1.00,              0.1029,                   0,              0.0147
        21,        33,      1.00,              0.6837,                   0,              0.0441
        21,        35,      1.00,              0.2058,                   0,              0.0074
        21,        36,      1.00,                   0,                   0,              0.0074
        21,        37,      1.00,                   0,                   0,              0.0147
        21,        38,      1.00,                   0,                   0,              0.0074
        21,        39,      1.00,              0.2058,                   0,              0.0147
        21,        40,      1.00,              0.2058,                   0,              0.0147
        21,        41,      1.00,              0.2058,                   0,              0.0147
        21,        42,      1.00,              0.0588,                   0,                   0
        21,        43,      1.00,                   0,                   0,              0.0074
        21,        44,      1.00,                   0,                   0,              0.0147
        21,        45,      1.00,              0.1250,                   0,              0.0221
        21,        46,      1.00,              0.1544,                   0,              0.0221
        21,        47,      1.00,                   0,                   0,              0.0074
        21,        49,      1.00,                   0,                   0,              0.0147
        21,        50,      1.00,                   0,                   0,              0.0074
        21,        52,      1.00,                   0,                   0,              0.0147
        21,        54,      1.00,                   0,                   0,              0.0074
        21,        55,      1.00,                   0,                   0,              0.0221
        21,        56,      1.00,              0.1985,                   0,              0.0147
        21,        57,      1.00,              0.0074,                   0,                   0
        21,        58,      1.00,                   0,                   0,              0.0147
        21,        59,      1.00,                   0,                   0,              0.0147
        21,        60,      1.00,                   0,                   0,              0.0147
        21,        61,      1.00,              0.2132,                   0,              0.0588
        21,        62,      1.00,              0.2132,                   0,              0.0294
        21,        63,      1.00,              0.2794,                   0,              0.0368
        21,        64,      1.00,              0.2205,                   0,              0.0735
        21,        65,      1.00,                   0,                   0,              0.0221
        21,        66,      1.00,                   0,                   0,              0.0147
        21,        67,      1.00,              0.2941,                   0,              0.0441
        21,        68,      1.00,              0.2352,                   0,              0.0147
        21,        69,      1.00,              0.4117,                   0,              0.0221
        21,        70,      1.00,                   0,                   0,              0.0074
        21,        71,      1.00,              0.1029,                   0,              0.0074
        21,        72,      1.00,                   0,                   0,              0.0074
        21,        73,      1.00,                   0,                   0,              0.0147
        21,        74,      1.00,                   0,                   0,              0.0074
        21,        75,      1.00,              0.1103,                   0,              0.0368
        21,        76,      1.00,              0.3088,                   0,              0.0221
        21,        77,      1.00,                   0,                   0,              0.0147
        21,        79,      1.00,              0.0074,                   0,              0.0294
        21,        80,      1.00,                   0,                   0,              0.0147
        21,        81,      1.00,                   0,                   0,              0.0074
        21,        82,      1.00,                   0,                   0,              0.0074
        21,        83,      1.00,              0.0662,                   0,              0.0294
        21,        84,      1.00,              0.0662,                   0,              0.0147
        21,        85,      1.00,              0.0074,                   0,              0.0221
        21,        86,      1.00,                   0,                   0,              0.0147
        21,        90,      1.00,              0.2058,                   0,              0.0147
        21,        91,      1.00,              0.0662,                   0,              0.0074
        21,        92,      1.00,              0.2058,                   0,              0.0147
        21,        93,      1.00,                   0,                   0,              0.0074
        21,        94,      1.00,              0.2058,                   0,              0.0074
        21,        95,      1.00,              0.2058,                   0,              0.0147
        21,        97,      1.00,                   0,                   0,              0.0147
        21,        98,      1.00,                   0,                   0,              0.0147
        21,        99,      1.00,              0.4190,                   0,              0.0294
        21,       100,      1.00,              0.0147,                   0,              0.1911
        21,       101,      1.00,              0.3308,                   0,              0.4190
        21,       102,      1.00,                   0,                   0,              0.0074
        21,       103,      1.00,              0.0662,                   0,              0.0294
        21,       104,      1.00,                   0,                   0,              0.0074
        21,       105,      1.00,                   0,                   0,              0.0147
        21,       106,      1.00,              0.0662,                   0,              0.0147
        21,       107,      1.00,              0.1029,                   0,              0.0074
        21,       108,      1.00,              0.2058,                   0,              0.0074
        21,       109,      1.00,                   0,                   0,              0.0074
        21,       112,      1.00,                   0,                   0,              0.0147
        21,       114,      1.00,                   0,                   0,              0.0221
        21,       115,      1.00,                   0,                   0,              0.4778
        21,       116,      1.00,                   0,                   0,              0.0221
        21,       117,      1.00,              0.4778,                   0,              0.0294
        21,       118,      1.00,              0.3088,                   0,              0.0221
        21,       119,      1.00,                   0,                   0,              0.0147
        21,       120,      1.00,              0.2058,                   0,              0.0074
        21,       121,      1.00,                   0,                   0,              0.0147
        21,       122,      1.00,              0.2058,                   0,              0.0074
        21,       123,      1.00,                   0,                   0,              0.0147
        21,       124,      1.00,                   0,                   0,              0.0221
        21,       125,      1.00,                   0,                   0,              0.0221
        21,       126,      1.00,              0.1397,                   0,              0.0147
        21,       127,      1.00,              0.2499,                   0,              0.0294
        21,       128,      1.00,                   0,                   0,              0.0074
        21,       130,      1.00,              0.0221,                   0,                   0
        21,       131,      1.00,                   0,                   0,              0.0074
        21,       133,      1.00,                   0,                   0,              0.0074
        21,       134,      1.00,                   0,                   0,              0.0074
        21,       135,      1.00,              0.6763,                   0,              0.0221
        21,       136,      1.00,              0.5146,                   0,              0.0368
        21,       137,      1.00,              0.1103,                   0,              0.0147
        21,       138,      1.00,              0.2058,                   0,              0.0147
        21,       140,      1.00,              0.2058,                   0,              0.0147
        21,       141,      1.00,              0.0294,                   0,              0.0074
        21,       142,      1.00,              0.1029,                   0,              0.0074
        21,       143,      1.00,              0.0956,                   0,              0.0074
        21,       144,      1.00,              0.0074,                   0,                   0
        21,       145,      1.00,              0.0441,                   0,                   0
        21,       146,      1.00,                   0,                   0,              0.0147
        21,       147,      1.00,              0.0662,                   0,              0.0074
        21,       148,      1.00,              0.1176,                   0,              0.0074
        21,       149,      1.00,              0.0368,                   0,              0.0074
        21,       150,      1.00,                   0,                   0,              0.0074
        21,       151,      1.00,              0.1470,                   0,              0.0074
        21,       152,      1.00,              0.0147,                   0,              0.0074
        21,       153,      1.00,              0.0662,                   0,              0.0074
        21,       154,      1.00,              0.1323,                   0,              0.0147
        21,       155,      1.00,              0.1176,                   0,              0.0074
        21,       156,      1.00,              0.0221,                   0,                   0
        21,       160,      1.00,              0.2058,                   0,              0.0074
        21,       161,      1.00,              0.2058,                   0,              0.0147
        21,       162,      1.00,              0.1103,                   0,              0.0368
        21,       163,      1.00,              0.0956,                   0,                   0
        21,       164,      1.00,              0.4484,                   0,              0.0294
        21,       165,      1.00,              0.0588,                   0,              0.0074
        21,       166,      1.00,                   0,                   0,              0.0074
        21,       167,      1.00,              0.1617,                   0,              0.0074
        21,       168,      1.00,              0.0882,                   0,              0.0074
        21,       169,      1.00,              0.1176,                   0,              0.0074
        21,       170,      1.00,              0.1691,                   0,              0.0074
        21,       172,      1.00,              0.2058,                   0,              0.0221
        21,       174,      1.00,                   0,                   0,              0.0074
        21,       175,      1.00,              0.0588,                   0,              0.0074
        21,       177,      1.00,                   0,                   0,              0.0074
        21,       178,      1.00,              0.0441,                   0,              0.0074
        21,       179,      1.00,              0.2058,                   0,              0.0074
        21,       181,      1.00,                   0,                   0,              0.0074
        21,       182,      1.00,              0.1838,                   0,              0.0074
        21,       184,      1.00,              0.0588,                   0,                   0
        21,       185,      1.00,              0.2058,                   0,              0.0074
        21,       188,      1.00,              0.1029,                   0,              0.0147
        21,       190,      1.00,                   0,                   0,              0.0074
        21,       193,      1.00,              0.1103,                   0,                   0
        21,       201,      1.00,              0.0809,                   0,                   0
        21,       203,      1.00,              0.0147,                   0,                   0
        21,       208,      1.00,                   0,                   0,              0.0074
        21,       209,      1.00,              0.3676,                   0,              0.0221
        21,       210,      1.00,                   0,                   0,              0.0147
        21,       211,      1.00,                   0,                   0,              0.0074
        21,       212,      1.00,                   0,                   0,              0.0147
        21,       213,      1.00,                   0,                   0,              0.0147
        21,       214,      1.00,              0.1103,                   0,                   0
        21,       217,      1.00,                   0,                   0,              0.0074
        21,       218,      1.00,                   0,                   0,              0.0294
        21,       219,      1.00,                   0,                   0,              0.0368
        21,       222,      1.00,                   0,                   0,              0.0074
        21,       223,      1.00,              0.0441,                   0,              0.0662
        21,       224,      1.00,              0.5072,                   0,              6.4325
        21,       226,      1.00,                   0,                   0,              0.0147
        22,         1,      1.00,              6.3737,                   0,              1.0660
        22,         2,      1.00,             12.9018,                   0,              1.2350
        22,         3,      1.00,              6.4546,                   0,              0.7351
        22,         4,      1.00,              5.5945,                   0,              0.4043
        22,         5,      1.00,             23.9437,                   0,              3.7345
        22,         6,      1.00,            106.5372,                   0,              4.3888
        22,         7,      1.00,             54.6433,                   0,              2.5068
        22,         8,      1.00,              9.7627,                   0,              0.7498
        22,         9,      1.00,             15.5557,                   0,              0.6910
        22,        10,      1.00,              4.9034,                   0,              0.4337
        22,        11,      1.00,              2.9332,                   0,              0.1617
        22,        12,      1.00,              2.2937,                   0,              0.4117
        22,        13,      1.00,              1.8305,                   0,              0.7351
        22,        14,      1.00,              3.4846,                   0,              0.2132
        22,        15,      1.00,             18.7241,                   0,              0.6249
        22,        16,      1.00,              3.1391,                   0,              0.5220
        22,        17,      1.00,            250.8534,                   0,              3.6463
        22,        18,      1.00,              6.3369,                   0,              1.1983
        22,        19,      1.00,            118.1377,                   0,              1.4556
        22,        20,      1.00,             18.1434,                   0,              0.6543
        22,        21,      1.00,              5.8444,                   0,              0.7131
        22,        22,      1.00,            494.1936,                   0,              2.3231
        22,        23,      1.00,              0.5220,                   0,              0.0441
        22,        24,      1.00,              0.0147,                   0,              0.0368
        22,        25,      1.00,                   0,                   0,              0.0074
        22,        26,      1.00,              0.6249,                   0,              0.0147
        22,        27,      1.00,              0.3235,                   0,              0.0147
        22,        28,      1.00,              1.3086,                   0,              0.0221
        22,        29,      1.00,              1.1027,                   0,              0.0147
        22,        30,      1.00,              0.3823,                   0,              0.0294
        22,        31,      1.00,              0.6249,                   0,              0.0221
        22,        32,      1.00,              0.5367,                   0,              0.0074
        22,        33,      1.00,              0.3308,                   0,              0.0147
        22,        34,      1.00,                   0,                   0,              0.0074
        22,        35,      1.00,              0.8234,                   0,              0.0441
        22,        36,      1.00,              0.5220,                   0,              0.0294
        22,        37,      1.00,              0.0221,                   0,              0.0882
        22,        38,      1.00,              0.2205,                   0,              0.0147
        22,        39,      1.00,              0.2205,                   0,              0.0147
        22,        40,      1.00,              0.2205,                   0,              0.0074
        22,        41,      1.00,              0.2058,                   0,                   0
        22,        42,      1.00,              0.3088,                   0,                   0
        22,        44,      1.00,                   0,                   0,              0.0074
        22,        45,      1.00,              0.2058,                   0,              0.0221
        22,        46,      1.00,              0.1470,                   0,                   0
        22,        48,      1.00,              0.0294,                   0,                   0
        22,        49,      1.00,              0.0147,                   0,              0.0147
        22,        50,      1.00,              0.1764,                   0,                   0
        22,        51,      1.00,              0.0147,                   0,                   0
        22,        52,      1.00,              0.6763,                   0,              0.0441
        22,        54,      1.00,              0.0662,                   0,              0.0368
        22,        55,      1.00,              0.0074,                   0,              0.0074
        22,        56,      1.00,              0.4043,                   0,              0.0074
        22,        57,      1.00,              0.0147,                   0,                   0
        22,        58,      1.00,              0.4117,                   0,                   0
        22,        59,      1.00,              0.2058,                   0,              0.0147
        22,        60,      1.00,              0.6175,                   0,                   0
        22,        61,      1.00,              0.6249,                   0,              0.0074
        22,        62,      1.00,              0.2058,                   0,                   0
        22,        63,      1.00,              0.1029,                   0,              0.0074
        22,        64,      1.00,              0.3088,                   0,              0.0074
        22,        65,      1.00,              0.2720,                   0,              0.0074
        22,        66,      1.00,              0.5734,                   0,                   0
        22,        67,      1.00,              0.6396,                   0,              0.0074
        22,        68,      1.00,              0.1911,                   0,                   0
        22,        69,      1.00,              0.1029,                   0,              0.0074
        22,        71,      1.00,              0.2058,                   0,                   0
        22,        75,      1.00,              0.2058,                   0,                   0
        22,        76,      1.00,              0.1029,                   0,                   0
        22,        77,      1.00,              0.2058,                   0,                   0
        22,        80,      1.00,              0.1029,                   0,                   0
        22,        83,      1.00,              0.4117,                   0,                   0
        22,        85,      1.00,              0.2058,                   0,                   0
        22,        87,      1.00,              0.1029,                   0,                   0
        22,        93,      1.00,              0.2058,                   0,                   0
        22,        97,      1.00,              0.1176,                   0,                   0
        22,        98,      1.00,              0.2499,                   0,                   0
        22,        99,      1.00,              0.2058,                   0,                   0
        22,       100,      1.00,                   0,                   0,              0.0147
        22,       101,      1.00,              0.2058,                   0,              0.0074
        22,       103,      1.00,              0.2058,                   0,                   0
        22,       106,      1.00,              0.2647,                   0,                   0
        22,       107,      1.00,              0.2058,                   0,                   0
        22,       112,      1.00,              0.0074,                   0,              0.0074
        22,       113,      1.00,                   0,                   0,              0.0074
        22,       114,      1.00,              0.4117,                   0,                   0
        22,       116,      1.00,              0.2058,                   0,              0.0074
        22,       117,      1.00,              0.1029,                   0,                   0
        22,       118,      1.00,              0.4117,                   0,              0.0074
        22,       119,      1.00,              0.3676,                   0,                   0
        22,       120,      1.00,              0.2132,                   0,                   0
        22,       121,      1.00,              0.4705,                   0,                   0
        22,       122,      1.00,              0.0588,                   0,                   0
        22,       123,      1.00,              0.4117,                   0,              0.0074
        22,       124,      1.00,              0.2058,                   0,                   0
        22,       126,      1.00,              0.1470,                   0,              0.0074
        22,       127,      1.00,              0.3088,                   0,                   0
        22,       128,      1.00,              0.1176,                   0,                   0
        22,       129,      1.00,              0.1029,                   0,                   0
        22,       132,      1.00,              0.0809,                   0,                   0
        22,       133,      1.00,              0.0441,                   0,                   0
        22,       135,      1.00,              0.0588,                   0,                   0
        22,       136,      1.00,              0.2058,                   0,                   0
        22,       140,      1.00,              0.1176,                   0,                   0
        22,       141,      1.00,              0.0441,                   0,                   0
        22,       142,      1.00,              0.1029,                   0,                   0
        22,       143,      1.00,              0.1691,                   0,                   0
        22,       144,      1.00,              0.0147,                   0,                   0
        22,       145,      1.00,              0.0221,                   0,                   0
        22,       146,      1.00,              0.1176,                   0,                   0
        22,       147,      1.00,              0.0221,                   0,                   0
        22,       148,      1.00,              0.0662,                   0,                   0
        22,       149,      1.00,              0.0147,                   0,                   0
        22,       150,      1.00,              0.1250,                   0,                   0
        22,       151,      1.00,              0.1397,                   0,                   0
        22,       152,      1.00,              0.0441,                   0,                   0
        22,       153,      1.00,              0.0662,                   0,                   0
        22,       154,      1.00,              0.1985,                   0,              0.0074
        22,       155,      1.00,              0.1764,                   0,                   0
        22,       160,      1.00,              0.0368,                   0,                   0
        22,       161,      1.00,              0.0735,                   0,              0.0074
        22,       162,      1.00,              0.0588,                   0,              0.0074
        22,       165,      1.00,              0.1029,                   0,                   0
        22,       166,      1.00,              0.0662,                   0,                   0
        22,       167,      1.00,              0.0515,                   0,                   0
        22,       168,      1.00,              0.0809,                   0,                   0
        22,       169,      1.00,              0.0294,                   0,                   0
        22,       173,      1.00,              0.0147,                   0,                   0
        22,       175,      1.00,              0.0294,                   0,                   0
        22,       176,      1.00,              0.0147,                   0,                   0
        22,       177,      1.00,              0.0735,                   0,                   0
        22,       178,      1.00,              0.0221,                   0,                   0
        22,       179,      1.00,              0.0221,                   0,                   0
        22,       181,      1.00,              0.1250,                   0,                   0
        22,       182,      1.00,              0.0441,                   0,                   0
        22,       183,      1.00,              0.0368,                   0,                   0
        22,       184,      1.00,              0.0368,                   0,                   0
        22,       185,      1.00,              0.0515,                   0,                   0
        22,       209,      1.00,              0.0588,                   0,                   0
        22,       217,      1.00,              0.0074,                   0,              0.0956
        22,       218,      1.00,              0.0221,                   0,              0.3308
        22,       219,      1.00,              0.0294,                   0,              0.4558
        22,       221,      1.00,                   0,                   0,              0.0074
        22,       222,      1.00,                   0,                   0,              0.0441
        22,       223,      1.00,              0.0074,                   0,              0.0221
        22,       224,      1.00,              0.0074,                   0,              0.4852
        22,       226,      1.00,                   0,                   0,              0.0074
        23,         1,      1.00,              0.5734,                   0,              0.0294
        23,         2,      1.00,              0.8013,                   0,              0.0588
        23,         3,      1.00,              0.2205,                   0,              0.0221
        23,         4,      1.00,              1.1542,                   0,              0.0221
        23,         5,      1.00,              0.4117,                   0,              0.0441
        23,         6,      1.00,              2.3304,                   0,              0.0882
        23,         7,      1.00,              4.3227,                   0,              0.1103
        23,         8,      1.00,             15.2395,                   0,              0.2867
        23,         9,      1.00,              4.8961,                   0,              0.0882
        23,        10,      1.00,              0.2058,                   0,              0.0074
        23,        11,      1.00,              2.6171,                   0,              0.0588
        23,        12,      1.00,             10.0200,                   0,              0.1617
        23,        13,      1.00,             56.7752,                   0,              0.7204
        23,        14,      1.00,             59.1203,                   0,              0.9189
        23,        15,      1.00,             31.0010,                   0,              1.2424
        23,        16,      1.00,              1.0292,                   0,              0.0147
        23,        17,      1.00,              1.3012,                   0,              0.0368
        23,        18,      1.00,              1.0954,                   0,              0.0294
        23,        19,      1.00,              1.4409,                   0,              0.0515
        23,        20,      1.00,              0.2720,                   0,              0.0221
        23,        21,      1.00,                   0,                   0,              0.0074
        23,        22,      1.00,              0.6910,                   0,              0.0441
        23,        23,      1.00,             99.3180,                   0,              0.3896
        23,        24,      1.00,             27.1415,                   0,              0.3161
        23,        25,      1.00,              2.6098,                   0,              0.0662
        23,        26,      1.00,              7.1309,                   0,              0.1103
        23,        27,      1.00,              8.9614,                   0,              0.3529
        23,        28,      1.00,              9.5348,                   0,              0.4778
        23,        29,      1.00,              8.4542,                   0,              0.1691
        23,        30,      1.00,              3.2714,                   0,              0.1985
        23,        31,      1.00,              4.9549,                   0,              0.3161
        23,        32,      1.00,              3.5066,                   0,              0.2279
        23,        33,      1.00,              2.7200,                   0,              0.1176
        23,        34,      1.00,              1.1983,                   0,              0.0515
        23,        35,      1.00,             67.2878,                   0,              0.4999
        23,        36,      1.00,             37.1248,                   0,              0.4337
        23,        37,      1.00,             11.1154,                   0,              0.5881
        23,        38,      1.00,              4.8520,                   0,              0.2647
        23,        39,      1.00,              4.2712,                   0,              0.1470
        23,        40,      1.00,              4.4035,                   0,              0.1764
        23,        41,      1.00,              6.9471,                   0,              0.2941
        23,        42,      1.00,              0.1103,                   0,              0.0294
        23,        43,      1.00,              0.4852,                   0,              0.0074
        23,        44,      1.00,              1.4703,                   0,              0.0294
        23,        45,      1.00,              2.0658,                   0,              0.0882
        23,        46,      1.00,              0.7793,                   0,              0.0221
        23,        47,      1.00,              0.2205,                   0,                   0
        23,        48,      1.00,              0.0956,                   0,              0.0074
        23,        49,      1.00,              1.0145,                   0,              0.1176
        23,        50,      1.00,              0.5514,                   0,              0.0294
        23,        51,      1.00,              0.0221,                   0,                   0
        23,        52,      1.00,              1.2792,                   0,              0.1911
        23,        53,      1.00,              0.2058,                   0,                   0
        23,        54,      1.00,              1.2056,                   0,              0.0515
        23,        55,      1.00,              3.3008,                   0,              0.0515
        23,        56,      1.00,              3.5213,                   0,              0.4117
        23,        57,      1.00,              0.1323,                   0,              0.0147
        23,        58,      1.00,              3.1170,                   0,              0.1911
        23,        59,      1.00,              1.0660,                   0,              0.0588
        23,        60,      1.00,              0.6322,                   0,              0.1250
        23,        61,      1.00,              2.2863,                   0,              0.0956
        23,        62,      1.00,              0.3823,                   0,              0.0074
        23,        63,      1.00,              0.4190,                   0,              0.0147
        23,        64,      1.00,              0.0074,                   0,              0.0074
        23,        65,      1.00,              1.0439,                   0,              0.1029
        23,        66,      1.00,              1.3527,                   0,              0.0588
        23,        67,      1.00,              0.3455,                   0,              0.0147
        23,        68,      1.00,              0.1029,                   0,              0.0074
        23,        69,      1.00,              0.9410,                   0,              0.0441
        23,        70,      1.00,              0.4190,                   0,              0.0074
        23,        71,      1.00,              0.0074,                   0,              0.0074
        23,        72,      1.00,              0.3088,                   0,                   0
        23,        73,      1.00,              0.0147,                   0,                   0
        23,        74,      1.00,              0.0074,                   0,              0.0074
        23,        75,      1.00,              0.5367,                   0,                   0
        23,        76,      1.00,              1.0366,                   0,                   0
        23,        79,      1.00,              0.5808,                   0,              0.0147
        23,        80,      1.00,              0.6249,                   0,              0.0074
        23,        81,      1.00,              0.7204,                   0,                   0
        23,        82,      1.00,              0.0147,                   0,                   0
        23,        83,      1.00,              0.9630,                   0,              0.0221
        23,        84,      1.00,              0.4117,                   0,              0.0074
        23,        85,      1.00,              1.3306,                   0,              0.0147
        23,        86,      1.00,              0.4925,                   0,              0.0074
        23,        90,      1.00,              0.0147,                   0,              0.0074
        23,        91,      1.00,              0.1103,                   0,                   0
        23,        92,      1.00,              0.1176,                   0,              0.0368
        23,        93,      1.00,              0.1103,                   0,                   0
        23,        94,      1.00,              0.0074,                   0,                   0
        23,        95,      1.00,              0.7351,                   0,              0.0074
        23,        97,      1.00,              0.0515,                   0,                   0
        23,        98,      1.00,              0.0588,                   0,                   0
        23,        99,      1.00,              0.2058,                   0,                   0
        23,       100,      1.00,              0.1103,                   0,                   0
        23,       101,      1.00,              0.0147,                   0,              0.0147
        23,       103,      1.00,              0.2132,                   0,                   0
        23,       104,      1.00,              0.4778,                   0,                   0
        23,       105,      1.00,              0.2058,                   0,                   0
        23,       106,      1.00,                   0,                   0,              0.0074
        23,       107,      1.00,              0.2058,                   0,                   0
        23,       112,      1.00,             15.3498,                   0,              0.3529
        23,       113,      1.00,              0.1029,                   0,              0.0662
        23,       114,      1.00,              0.2647,                   0,                   0
        23,       116,      1.00,                   0,                   0,              0.0147
        23,       118,      1.00,                   0,                   0,              0.0147
        23,       119,      1.00,              1.3086,                   0,              0.0368
        23,       120,      1.00,              0.2132,                   0,              0.0074
        23,       121,      1.00,              0.1103,                   0,              0.0147
        23,       122,      1.00,              0.2132,                   0,                   0
        23,       123,      1.00,              0.0074,                   0,              0.0294
        23,       124,      1.00,              0.0074,                   0,              0.0074
        23,       125,      1.00,              0.1029,                   0,                   0
        23,       126,      1.00,              0.3455,                   0,              0.0368
        23,       127,      1.00,              0.4631,                   0,              0.0221
        23,       128,      1.00,              0.0515,                   0,              0.0147
        23,       129,      1.00,              0.0294,                   0,              0.0147
        23,       130,      1.00,              0.0368,                   0,              0.0074
        23,       131,      1.00,              0.1029,                   0,                   0
        23,       132,      1.00,              0.0662,                   0,              0.0074
        23,       133,      1.00,              0.0221,                   0,              0.0074
        23,       134,      1.00,              0.0368,                   0,                   0
        23,       135,      1.00,              0.1029,                   0,                   0
        23,       136,      1.00,                   0,                   0,              0.0074
        23,       138,      1.00,              0.3088,                   0,                   0
        23,       139,      1.00,              0.0147,                   0,                   0
        23,       140,      1.00,              0.0809,                   0,                   0
        23,       141,      1.00,              0.0882,                   0,                   0
        23,       142,      1.00,                   0,                   0,              0.0074
        23,       143,      1.00,              0.1764,                   0,              0.0074
        23,       144,      1.00,              0.0515,                   0,                   0
        23,       145,      1.00,              0.0809,                   0,                   0
        23,       146,      1.00,              0.2352,                   0,              0.0074
        23,       147,      1.00,              0.0221,                   0,                   0
        23,       148,      1.00,              0.1250,                   0,                   0
        23,       149,      1.00,              0.1397,                   0,                   0
        23,       150,      1.00,              0.0735,                   0,              0.0074
        23,       151,      1.00,              0.0588,                   0,              0.0074
        23,       152,      1.00,              0.0735,                   0,              0.0074
        23,       153,      1.00,              0.0515,                   0,              0.0074
        23,       154,      1.00,              0.2352,                   0,              0.0147
        23,       155,      1.00,              0.1617,                   0,              0.0147
        23,       156,      1.00,              0.0441,                   0,                   0
        23,       160,      1.00,              0.0221,                   0,                   0
        23,       161,      1.00,              0.0956,                   0,              0.0221
        23,       162,      1.00,                   0,                   0,              0.0074
        23,       164,      1.00,              0.2720,                   0,              0.0074
        23,       165,      1.00,              0.0588,                   0,              0.0074
        23,       166,      1.00,              0.0368,                   0,              0.0074
        23,       167,      1.00,              0.1029,                   0,              0.0074
        23,       168,      1.00,              0.0662,                   0,                   0
        23,       169,      1.00,              0.0515,                   0,                   0
        23,       170,      1.00,              0.1617,                   0,              0.0221
        23,       172,      1.00,              0.2647,                   0,              0.0074
        23,       173,      1.00,              0.0294,                   0,                   0
        23,       174,      1.00,              0.0368,                   0,                   0
        23,       175,      1.00,              0.0441,                   0,                   0
        23,       176,      1.00,              0.0074,                   0,                   0
        23,       177,      1.00,              0.0441,                   0,              0.0074
        23,       178,      1.00,              0.0441,                   0,              0.0074
        23,       179,      1.00,              0.1029,                   0,              0.0147
        23,       180,      1.00,              0.0441,                   0,                   0
        23,       181,      1.00,              0.0368,                   0,                   0
        23,       182,      1.00,              0.1397,                   0,                   0
        23,       183,      1.00,              0.0221,                   0,                   0
        23,       184,      1.00,              0.0515,                   0,                   0
        23,       185,      1.00,              0.0221,                   0,                   0
        23,       186,      1.00,              0.0074,                   0,                   0
        23,       189,      1.00,              0.2058,                   0,                   0
        23,       193,      1.00,              0.0221,                   0,                   0
        23,       201,      1.00,              0.0368,                   0,                   0
        23,       208,      1.00,              0.1911,                   0,                   0
        23,       209,      1.00,              1.7864,                   0,              0.0368
        23,       210,      1.00,              0.7351,                   0,              0.0074
        23,       217,      1.00,                   0,                   0,              0.0147
        23,       218,      1.00,                   0,                   0,              0.0368
        23,       219,      1.00,                   0,                   0,              0.0441
        23,       222,      1.00,                   0,                   0,              0.0074
        23,       224,      1.00,                   0,                   0,              0.0221
        23,       226,      1.00,                   0,                   0,              0.0221
        24,         1,      1.00,              0.5734,                   0,              0.0515
        24,         2,      1.00,              0.4411,                   0,              0.0588
        24,         3,      1.00,              0.2205,                   0,              0.0294
        24,         4,      1.00,              0.4337,                   0,              0.0441
        24,         5,      1.00,              0.2794,                   0,              0.0515
        24,         6,      1.00,              1.0071,                   0,              0.0956
        24,         7,      1.00,              1.8158,                   0,              0.1470
        24,         8,      1.00,             12.4681,                   0,              0.4043
        24,         9,      1.00,              2.6171,                   0,              0.1323
        24,        10,      1.00,              0.0662,                   0,              0.0074
        24,        11,      1.00,              1.0145,                   0,              0.0662
        24,        12,      1.00,              2.7053,                   0,              0.1397
        24,        13,      1.00,             17.4009,                   0,              0.6690
        24,        14,      1.00,             47.6300,                   0,              0.7425
        24,        15,      1.00,             22.7454,                   0,              0.9042
        24,        16,      1.00,              0.7204,                   0,              0.0147
        24,        17,      1.00,              1.8599,                   0,              0.0441
        24,        18,      1.00,              0.5734,                   0,              0.0294
        24,        19,      1.00,              0.2647,                   0,              0.0515
        24,        20,      1.00,              0.2132,                   0,              0.0294
        24,        21,      1.00,                   0,                   0,              0.0074
        24,        22,      1.00,              1.1027,                   0,              0.0368
        24,        23,      1.00,             28.7883,                   0,              0.3161
        24,        24,      1.00,             45.5128,                   0,              0.1985
        24,        25,      1.00,              5.0357,                   0,              0.0441
        24,        26,      1.00,             11.8064,                   0,              0.1103
        24,        27,      1.00,              8.3145,                   0,              0.2205
        24,        28,      1.00,             11.1374,                   0,              0.2426
        24,        29,      1.00,              8.3806,                   0,              0.1470
        24,        30,      1.00,              5.6900,                   0,              0.1691
        24,        31,      1.00,              3.3964,                   0,              0.1617
        24,        32,      1.00,              3.9110,                   0,              0.1176
        24,        33,      1.00,              1.6320,                   0,              0.0735
        24,        34,      1.00,              1.0366,                   0,              0.0294
        24,        35,      1.00,             20.6429,                   0,              0.3970
        24,        36,      1.00,             16.0997,                   0,              0.2573
        24,        37,      1.00,              9.5716,                   0,              0.3382
        24,        38,      1.00,              4.3668,                   0,              0.1911
        24,        39,      1.00,              3.4772,                   0,              0.1911
        24,        40,      1.00,              3.1097,                   0,              0.1911
        24,        41,      1.00,              3.2714,                   0,              0.1985
        24,        42,      1.00,              0.1691,                   0,              0.0294
        24,        43,      1.00,              0.1323,                   0,              0.0074
        24,        44,      1.00,              0.6469,                   0,              0.0441
        24,        45,      1.00,              1.3821,                   0,              0.0956
        24,        46,      1.00,              0.6249,                   0,              0.0221
        24,        47,      1.00,              0.0074,                   0,                   0
        24,        48,      1.00,              0.0221,                   0,                   0
        24,        49,      1.00,              1.3086,                   0,              0.0882
        24,        50,      1.00,              0.1103,                   0,              0.0147
        24,        51,      1.00,              0.0441,                   0,                   0
        24,        52,      1.00,              2.3819,                   0,              0.1470
        24,        53,      1.00,              0.2058,                   0,                   0
        24,        54,      1.00,              0.0074,                   0,              0.0368
        24,        55,      1.00,              1.3747,                   0,              0.0662
        24,        56,      1.00,              3.8816,                   0,              0.2867
        24,        57,      1.00,              0.1470,                   0,              0.0074
        24,        58,      1.00,              2.5142,                   0,              0.1617
        24,        59,      1.00,              2.0290,                   0,              0.0515
        24,        60,      1.00,              1.2497,                   0,              0.0956
        24,        61,      1.00,              0.5440,                   0,              0.0735
        24,        62,      1.00,              0.8969,                   0,              0.0147
        24,        63,      1.00,              0.4264,                   0,              0.0221
        24,        64,      1.00,              0.0147,                   0,              0.0074
        24,        65,      1.00,              0.7425,                   0,              0.0809
        24,        66,      1.00,              0.6322,                   0,              0.0515
        24,        67,      1.00,              0.3602,                   0,              0.0221
        24,        68,      1.00,              0.2867,                   0,              0.0074
        24,        69,      1.00,              0.0147,                   0,              0.0368
        24,        70,      1.00,              0.8307,                   0,              0.0074
        24,        71,      1.00,              0.1103,                   0,              0.0074
        24,        72,      1.00,              0.2058,                   0,                   0
        24,        73,      1.00,              0.0074,                   0,              0.0074
        24,        74,      1.00,              0.0074,                   0,              0.0074
        24,        75,      1.00,              0.8454,                   0,              0.0147
        24,        76,      1.00,              0.2132,                   0,              0.0074
        24,        77,      1.00,              0.0662,                   0,                   0
        24,        79,      1.00,              0.3161,                   0,              0.0147
        24,        80,      1.00,              0.0074,                   0,              0.0074
        24,        81,      1.00,              0.4337,                   0,              0.0074
        24,        82,      1.00,              0.0147,                   0,              0.0074
        24,        83,      1.00,              0.2352,                   0,              0.0294
        24,        84,      1.00,              0.7204,                   0,              0.0074
        24,        85,      1.00,              0.2352,                   0,              0.0147
        24,        86,      1.00,              0.2279,                   0,              0.0074
        24,        90,      1.00,              0.0074,                   0,              0.0074
        24,        91,      1.00,              0.2132,                   0,                   0
        24,        92,      1.00,              0.4264,                   0,              0.0294
        24,        93,      1.00,              0.0074,                   0,              0.0074
        24,        94,      1.00,              0.1103,                   0,                   0
        24,        95,      1.00,              0.2205,                   0,              0.0074
        24,        97,      1.00,              0.1470,                   0,                   0
        24,        98,      1.00,              0.0662,                   0,                   0
        24,        99,      1.00,              0.2058,                   0,                   0
        24,       100,      1.00,              0.2132,                   0,                   0
        24,       101,      1.00,              0.0147,                   0,              0.0147
        24,       103,      1.00,              0.8307,                   0,                   0
        24,       104,      1.00,              0.0074,                   0,                   0
        24,       106,      1.00,              0.2132,                   0,              0.0074
        24,       107,      1.00,              0.1029,                   0,                   0
        24,       112,      1.00,              7.8146,                   0,              0.2720
        24,       113,      1.00,              0.2058,                   0,              0.0294
        24,       114,      1.00,              0.2058,                   0,                   0
        24,       116,      1.00,              0.2058,                   0,              0.0147
        24,       117,      1.00,              0.2132,                   0,              0.0074
        24,       118,      1.00,              0.6175,                   0,              0.0147
        24,       119,      1.00,              0.2132,                   0,              0.0294
        24,       120,      1.00,              0.1544,                   0,              0.0074
        24,       121,      1.00,              0.2352,                   0,              0.0147
        24,       122,      1.00,              0.2132,                   0,              0.0074
        24,       123,      1.00,              0.0074,                   0,              0.0221
        24,       124,      1.00,              0.0074,                   0,              0.0074
        24,       126,      1.00,              0.0809,                   0,              0.0221
        24,       127,      1.00,              0.3235,                   0,              0.0147
        24,       128,      1.00,              0.0662,                   0,              0.0074
        24,       129,      1.00,              0.0956,                   0,              0.0147
        24,       130,      1.00,              0.0368,                   0,              0.0074
        24,       131,      1.00,              0.1029,                   0,                   0
        24,       132,      1.00,              0.0368,                   0,                   0
        24,       133,      1.00,                   0,                   0,              0.0074
        24,       134,      1.00,              0.0368,                   0,                   0
        24,       136,      1.00,              0.3676,                   0,              0.0074
        24,       137,      1.00,              0.0441,                   0,                   0
        24,       139,      1.00,              0.0221,                   0,                   0
        24,       140,      1.00,              0.0809,                   0,                   0
        24,       141,      1.00,              0.0662,                   0,                   0
        24,       142,      1.00,              0.2058,                   0,                   0
        24,       143,      1.00,              0.1103,                   0,                   0
        24,       144,      1.00,              0.0441,                   0,                   0
        24,       145,      1.00,              0.0735,                   0,                   0
        24,       146,      1.00,              0.1103,                   0,              0.0074
        24,       148,      1.00,              0.0515,                   0,                   0
        24,       149,      1.00,              0.0441,                   0,                   0
        24,       150,      1.00,              0.0515,                   0,              0.0074
        24,       151,      1.00,              0.0147,                   0,              0.0074
        24,       152,      1.00,              0.0147,                   0,              0.0074
        24,       153,      1.00,              0.0221,                   0,              0.0074
        24,       154,      1.00,              0.1764,                   0,              0.0147
        24,       155,      1.00,              0.0735,                   0,              0.0074
        24,       157,      1.00,              0.1029,                   0,                   0
        24,       161,      1.00,              0.0147,                   0,              0.0147
        24,       162,      1.00,              0.2058,                   0,              0.0074
        24,       165,      1.00,              0.0441,                   0,              0.0074
        24,       166,      1.00,              0.0441,                   0,              0.0074
        24,       167,      1.00,              0.0221,                   0,                   0
        24,       168,      1.00,              0.0074,                   0,                   0
        24,       169,      1.00,              0.0147,                   0,                   0
        24,       170,      1.00,              0.0294,                   0,              0.0147
        24,       172,      1.00,                   0,                   0,              0.0074
        24,       177,      1.00,              0.0735,                   0,              0.0074
        24,       178,      1.00,              0.0588,                   0,                   0
        24,       179,      1.00,              0.0221,                   0,              0.0074
        24,       180,      1.00,              0.0221,                   0,                   0
        24,       181,      1.00,              0.0368,                   0,                   0
        24,       182,      1.00,              0.0441,                   0,                   0
        24,       184,      1.00,              0.0662,                   0,                   0
        24,       185,      1.00,              0.0368,                   0,                   0
        24,       195,      1.00,              0.1029,                   0,                   0
        24,       208,      1.00,              0.3382,                   0,                   0
        24,       209,      1.00,              1.2718,                   0,              0.0441
        24,       210,      1.00,              0.7425,                   0,              0.0074
        24,       217,      1.00,                   0,                   0,              0.0074
        24,       218,      1.00,                   0,                   0,              0.0368
        24,       219,      1.00,                   0,                   0,              0.0368
        24,       224,      1.00,                   0,                   0,              0.0221
        24,       226,      1.00,                   0,                   0,              0.0221
        25,         1,      1.00,              0.2499,                   0,              0.1544
        25,         2,      1.00,              0.2132,                   0,              0.1176
        25,         3,      1.00,                   0,                   0,              0.0882
        25,         4,      1.00,                   0,                   0,              0.0588
        25,         5,      1.00,              0.0074,                   0,              0.1103
        25,         6,      1.00,              0.0221,                   0,              0.2352
        25,         7,      1.00,              0.0662,                   0,              0.2352
        25,         8,      1.00,              1.7790,                   0,              0.1691
        25,         9,      1.00,              0.0441,                   0,              0.1544
        25,        10,      1.00,                   0,                   0,              0.0441
        25,        11,      1.00,              0.1397,                   0,              0.0809
        25,        12,      1.00,              0.4117,                   0,              0.1176
        25,        13,      1.00,              1.9628,                   0,              0.3088
        25,        14,      1.00,              9.9539,                   0,              0.1397
        25,        15,      1.00,              7.5499,                   0,              0.1176
        25,        16,      1.00,              0.4117,                   0,              0.0221
        25,        17,      1.00,              0.6175,                   0,              0.0662
        25,        18,      1.00,              0.3602,                   0,              0.1397
        25,        19,      1.00,                   0,                   0,              0.0074
        25,        20,      1.00,                   0,                   0,              0.0735
        25,        22,      1.00,                   0,                   0,              0.0074
        25,        23,      1.00,              3.3082,                   0,              0.0662
        25,        24,      1.00,              4.1756,                   0,              0.0441
        25,        25,      1.00,              3.1832,                   0,                   0
        25,        26,      1.00,              6.1532,                   0,              0.0221
        25,        27,      1.00,              4.2344,                   0,              0.0368
        25,        28,      1.00,              3.1244,                   0,              0.0441
        25,        29,      1.00,              1.7202,                   0,              0.0294
        25,        30,      1.00,              1.9702,                   0,              0.0368
        25,        31,      1.00,              1.4482,                   0,              0.0368
        25,        32,      1.00,              0.8895,                   0,              0.0221
        25,        33,      1.00,              0.6249,                   0,              0.0294
        25,        34,      1.00,              0.0662,                   0,              0.0074
        25,        35,      1.00,              1.6614,                   0,              0.0956
        25,        36,      1.00,              1.4115,                   0,              0.0294
        25,        37,      1.00,              2.0878,                   0,              0.0515
        25,        38,      1.00,              1.3159,                   0,              0.0294
        25,        39,      1.00,              1.2497,                   0,              0.0441
        25,        40,      1.00,              0.7351,                   0,              0.0441
        25,        41,      1.00,              0.3161,                   0,              0.0147
        25,        43,      1.00,              0.1029,                   0,                   0
        25,        44,      1.00,                   0,                   0,              0.0147
        25,        45,      1.00,              0.4190,                   0,              0.0147
        25,        46,      1.00,              0.2132,                   0,                   0
        25,        49,      1.00,              0.1176,                   0,              0.0368
        25,        50,      1.00,                   0,                   0,              0.0074
        25,        51,      1.00,              0.0074,                   0,                   0
        25,        52,      1.00,              0.2132,                   0,              0.0368
        25,        54,      1.00,                   0,                   0,              0.0074
        25,        55,      1.00,              0.0074,                   0,              0.0147
        25,        56,      1.00,              0.6028,                   0,              0.0515
        25,        57,      1.00,              0.0221,                   0,                   0
        25,        58,      1.00,              0.4190,                   0,              0.0221
        25,        59,      1.00,              0.2720,                   0,              0.0147
        25,        60,      1.00,              0.1103,                   0,              0.0074
        25,        61,      1.00,              0.0074,                   0,              0.0147
        25,        62,      1.00,              0.2058,                   0,              0.0147
        25,        63,      1.00,              0.2058,                   0,              0.0074
        25,        65,      1.00,              0.2132,                   0,              0.0074
        25,        66,      1.00,              0.4117,                   0,                   0
        25,        67,      1.00,              0.0074,                   0,                   0
        25,        75,      1.00,              0.0074,                   0,                   0
        25,        80,      1.00,              0.2058,                   0,                   0
        25,        81,      1.00,              0.0368,                   0,                   0
        25,        83,      1.00,              0.0662,                   0,                   0
        25,        94,      1.00,              0.2058,                   0,                   0
        25,       112,      1.00,              1.2056,                   0,              0.0588
        25,       119,      1.00,              0.2058,                   0,                   0
        25,       121,      1.00,              0.0588,                   0,                   0
        25,       127,      1.00,              0.0662,                   0,                   0
        25,       128,      1.00,              0.0074,                   0,                   0
        25,       130,      1.00,              0.0221,                   0,                   0
        25,       132,      1.00,              0.0221,                   0,                   0
        25,       140,      1.00,              0.0221,                   0,                   0
        25,       143,      1.00,              0.0147,                   0,                   0
        25,       145,      1.00,              0.0074,                   0,                   0
        25,       149,      1.00,              0.0221,                   0,                   0
        25,       151,      1.00,              0.0147,                   0,                   0
        25,       155,      1.00,              0.0368,                   0,                   0
        25,       156,      1.00,              0.0221,                   0,                   0
        25,       178,      1.00,              0.0221,                   0,                   0
        25,       179,      1.00,              0.0147,                   0,                   0
        25,       180,      1.00,              0.0221,                   0,                   0
        25,       181,      1.00,              0.0147,                   0,                   0
        25,       182,      1.00,              0.0074,                   0,                   0
        25,       183,      1.00,              0.0221,                   0,                   0
        25,       199,      1.00,              0.0441,                   0,                   0
        25,       202,      1.00,              0.1617,                   0,                   0
        25,       209,      1.00,              0.0074,                   0,              0.0074
        25,       218,      1.00,                   0,                   0,              0.0074
        25,       219,      1.00,                   0,                   0,              0.0074
        25,       224,      1.00,                   0,                   0,              0.0074
        25,       226,      1.00,                   0,                   0,              0.0074
        26,         1,      1.00,              0.3088,                   0,              0.0147
        26,         2,      1.00,                   0,                   0,              0.0147
        26,         3,      1.00,              0.2058,                   0,              0.0147
        26,         4,      1.00,              0.0074,                   0,              0.0147
        26,         5,      1.00,              0.6322,                   0,              0.0294
        26,         6,      1.00,              1.3306,                   0,              0.0368
        26,         7,      1.00,              1.5217,                   0,              0.0441
        26,         8,      1.00,              6.7780,                   0,              0.1764
        26,         9,      1.00,              2.4186,                   0,              0.0662
        26,        11,      1.00,              0.4264,                   0,              0.0221
        26,        12,      1.00,              1.7276,                   0,              0.0515
        26,        13,      1.00,              7.5426,                   0,              0.3014
        26,        14,      1.00,             20.6870,                   0,              0.3235
        26,        15,      1.00,             58.9807,                   0,              0.4043
        26,        16,      1.00,              0.6175,                   0,              0.0074
        26,        17,      1.00,              1.6100,                   0,              0.0294
        26,        18,      1.00,              0.7204,                   0,              0.0147
        26,        19,      1.00,              1.3674,                   0,              0.0294
        26,        20,      1.00,              0.2058,                   0,              0.0147
        26,        21,      1.00,                   0,                   0,              0.0074
        26,        22,      1.00,              1.2424,                   0,              0.0147
        26,        23,      1.00,              6.5795,                   0,              0.1103
        26,        24,      1.00,              8.8658,                   0,              0.1103
        26,        25,      1.00,              5.3077,                   0,              0.0221
        26,        26,      1.00,             53.4671,                   0,              0.0662
        26,        27,      1.00,             25.6565,                   0,              0.1691
        26,        28,      1.00,             27.0166,                   0,              0.2132
        26,        29,      1.00,             24.7744,                   0,              0.1323
        26,        30,      1.00,             10.7258,                   0,              0.1397
        26,        31,      1.00,              7.7264,                   0,              0.1250
        26,        32,      1.00,              7.0133,                   0,              0.0882
        26,        33,      1.00,              2.6539,                   0,              0.1029
        26,        34,      1.00,              2.7788,                   0,              0.0221
        26,        35,      1.00,              8.0278,                   0,              0.1617
        26,        36,      1.00,              6.5281,                   0,              0.0956
        26,        37,      1.00,              4.5211,                   0,              0.1544
        26,        38,      1.00,              6.9545,                   0,              0.1029
        26,        39,      1.00,              3.8007,                   0,              0.1103
        26,        40,      1.00,              1.7423,                   0,              0.0882
        26,        41,      1.00,              1.4188,                   0,              0.0588
        26,        42,      1.00,              0.4117,                   0,              0.0074
        26,        43,      1.00,              0.4778,                   0,              0.0147
        26,        44,      1.00,              0.4778,                   0,              0.0368
        26,        45,      1.00,              0.5293,                   0,              0.0294
        26,        46,      1.00,              0.0074,                   0,              0.0074
        26,        49,      1.00,              0.9189,                   0,              0.0735
        26,        50,      1.00,              0.0074,                   0,              0.0221
        26,        51,      1.00,              0.0588,                   0,                   0
        26,        52,      1.00,              2.9479,                   0,              0.0735
        26,        53,      1.00,              0.5734,                   0,              0.0074
        26,        54,      1.00,              0.8307,                   0,              0.0294
        26,        55,      1.00,              3.6316,                   0,              0.0515
        26,        56,      1.00,              0.8748,                   0,              0.1103
        26,        57,      1.00,              0.0368,                   0,              0.0074
        26,        58,      1.00,              0.6910,                   0,              0.0662
        26,        59,      1.00,              2.4995,                   0,              0.0515
        26,        60,      1.00,              2.5804,                   0,              0.0294
        26,        61,      1.00,              1.6688,                   0,              0.0662
        26,        62,      1.00,              1.7129,                   0,              0.0441
        26,        63,      1.00,              1.3453,                   0,              0.0368
        26,        64,      1.00,              0.2132,                   0,              0.0294
        26,        65,      1.00,              1.5732,                   0,              0.0441
        26,        66,      1.00,              1.0366,                   0,              0.0147
        26,        67,      1.00,              0.5734,                   0,              0.0294
        26,        68,      1.00,              0.5734,                   0,              0.0221
        26,        69,      1.00,              0.8895,                   0,              0.0368
        26,        70,      1.00,              0.6837,                   0,              0.0074
        26,        71,      1.00,              0.3088,                   0,                   0
        26,        72,      1.00,              0.4117,                   0,                   0
        26,        73,      1.00,              0.0074,                   0,                   0
        26,        75,      1.00,              0.0147,                   0,                   0
        26,        76,      1.00,              0.3088,                   0,                   0
        26,        77,      1.00,                   0,                   0,              0.0074
        26,        79,      1.00,              0.0074,                   0,              0.0147
        26,        80,      1.00,              0.1103,                   0,              0.0074
        26,        81,      1.00,              0.1103,                   0,                   0
        26,        82,      1.00,              0.0074,                   0,                   0
        26,        83,      1.00,              0.5220,                   0,                   0
        26,        85,      1.00,              0.2132,                   0,                   0
        26,        86,      1.00,              0.6249,                   0,                   0
        26,        90,      1.00,              0.4117,                   0,                   0
        26,        91,      1.00,              0.2058,                   0,                   0
        26,        92,      1.00,              0.2058,                   0,              0.0074
        26,        95,      1.00,              0.0662,                   0,                   0
        26,        97,      1.00,                   0,                   0,              0.0147
        26,        98,      1.00,              0.4117,                   0,              0.0074
        26,        99,      1.00,              0.1029,                   0,              0.0074
        26,       100,      1.00,              0.2132,                   0,              0.0294
        26,       101,      1.00,              0.6249,                   0,              0.0368
        26,       103,      1.00,              0.4190,                   0,                   0
        26,       104,      1.00,              0.3088,                   0,                   0
        26,       106,      1.00,              0.2058,                   0,                   0
        26,       107,      1.00,              0.2058,                   0,                   0
        26,       112,      1.00,              3.3449,                   0,              0.1617
        26,       113,      1.00,              1.8305,                   0,              0.0074
        26,       114,      1.00,              0.5808,                   0,              0.0074
        26,       116,      1.00,                   0,                   0,              0.0074
        26,       118,      1.00,              0.2058,                   0,              0.0074
        26,       119,      1.00,              0.4117,                   0,              0.0074
        26,       121,      1.00,              0.2058,                   0,              0.0074
        26,       123,      1.00,              0.2058,                   0,              0.0074
        26,       125,      1.00,              0.2058,                   0,                   0
        26,       126,      1.00,              0.1911,                   0,              0.0074
        26,       127,      1.00,              0.1911,                   0,                   0
        26,       128,      1.00,              0.0809,                   0,                   0
        26,       129,      1.00,              0.2058,                   0,              0.0074
        26,       136,      1.00,                   0,                   0,              0.0074
        26,       141,      1.00,              0.0956,                   0,                   0
        26,       143,      1.00,              0.0662,                   0,                   0
        26,       145,      1.00,              0.0074,                   0,                   0
        26,       146,      1.00,              0.0221,                   0,                   0
        26,       147,      1.00,              0.0221,                   0,                   0
        26,       148,      1.00,              0.0441,                   0,                   0
        26,       149,      1.00,              0.0441,                   0,                   0
        26,       150,      1.00,              0.0221,                   0,              0.0074
        26,       151,      1.00,              0.0221,                   0,              0.0074
        26,       152,      1.00,              0.0221,                   0,              0.0074
        26,       153,      1.00,              0.0735,                   0,                   0
        26,       154,      1.00,              0.1397,                   0,              0.0074
        26,       155,      1.00,              0.0956,                   0,              0.0074
        26,       160,      1.00,              0.0221,                   0,                   0
        26,       161,      1.00,              0.0074,                   0,              0.0074
        26,       162,      1.00,                   0,                   0,              0.0074
        26,       163,      1.00,              0.0441,                   0,                   0
        26,       164,      1.00,              0.0368,                   0,                   0
        26,       165,      1.00,              0.0221,                   0,              0.0074
        26,       166,      1.00,              0.0221,                   0,              0.0074
        26,       168,      1.00,              0.0294,                   0,                   0
        26,       169,      1.00,              0.0368,                   0,                   0
        26,       170,      1.00,              0.1691,                   0,                   0
        26,       172,      1.00,              0.2058,                   0,                   0
        26,       177,      1.00,              0.1029,                   0,                   0
        26,       178,      1.00,              0.0441,                   0,                   0
        26,       179,      1.00,              0.0809,                   0,                   0
        26,       181,      1.00,              0.2058,                   0,                   0
        26,       185,      1.00,              0.2058,                   0,                   0
        26,       187,      1.00,              0.2058,                   0,                   0
        26,       209,      1.00,              0.0147,                   0,              0.0147
        26,       210,      1.00,              0.6249,                   0,              0.0221
        26,       214,      1.00,              0.0588,                   0,                   0
        26,       217,      1.00,                   0,                   0,              0.0074
        26,       218,      1.00,                   0,                   0,              0.0221
        26,       219,      1.00,                   0,                   0,              0.0294
        26,       224,      1.00,                   0,                   0,              0.0147
        26,       226,      1.00,                   0,                   0,              0.0147
        27,         1,      1.00,              0.0809,                   0,              0.0147
        27,         2,      1.00,              0.8675,                   0,              0.0147
        27,         3,      1.00,              0.6763,                   0,              0.0147
        27,         4,      1.00,              0.3529,                   0,              0.0074
        27,         5,      1.00,              0.1323,                   0,              0.0294
        27,         6,      1.00,              1.5732,                   0,              0.0515
        27,         7,      1.00,              2.9112,                   0,              0.0515
        27,         8,      1.00,              7.6382,                   0,              0.3529
        27,         9,      1.00,              2.6539,                   0,              0.0735
        27,        10,      1.00,              0.3088,                   0,                   0
        27,        11,      1.00,              0.7866,                   0,              0.0294
        27,        12,      1.00,              1.4409,                   0,              0.0515
        27,        13,      1.00,              9.1526,                   0,              0.7793
        27,        14,      1.00,             24.9876,                   0,              0.6910
        27,        15,      1.00,             57.2531,                   0,              0.6910
        27,        16,      1.00,              0.8234,                   0,              0.0147
        27,        17,      1.00,              0.7351,                   0,              0.0441
        27,        18,      1.00,              0.8381,                   0,              0.0221
        27,        19,      1.00,              2.9773,                   0,              0.0515
        27,        20,      1.00,              0.1103,                   0,              0.0147
        27,        21,      1.00,              0.1029,                   0,              0.0147
        27,        22,      1.00,              1.4115,                   0,              0.0147
        27,        23,      1.00,              9.4540,                   0,              0.3529
        27,        24,      1.00,              9.5422,                   0,              0.2205
        27,        25,      1.00,              3.1611,                   0,              0.0368
        27,        26,      1.00,             27.2004,                   0,              0.1691
        27,        27,      1.00,             95.4365,                   0,              0.3896
        27,        28,      1.00,             80.8512,                   0,              0.5881
        27,        29,      1.00,             23.8113,                   0,              0.2132
        27,        30,      1.00,              9.6672,                   0,              0.2279
        27,        31,      1.00,             19.2608,                   0,              0.3088
        27,        32,      1.00,             33.5888,                   0,              0.3382
        27,        33,      1.00,             16.0850,                   0,              0.2941
        27,        34,      1.00,             13.4678,                   0,              0.0735
        27,        35,      1.00,             17.4817,                   0,              0.4264
        27,        36,      1.00,             11.6814,                   0,              0.3088
        27,        37,      1.00,             12.4092,                   0,              0.3676
        27,        38,      1.00,             20.3856,                   0,              0.2573
        27,        39,      1.00,             17.6214,                   0,              0.2867
        27,        40,      1.00,              6.6384,                   0,              0.2132
        27,        41,      1.00,              4.9696,                   0,              0.1544
        27,        42,      1.00,              0.5808,                   0,              0.0221
        27,        43,      1.00,              2.3819,                   0,              0.0441
        27,        44,      1.00,              2.0878,                   0,              0.0882
        27,        45,      1.00,              3.3302,                   0,              0.0588
        27,        46,      1.00,              0.8895,                   0,              0.0221
        27,        47,      1.00,              0.6543,                   0,              0.0147
        27,        48,      1.00,              0.1250,                   0,              0.0147
        27,        49,      1.00,              7.0280,                   0,              0.2132
        27,        50,      1.00,              0.7278,                   0,              0.0882
        27,        51,      1.00,              0.1985,                   0,              0.0074
        27,        52,      1.00,             10.1597,                   0,              0.2132
        27,        53,      1.00,              1.0954,                   0,              0.0147
        27,        54,      1.00,              3.1097,                   0,              0.0956
        27,        55,      1.00,              5.9473,                   0,              0.1617
        27,        56,      1.00,              4.6167,                   0,              0.2352
        27,        57,      1.00,              0.1764,                   0,              0.0074
        27,        58,      1.00,              4.2491,                   0,              0.1617
        27,        59,      1.00,             12.2328,                   0,              0.1691
        27,        60,      1.00,              9.3143,                   0,              0.1103
        27,        61,      1.00,              5.2710,                   0,              0.1397
        27,        62,      1.00,              3.9992,                   0,              0.0662
        27,        63,      1.00,              2.2863,                   0,              0.0735
        27,        64,      1.00,              0.3308,                   0,              0.0588
        27,        65,      1.00,              8.7409,                   0,              0.1838
        27,        66,      1.00,              5.8297,                   0,              0.0882
        27,        67,      1.00,              3.9183,                   0,              0.0809
        27,        68,      1.00,              1.7202,                   0,              0.0368
        27,        69,      1.00,              1.6394,                   0,              0.1250
        27,        70,      1.00,              1.2056,                   0,              0.0294
        27,        71,      1.00,              1.3453,                   0,              0.0221
        27,        72,      1.00,              1.0292,                   0,              0.0147
        27,        73,      1.00,              0.0221,                   0,              0.0294
        27,        74,      1.00,              0.0074,                   0,              0.0074
        27,        75,      1.00,              0.8675,                   0,              0.0515
        27,        76,      1.00,              0.5293,                   0,              0.0221
        27,        77,      1.00,              0.4190,                   0,              0.0368
        27,        78,      1.00,                   0,                   0,              0.0074
        27,        79,      1.00,              0.5367,                   0,              0.0809
        27,        80,      1.00,              1.2497,                   0,              0.0441
        27,        81,      1.00,              0.4484,                   0,                   0
        27,        82,      1.00,              0.0147,                   0,              0.0074
        27,        83,      1.00,              1.4776,                   0,              0.0221
        27,        84,      1.00,              1.6394,                   0,              0.0074
        27,        85,      1.00,              0.1323,                   0,              0.0147
        27,        86,      1.00,              0.7425,                   0,              0.0147
        27,        87,      1.00,              0.3161,                   0,              0.0147
        27,        88,      1.00,              0.2058,                   0,              0.0074
        27,        89,      1.00,              0.2058,                   0,                   0
        27,        90,      1.00,              0.2794,                   0,              0.0074
        27,        91,      1.00,              0.4190,                   0,                   0
        27,        92,      1.00,              0.2132,                   0,              0.0074
        27,        93,      1.00,              0.0074,                   0,                   0
        27,        94,      1.00,              0.0147,                   0,                   0
        27,        95,      1.00,              0.6322,                   0,              0.0074
        27,        96,      1.00,                   0,                   0,              0.0221
        27,        97,      1.00,              0.1250,                   0,              0.0294
        27,        98,      1.00,              0.0956,                   0,              0.0294
        27,        99,      1.00,              0.0074,                   0,              0.0147
        27,       100,      1.00,              0.4264,                   0,              0.1176
        27,       101,      1.00,              0.6469,                   0,              0.0809
        27,       102,      1.00,                   0,                   0,              0.0074
        27,       103,      1.00,              0.6322,                   0,              0.0147
        27,       104,      1.00,              0.3161,                   0,              0.0515
        27,       105,      1.00,              0.0074,                   0,              0.0147
        27,       106,      1.00,              0.2794,                   0,              0.0074
        27,       107,      1.00,              0.1103,                   0,              0.0074
        27,       109,      1.00,              0.0074,                   0,              0.0074
        27,       111,      1.00,              0.0662,                   0,                   0
        27,       112,      1.00,             15.4748,                   0,              0.3823
        27,       113,      1.00,              0.7204,                   0,              0.0074
        27,       114,      1.00,              0.2132,                   0,              0.0368
        27,       116,      1.00,              0.0074,                   0,              0.0221
        27,       117,      1.00,              0.6249,                   0,              0.0147
        27,       118,      1.00,              0.2132,                   0,              0.0147
        27,       119,      1.00,              0.1764,                   0,              0.0221
        27,       120,      1.00,              0.0074,                   0,              0.0074
        27,       121,      1.00,              0.0735,                   0,              0.0074
        27,       122,      1.00,              0.1176,                   0,              0.0074
        27,       123,      1.00,              0.0147,                   0,              0.0294
        27,       124,      1.00,              0.0147,                   0,                   0
        27,       125,      1.00,              0.2132,                   0,                   0
        27,       126,      1.00,              0.2058,                   0,              0.0221
        27,       127,      1.00,              0.3749,                   0,              0.0074
        27,       128,      1.00,              0.0515,                   0,              0.0074
        27,       129,      1.00,              0.1029,                   0,              0.0074
        27,       130,      1.00,              0.1691,                   0,                   0
        27,       131,      1.00,              0.0074,                   0,                   0
        27,       132,      1.00,              0.0074,                   0,                   0
        27,       133,      1.00,              0.0735,                   0,                   0
        27,       134,      1.00,              0.0735,                   0,                   0
        27,       136,      1.00,              0.0074,                   0,              0.0074
        27,       137,      1.00,                   0,                   0,              0.0074
        27,       140,      1.00,              0.0735,                   0,                   0
        27,       141,      1.00,              0.0515,                   0,              0.0074
        27,       142,      1.00,              0.3088,                   0,              0.0074
        27,       143,      1.00,              0.0956,                   0,              0.0074
        27,       145,      1.00,              0.0588,                   0,              0.0074
        27,       146,      1.00,              0.0515,                   0,              0.0147
        27,       147,      1.00,              0.0074,                   0,              0.0074
        27,       148,      1.00,              0.0956,                   0,              0.0074
        27,       149,      1.00,              0.0956,                   0,              0.0074
        27,       150,      1.00,              0.0882,                   0,              0.0147
        27,       151,      1.00,              0.1103,                   0,              0.0147
        27,       152,      1.00,              0.0368,                   0,              0.0147
        27,       153,      1.00,              0.1103,                   0,              0.0074
        27,       154,      1.00,              0.1470,                   0,              0.0221
        27,       155,      1.00,              0.1397,                   0,              0.0221
        27,       156,      1.00,              0.0221,                   0,                   0
        27,       160,      1.00,              0.0221,                   0,                   0
        27,       161,      1.00,              0.0515,                   0,              0.0294
        27,       162,      1.00,              0.0074,                   0,              0.0147
        27,       164,      1.00,              0.0074,                   0,                   0
        27,       165,      1.00,              0.0588,                   0,              0.0147
        27,       166,      1.00,              0.1176,                   0,              0.0147
        27,       167,      1.00,              0.0515,                   0,              0.0074
        27,       168,      1.00,              0.0147,                   0,                   0
        27,       169,      1.00,              0.0147,                   0,                   0
        27,       172,      1.00,              0.2058,                   0,                   0
        27,       174,      1.00,              0.1029,                   0,                   0
        27,       175,      1.00,              0.0515,                   0,                   0
        27,       177,      1.00,              0.0441,                   0,                   0
        27,       178,      1.00,              0.1029,                   0,              0.0074
        27,       179,      1.00,              0.1764,                   0,              0.0074
        27,       182,      1.00,              0.0735,                   0,              0.0074
        27,       195,      1.00,              0.0588,                   0,                   0
        27,       208,      1.00,              0.1323,                   0,                   0
        27,       209,      1.00,              1.9261,                   0,              0.0294
        27,       210,      1.00,              3.5728,                   0,              0.0662
        27,       212,      1.00,              0.0074,                   0,                   0
        27,       213,      1.00,              0.0074,                   0,              0.0074
        27,       217,      1.00,                   0,                   0,              0.0074
        27,       218,      1.00,                   0,                   0,              0.0368
        27,       219,      1.00,                   0,                   0,              0.0515
        27,       222,      1.00,                   0,                   0,              0.0074
        27,       224,      1.00,                   0,                   0,              0.0441
        27,       226,      1.00,                   0,                   0,              0.0368
        28,         1,      1.00,              0.3088,                   0,              0.0147
        28,         2,      1.00,              0.8822,                   0,              0.0147
        28,         3,      1.00,              0.3308,                   0,              0.0074
        28,         4,      1.00,              0.1911,                   0,              0.0074
        28,         5,      1.00,              0.1029,                   0,              0.0294
        28,         6,      1.00,              0.8160,                   0,              0.0735
        28,         7,      1.00,              3.0656,                   0,              0.0735
        28,         8,      1.00,              9.9097,                   0,              0.4264
        28,         9,      1.00,              3.6978,                   0,              0.0441
        28,        11,      1.00,              0.7351,                   0,              0.0368
        28,        12,      1.00,              2.7494,                   0,              0.0515
        28,        13,      1.00,              6.4693,                   0,              1.0807
        28,        14,      1.00,             24.8699,                   0,              0.8528
        28,        15,      1.00,             73.5953,                   0,              0.9777
        28,        16,      1.00,              0.3088,                   0,              0.0147
        28,        17,      1.00,              3.8742,                   0,              0.0588
        28,        18,      1.00,              0.8969,                   0,              0.0221
        28,        19,      1.00,              2.5215,                   0,              0.0662
        28,        20,      1.00,              0.7057,                   0,              0.0147
        28,        21,      1.00,                   0,                   0,              0.0294
        28,        22,      1.00,              2.9112,                   0,              0.0221
        28,        23,      1.00,             11.7697,                   0,              0.4778
        28,        24,      1.00,             10.1156,                   0,              0.2426
        28,        25,      1.00,              2.6098,                   0,              0.0441
        28,        26,      1.00,             25.5169,                   0,              0.2132
        28,        27,      1.00,             63.9870,                   0,              0.5881
        28,        28,      1.00,            241.7964,                   0,              0.8895
        28,        29,      1.00,             74.7863,                   0,              0.4484
        28,        30,      1.00,             40.8152,                   0,              0.4999
        28,        31,      1.00,             88.7246,                   0,              0.5661
        28,        32,      1.00,             72.2500,                   0,              0.5293
        28,        33,      1.00,             58.6057,                   0,              0.5220
        28,        34,      1.00,             11.8285,                   0,              0.1029
        28,        35,      1.00,             14.8646,                   0,              0.7204
        28,        36,      1.00,             12.9165,                   0,              0.4925
        28,        37,      1.00,              8.9541,                   0,              0.4852
        28,        38,      1.00,             15.3498,                   0,              0.2941
        28,        39,      1.00,             17.2685,                   0,              0.3088
        28,        40,      1.00,              4.9843,                   0,              0.1985
        28,        41,      1.00,              5.0798,                   0,              0.1323
        28,        42,      1.00,              0.9336,                   0,              0.0368
        28,        43,      1.00,              1.7202,                   0,              0.0662
        28,        44,      1.00,              2.1834,                   0,              0.1103
        28,        45,      1.00,              3.5949,                   0,              0.1323
        28,        46,      1.00,              1.0292,                   0,              0.0588
        28,        47,      1.00,              0.7351,                   0,              0.0221
        28,        48,      1.00,              0.1029,                   0,              0.0294
        28,        49,      1.00,              7.0941,                   0,              0.2573
        28,        50,      1.00,              0.6028,                   0,              0.1544
        28,        51,      1.00,              0.1617,                   0,              0.0074
        28,        52,      1.00,              8.4468,                   0,              0.3088
        28,        53,      1.00,              1.4482,                   0,              0.0221
        28,        54,      1.00,              5.3739,                   0,              0.1103
        28,        55,      1.00,              5.6753,                   0,              0.2058
        28,        56,      1.00,              4.1168,                   0,              0.2205
        28,        57,      1.00,              0.1544,                   0,              0.0074
        28,        58,      1.00,              4.6314,                   0,              0.2352
        28,        59,      1.00,             24.3039,                   0,              0.2720
        28,        60,      1.00,             11.9829,                   0,              0.1691
        28,        61,      1.00,             19.5107,                   0,              0.2941
        28,        62,      1.00,              8.4101,                   0,              0.1250
        28,        63,      1.00,             11.2551,                   0,              0.1544
        28,        64,      1.00,              1.1836,                   0,              0.1250
        28,        65,      1.00,             11.1815,                   0,              0.2058
        28,        66,      1.00,              7.5793,                   0,              0.1397
        28,        67,      1.00,              8.4983,                   0,              0.0809
        28,        68,      1.00,              3.8742,                   0,              0.0368
        28,        69,      1.00,              4.3079,                   0,              0.0735
        28,        70,      1.00,              2.3378,                   0,              0.0294
        28,        71,      1.00,              1.4482,                   0,              0.0221
        28,        72,      1.00,              1.1395,                   0,              0.0147
        28,        73,      1.00,              0.2279,                   0,              0.0294
        28,        74,      1.00,              0.4190,                   0,              0.0074
        28,        75,      1.00,              2.6759,                   0,              0.1617
        28,        76,      1.00,              2.4848,                   0,              0.0515
        28,        77,      1.00,              2.4333,                   0,              0.0294
        28,        78,      1.00,                   0,                   0,              0.0147
        28,        79,      1.00,              2.6539,                   0,              0.0515
        28,        80,      1.00,              0.9630,                   0,              0.0662
        28,        81,      1.00,              0.4117,                   0,              0.0147
        28,        82,      1.00,              0.0147,                   0,              0.0221
        28,        83,      1.00,              1.4703,                   0,              0.0588
        28,        84,      1.00,              1.1027,                   0,              0.0588
        28,        85,      1.00,              1.0145,                   0,              0.0441
        28,        86,      1.00,              0.3896,                   0,              0.0588
        28,        87,      1.00,              0.2132,                   0,              0.0221
        28,        88,      1.00,                   0,                   0,              0.0074
        28,        89,      1.00,              0.2058,                   0,              0.0074
        28,        90,      1.00,              0.7351,                   0,              0.0221
        28,        91,      1.00,              0.2132,                   0,              0.0147
        28,        92,      1.00,              0.2132,                   0,              0.0588
        28,        93,      1.00,              0.6249,                   0,              0.0074
        28,        94,      1.00,              0.4264,                   0,              0.0147
        28,        95,      1.00,              0.6322,                   0,              0.0515
        28,        96,      1.00,              0.7793,                   0,              0.0515
        28,        97,      1.00,              0.7278,                   0,              0.0588
        28,        98,      1.00,              0.9410,                   0,              0.0368
        28,        99,      1.00,              1.7570,                   0,              0.0294
        28,       100,      1.00,              0.7572,                   0,              0.3014
        28,       101,      1.00,              1.4997,                   0,              0.1617
        28,       102,      1.00,              0.4190,                   0,              0.0147
        28,       103,      1.00,              1.2130,                   0,              0.0294
        28,       104,      1.00,              0.8307,                   0,              0.0515
        28,       105,      1.00,              0.2205,                   0,              0.0147
        28,       106,      1.00,              0.3161,                   0,              0.0147
        28,       107,      1.00,              0.6249,                   0,              0.0147
        28,       108,      1.00,              0.2132,                   0,                   0
        28,       109,      1.00,              0.0074,                   0,              0.0074
        28,       110,      1.00,                   0,                   0,              0.0074
        28,       111,      1.00,                   0,                   0,              0.0074
        28,       112,      1.00,             12.3210,                   0,              0.3235
        28,       113,      1.00,              1.9555,                   0,              0.0147
        28,       114,      1.00,              1.2424,                   0,              0.0809
        28,       116,      1.00,              0.0074,                   0,              0.0441
        28,       117,      1.00,              1.2497,                   0,              0.0294
        28,       118,      1.00,              1.0954,                   0,              0.0662
        28,       119,      1.00,              0.0074,                   0,              0.0441
        28,       120,      1.00,              0.3161,                   0,              0.0221
        28,       121,      1.00,              0.4190,                   0,              0.0441
        28,       122,      1.00,              0.6249,                   0,              0.0294
        28,       123,      1.00,              0.8307,                   0,              0.0515
        28,       124,      1.00,              0.0147,                   0,              0.0294
        28,       125,      1.00,              0.2205,                   0,              0.0221
        28,       126,      1.00,              0.3970,                   0,              0.0735
        28,       127,      1.00,              0.8087,                   0,              0.0882
        28,       128,      1.00,              0.0956,                   0,              0.0368
        28,       129,      1.00,              0.4117,                   0,              0.0221
        28,       130,      1.00,              0.0735,                   0,              0.0147
        28,       131,      1.00,              0.0074,                   0,              0.0147
        28,       132,      1.00,              0.0515,                   0,              0.0147
        28,       133,      1.00,              0.0515,                   0,              0.0147
        28,       134,      1.00,                   0,                   0,              0.0147
        28,       135,      1.00,              0.6249,                   0,              0.0368
        28,       136,      1.00,              0.4778,                   0,              0.0441
        28,       137,      1.00,              0.1617,                   0,              0.0147
        28,       138,      1.00,              0.2132,                   0,              0.0294
        28,       139,      1.00,                   0,                   0,              0.0074
        28,       140,      1.00,              0.0074,                   0,              0.0368
        28,       141,      1.00,              0.1911,                   0,              0.0368
        28,       142,      1.00,              0.4117,                   0,              0.0221
        28,       143,      1.00,              0.2352,                   0,              0.0441
        28,       144,      1.00,              0.0147,                   0,              0.0074
        28,       145,      1.00,              0.0882,                   0,              0.0221
        28,       146,      1.00,              0.3088,                   0,              0.0588
        28,       147,      1.00,              0.0441,                   0,              0.0221
        28,       148,      1.00,              0.1470,                   0,              0.0441
        28,       149,      1.00,              0.0294,                   0,              0.0294
        28,       150,      1.00,              0.2205,                   0,              0.0294
        28,       151,      1.00,              0.1838,                   0,              0.0735
        28,       152,      1.00,              0.0809,                   0,              0.0221
        28,       153,      1.00,              0.0294,                   0,              0.0147
        28,       154,      1.00,              0.5661,                   0,              0.0588
        28,       155,      1.00,              0.2499,                   0,              0.0588
        28,       156,      1.00,              0.0956,                   0,              0.0074
        28,       157,      1.00,              0.2058,                   0,              0.0074
        28,       160,      1.00,              0.0294,                   0,              0.0221
        28,       161,      1.00,              0.0515,                   0,              0.0368
        28,       162,      1.00,              0.2573,                   0,              0.0441
        28,       164,      1.00,              0.3235,                   0,              0.0368
        28,       165,      1.00,              0.1911,                   0,              0.0368
        28,       166,      1.00,              0.1250,                   0,              0.0294
        28,       167,      1.00,              0.0809,                   0,              0.0221
        28,       168,      1.00,              0.0515,                   0,              0.0294
        28,       169,      1.00,                   0,                   0,              0.0147
        28,       170,      1.00,              0.2058,                   0,              0.0294
        28,       172,      1.00,              0.4778,                   0,              0.0588
        28,       174,      1.00,              0.0662,                   0,              0.0294
        28,       175,      1.00,              0.2058,                   0,              0.0441
        28,       177,      1.00,              0.0662,                   0,              0.0294
        28,       178,      1.00,              0.0809,                   0,              0.0368
        28,       179,      1.00,              0.0735,                   0,              0.0368
        28,       180,      1.00,              0.0221,                   0,                   0
        28,       181,      1.00,                   0,                   0,              0.0221
        28,       182,      1.00,              0.1544,                   0,              0.0221
        28,       183,      1.00,              0.1029,                   0,              0.0074
        28,       184,      1.00,              0.6175,                   0,                   0
        28,       185,      1.00,              0.6175,                   0,                   0
        28,       186,      1.00,              0.1029,                   0,                   0
        28,       187,      1.00,              0.2058,                   0,                   0
        28,       188,      1.00,              0.6175,                   0,              0.0074
        28,       192,      1.00,                   0,                   0,              0.0074
        28,       195,      1.00,              0.2058,                   0,                   0
        28,       196,      1.00,              0.2058,                   0,              0.0074
        28,       197,      1.00,              0.4117,                   0,                   0
        28,       207,      1.00,                   0,                   0,              0.0074
        28,       208,      1.00,              0.5146,                   0,              0.0221
        28,       209,      1.00,              1.0954,                   0,              0.0662
        28,       210,      1.00,              2.9112,                   0,              0.0882
        28,       211,      1.00,              0.0074,                   0,              0.0074
        28,       212,      1.00,              0.0074,                   0,              0.0074
        28,       213,      1.00,              0.2426,                   0,              0.0147
        28,       217,      1.00,                   0,                   0,              0.0147
        28,       218,      1.00,                   0,                   0,              0.0441
        28,       219,      1.00,                   0,                   0,              0.0588
        28,       222,      1.00,                   0,                   0,              0.0074
        28,       224,      1.00,                   0,                   0,              0.0735
        28,       226,      1.00,              0.0074,                   0,              0.0588
        29,         1,      1.00,              0.2058,                   0,              0.0221
        29,         2,      1.00,              0.7278,                   0,              0.0221
        29,         3,      1.00,              0.2426,                   0,              0.0074
        29,         4,      1.00,              0.0956,                   0,              0.0147
        29,         5,      1.00,              0.0147,                   0,              0.0809
        29,         6,      1.00,              1.6247,                   0,              0.0515
        29,         7,      1.00,              2.0437,                   0,              0.0588
        29,         8,      1.00,              6.8368,                   0,              0.1764
        29,         9,      1.00,              1.9114,                   0,              0.0368
        29,        10,      1.00,              0.2058,                   0,                   0
        29,        11,      1.00,              0.4705,                   0,              0.0294
        29,        12,      1.00,              1.5879,                   0,              0.0662
        29,        13,      1.00,              6.4252,                   0,              0.4778
        29,        14,      1.00,             22.8115,                   0,              0.4631
        29,        15,      1.00,             71.8236,                   0,              0.5220
        29,        16,      1.00,              0.1691,                   0,              0.0147
        29,        17,      1.00,              2.0216,                   0,              0.0368
        29,        18,      1.00,              0.3088,                   0,              0.0221
        29,        19,      1.00,              1.9481,                   0,              0.0441
        29,        20,      1.00,              0.2647,                   0,              0.0221
        29,        21,      1.00,                   0,                   0,              0.0074
        29,        22,      1.00,              2.3304,                   0,              0.0147
        29,        23,      1.00,              7.0353,                   0,              0.1691
        29,        24,      1.00,              8.0939,                   0,              0.1470
        29,        25,      1.00,              2.5804,                   0,              0.0294
        29,        26,      1.00,             29.6631,                   0,              0.1323
        29,        27,      1.00,             22.0029,                   0,              0.2132
        29,        28,      1.00,             72.1986,                   0,              0.4484
        29,        29,      1.00,            100.3619,                   0,              0.2352
        29,        30,      1.00,             30.6041,                   0,              0.3161
        29,        31,      1.00,             26.9431,                   0,              0.3161
        29,        32,      1.00,             19.1726,                   0,              0.1911
        29,        33,      1.00,             10.9610,                   0,              0.2132
        29,        34,      1.00,              2.2716,                   0,              0.0294
        29,        35,      1.00,              5.3886,                   0,              0.2426
        29,        36,      1.00,              4.8740,                   0,              0.1617
        29,        37,      1.00,              3.7566,                   0,              0.2279
        29,        38,      1.00,              3.8080,                   0,              0.1470
        29,        39,      1.00,              3.0288,                   0,              0.1250
        29,        40,      1.00,              1.6908,                   0,              0.0809
        29,        41,      1.00,              0.7498,                   0,              0.0882
        29,        42,      1.00,              0.2058,                   0,              0.0147
        29,        43,      1.00,              0.9263,                   0,              0.0221
        29,        44,      1.00,              0.4190,                   0,              0.0515
        29,        45,      1.00,              1.4556,                   0,              0.0515
        29,        46,      1.00,              0.3749,                   0,              0.0074
        29,        47,      1.00,              0.3455,                   0,              0.0074
        29,        48,      1.00,              0.0956,                   0,              0.0074
        29,        49,      1.00,              2.4113,                   0,              0.0882
        29,        50,      1.00,              0.5367,                   0,              0.0221
        29,        51,      1.00,              0.0515,                   0,                   0
        29,        52,      1.00,              2.7788,                   0,              0.1103
        29,        53,      1.00,              0.3088,                   0,              0.0074
        29,        54,      1.00,              1.6100,                   0,              0.0294
        29,        55,      1.00,              2.3451,                   0,              0.0662
        29,        56,      1.00,              1.4115,                   0,              0.1397
        29,        57,      1.00,              0.0515,                   0,              0.0074
        29,        58,      1.00,              0.8013,                   0,              0.1176
        29,        59,      1.00,              5.6165,                   0,              0.1029
        29,        60,      1.00,              5.4548,                   0,              0.0662
        29,        61,      1.00,              6.9986,                   0,              0.1250
        29,        62,      1.00,              2.4480,                   0,              0.0735
        29,        63,      1.00,              4.5432,                   0,              0.0735
        29,        64,      1.00,              0.6322,                   0,              0.0588
        29,        65,      1.00,              3.6169,                   0,              0.0662
        29,        66,      1.00,              2.3745,                   0,              0.0368
        29,        67,      1.00,              3.1023,                   0,              0.0294
        29,        68,      1.00,              1.0439,                   0,              0.0221
        29,        69,      1.00,              0.8381,                   0,              0.0147
        29,        70,      1.00,              0.2132,                   0,              0.0074
        29,        71,      1.00,              0.2132,                   0,              0.0074
        29,        72,      1.00,              0.4117,                   0,                   0
        29,        73,      1.00,              0.0074,                   0,              0.0074
        29,        75,      1.00,              1.0439,                   0,              0.0956
        29,        76,      1.00,              0.6837,                   0,              0.0294
        29,        77,      1.00,              0.1103,                   0,              0.0147
        29,        78,      1.00,                   0,                   0,              0.0074
        29,        79,      1.00,              0.2132,                   0,              0.0221
        29,        80,      1.00,              0.9336,                   0,              0.0294
        29,        81,      1.00,              0.1103,                   0,                   0
        29,        82,      1.00,              0.0074,                   0,                   0
        29,        83,      1.00,              0.1176,                   0,              0.0074
        29,        84,      1.00,              0.2794,                   0,              0.0074
        29,        85,      1.00,              0.2132,                   0,              0.0074
        29,        86,      1.00,              0.6249,                   0,              0.0074
        29,        87,      1.00,                   0,                   0,              0.0074
        29,        88,      1.00,              0.2058,                   0,                   0
        29,        90,      1.00,              0.0074,                   0,                   0
        29,        91,      1.00,              0.2720,                   0,                   0
        29,        92,      1.00,              0.4117,                   0,              0.0074
        29,        93,      1.00,              0.2058,                   0,                   0
        29,        94,      1.00,              0.2132,                   0,                   0
        29,        95,      1.00,              0.1103,                   0,                   0
        29,        96,      1.00,                   0,                   0,              0.0074
        29,        97,      1.00,              0.2647,                   0,              0.0294
        29,        98,      1.00,              0.1103,                   0,              0.0221
        29,        99,      1.00,              0.6175,                   0,              0.0221
        29,       100,      1.00,              0.5293,                   0,              0.1764
        29,       101,      1.00,              1.2130,                   0,              0.1176
        29,       102,      1.00,                   0,                   0,              0.0074
        29,       103,      1.00,              0.2720,                   0,              0.0147
        29,       104,      1.00,              0.4117,                   0,              0.0074
        29,       105,      1.00,              0.2132,                   0,              0.0074
        29,       106,      1.00,                   0,                   0,              0.0074
        29,       107,      1.00,                   0,                   0,              0.0074
        29,       109,      1.00,                   0,                   0,              0.0074
        29,       110,      1.00,              0.1029,                   0,                   0
        29,       112,      1.00,              4.0065,                   0,              0.2205
        29,       113,      1.00,              1.3968,                   0,              0.0074
        29,       114,      1.00,              0.4117,                   0,              0.0588
        29,       116,      1.00,                   0,                   0,              0.0147
        29,       117,      1.00,              0.0662,                   0,              0.0074
        29,       118,      1.00,              0.3088,                   0,              0.0074
        29,       119,      1.00,              0.1029,                   0,              0.0074
        29,       120,      1.00,              0.3529,                   0,                   0
        29,       121,      1.00,              0.0588,                   0,              0.0074
        29,       122,      1.00,              0.0074,                   0,              0.0074
        29,       123,      1.00,                   0,                   0,              0.0147
        29,       124,      1.00,              0.0074,                   0,              0.0074
        29,       125,      1.00,              0.0074,                   0,              0.0074
        29,       126,      1.00,              0.2573,                   0,              0.0074
        29,       127,      1.00,              0.3455,                   0,              0.0074
        29,       128,      1.00,              0.0441,                   0,              0.0074
        29,       129,      1.00,                   0,                   0,              0.0074
        29,       132,      1.00,              0.0588,                   0,                   0
        29,       135,      1.00,              0.2058,                   0,              0.0074
        29,       136,      1.00,              0.0074,                   0,              0.0147
        29,       137,      1.00,                   0,                   0,              0.0074
        29,       138,      1.00,                   0,                   0,              0.0074
        29,       139,      1.00,              0.0588,                   0,                   0
        29,       140,      1.00,                   0,                   0,              0.0074
        29,       141,      1.00,              0.0735,                   0,                   0
        29,       142,      1.00,              0.1029,                   0,                   0
        29,       143,      1.00,              0.0515,                   0,              0.0074
        29,       145,      1.00,              0.0147,                   0,                   0
        29,       146,      1.00,                   0,                   0,              0.0074
        29,       148,      1.00,              0.0515,                   0,                   0
        29,       149,      1.00,              0.0809,                   0,                   0
        29,       150,      1.00,              0.0441,                   0,              0.0074
        29,       151,      1.00,              0.0294,                   0,              0.0074
        29,       152,      1.00,              0.0441,                   0,              0.0074
        29,       153,      1.00,              0.0735,                   0,              0.0074
        29,       154,      1.00,              0.0882,                   0,              0.0074
        29,       155,      1.00,              0.0735,                   0,              0.0147
        29,       156,      1.00,              0.0221,                   0,                   0
        29,       161,      1.00,              0.0515,                   0,              0.0147
        29,       162,      1.00,              0.0074,                   0,              0.0221
        29,       164,      1.00,              0.0441,                   0,              0.0074
        29,       165,      1.00,              0.0074,                   0,              0.0074
        29,       166,      1.00,                   0,                   0,              0.0074
        29,       167,      1.00,              0.0074,                   0,              0.0074
        29,       168,      1.00,              0.2058,                   0,              0.0074
        29,       170,      1.00,              0.1691,                   0,              0.0074
        29,       172,      1.00,              0.2058,                   0,              0.0074
        29,       175,      1.00,                   0,                   0,              0.0074
        29,       177,      1.00,                   0,                   0,              0.0074
        29,       178,      1.00,              0.0441,                   0,              0.0074
        29,       179,      1.00,              0.0221,                   0,              0.0074
        29,       182,      1.00,              0.0515,                   0,                   0
        29,       184,      1.00,              0.0588,                   0,                   0
        29,       187,      1.00,              0.0588,                   0,                   0
        29,       188,      1.00,              0.2058,                   0,              0.0074
        29,       192,      1.00,                   0,                   0,              0.0074
        29,       197,      1.00,              0.2058,                   0,                   0
        29,       200,      1.00,                   0,                   0,              0.0074
        29,       207,      1.00,                   0,                   0,              0.0074
        29,       208,      1.00,              0.0294,                   0,                   0
        29,       209,      1.00,              0.5734,                   0,              0.0221
        29,       210,      1.00,              0.9998,                   0,              0.0221
        29,       213,      1.00,                   0,                   0,              0.0074
        29,       217,      1.00,                   0,                   0,              0.0074
        29,       218,      1.00,                   0,                   0,              0.0294
        29,       219,      1.00,                   0,                   0,              0.0368
        29,       224,      1.00,                   0,                   0,              0.0294
        29,       226,      1.00,                   0,                   0,              0.0221
        30,         1,      1.00,              0.1544,                   0,              0.0294
        30,         2,      1.00,              0.2720,                   0,              0.0294
        30,         3,      1.00,              0.0074,                   0,              0.0074
        30,         4,      1.00,              0.0515,                   0,              0.0147
        30,         5,      1.00,              0.0147,                   0,              0.1029
        30,         6,      1.00,              0.8675,                   0,              0.0294
        30,         7,      1.00,              1.8085,                   0,              0.0515
        30,         8,      1.00,              5.4033,                   0,              0.1764
        30,         9,      1.00,              1.7423,                   0,              0.0368
        30,        10,      1.00,              0.1250,                   0,              0.0074
        30,        11,      1.00,              0.7646,                   0,              0.0294
        30,        12,      1.00,              1.3894,                   0,              0.0588
        30,        13,      1.00,              4.9549,                   0,              0.4705
        30,        14,      1.00,             12.2034,                   0,              0.5072
        30,        15,      1.00,             65.0309,                   0,              0.6616
        30,        16,      1.00,              0.2058,                   0,              0.0221
        30,        17,      1.00,              1.3527,                   0,              0.0441
        30,        18,      1.00,              0.3676,                   0,              0.0221
        30,        19,      1.00,              0.9336,                   0,              0.0441
        30,        20,      1.00,              0.3970,                   0,              0.0294
        30,        21,      1.00,              0.5808,                   0,              0.0221
        30,        22,      1.00,              0.8601,                   0,              0.0294
        30,        23,      1.00,              5.2636,                   0,              0.1985
        30,        24,      1.00,              5.4621,                   0,              0.1691
        30,        25,      1.00,              1.3086,                   0,              0.0368
        30,        26,      1.00,             10.2553,                   0,              0.1397
        30,        27,      1.00,              9.7260,                   0,              0.2279
        30,        28,      1.00,             37.7129,                   0,              0.4999
        30,        29,      1.00,             32.6331,                   0,              0.3161
        30,        30,      1.00,            102.0013,                   0,              0.4117
        30,        31,      1.00,             55.6652,                   0,              0.4411
        30,        32,      1.00,             11.8358,                   0,              0.1544
        30,        33,      1.00,             21.7750,                   0,              0.3529
        30,        34,      1.00,              1.8232,                   0,              0.0294
        30,        35,      1.00,              4.6608,                   0,              0.3308
        30,        36,      1.00,              1.8158,                   0,              0.2573
        30,        37,      1.00,              2.4701,                   0,              0.2794
        30,        38,      1.00,              2.2275,                   0,              0.1617
        30,        39,      1.00,              1.9114,                   0,              0.1029
        30,        40,      1.00,              0.4705,                   0,              0.0662
        30,        41,      1.00,              1.8820,                   0,              0.0368
        30,        42,      1.00,                   0,                   0,              0.0074
        30,        43,      1.00,              0.8307,                   0,              0.0074
        30,        44,      1.00,              0.2205,                   0,              0.0221
        30,        45,      1.00,              0.6396,                   0,              0.0294
        30,        46,      1.00,              0.3896,                   0,              0.0221
        30,        47,      1.00,              0.0515,                   0,              0.0074
        30,        48,      1.00,              0.0294,                   0,              0.0074
        30,        49,      1.00,              0.6396,                   0,              0.0735
        30,        50,      1.00,              0.1838,                   0,              0.0441
        30,        51,      1.00,              0.0515,                   0,                   0
        30,        52,      1.00,              2.4627,                   0,              0.0441
        30,        53,      1.00,              0.2058,                   0,              0.0074
        30,        54,      1.00,              1.4482,                   0,              0.0147
        30,        55,      1.00,              1.4850,                   0,              0.0368
        30,        56,      1.00,              0.3308,                   0,              0.0735
        30,        57,      1.00,              0.0147,                   0,                   0
        30,        58,      1.00,              1.7717,                   0,              0.0662
        30,        59,      1.00,              5.4107,                   0,              0.0882
        30,        60,      1.00,              2.2716,                   0,              0.0588
        30,        61,      1.00,              8.5718,                   0,              0.2720
        30,        62,      1.00,              4.9769,                   0,              0.1544
        30,        63,      1.00,              6.1164,                   0,              0.1397
        30,        64,      1.00,              1.2571,                   0,              0.1103
        30,        65,      1.00,              2.4039,                   0,              0.0588
        30,        66,      1.00,              2.5068,                   0,              0.0221
        30,        67,      1.00,              3.7419,                   0,              0.1323
        30,        68,      1.00,              1.6541,                   0,              0.0662
        30,        69,      1.00,              1.8820,                   0,              0.0515
        30,        70,      1.00,              0.3382,                   0,              0.0074
        30,        71,      1.00,              0.2132,                   0,              0.0074
        30,        72,      1.00,              0.1691,                   0,              0.0147
        30,        73,      1.00,              0.0147,                   0,              0.0147
        30,        74,      1.00,              0.0074,                   0,              0.0074
        30,        75,      1.00,              1.1689,                   0,              0.1397
        30,        76,      1.00,              1.2130,                   0,              0.0294
        30,        77,      1.00,              1.1468,                   0,              0.0294
        30,        78,      1.00,              0.1617,                   0,              0.0074
        30,        79,      1.00,              1.1542,                   0,              0.0515
        30,        80,      1.00,              0.6910,                   0,              0.0809
        30,        81,      1.00,              0.1397,                   0,              0.0074
        30,        82,      1.00,              0.0074,                   0,              0.0074
        30,        83,      1.00,              0.3308,                   0,              0.0441
        30,        84,      1.00,              0.6249,                   0,              0.0221
        30,        85,      1.00,              0.0221,                   0,              0.0221
        30,        86,      1.00,              0.6322,                   0,              0.0368
        30,        87,      1.00,              0.2058,                   0,              0.0147
        30,        90,      1.00,              0.4190,                   0,              0.0074
        30,        91,      1.00,              0.0074,                   0,              0.0074
        30,        92,      1.00,              0.0074,                   0,              0.0368
        30,        93,      1.00,              0.0074,                   0,              0.0074
        30,        94,      1.00,              0.0074,                   0,              0.0074
        30,        95,      1.00,              0.1764,                   0,              0.0221
        30,        97,      1.00,              0.5293,                   0,              0.0441
        30,        98,      1.00,              0.7278,                   0,              0.0368
        30,        99,      1.00,              0.4264,                   0,              0.0294
        30,       100,      1.00,              0.7719,                   0,              0.1764
        30,       101,      1.00,              1.4115,                   0,              0.1544
        30,       102,      1.00,              0.0074,                   0,              0.0147
        30,       103,      1.00,              0.2279,                   0,              0.0441
        30,       104,      1.00,              0.2720,                   0,              0.0147
        30,       105,      1.00,              0.3235,                   0,              0.0074
        30,       106,      1.00,              0.8969,                   0,              0.0294
        30,       107,      1.00,              0.0074,                   0,              0.0147
        30,       108,      1.00,              0.0074,                   0,                   0
        30,       109,      1.00,              0.2132,                   0,              0.0074
        30,       110,      1.00,                   0,                   0,              0.0074
        30,       111,      1.00,                   0,                   0,              0.0074
        30,       112,      1.00,              2.8230,                   0,              0.1323
        30,       113,      1.00,              1.7129,                   0,              0.0147
        30,       114,      1.00,              0.3235,                   0,              0.0515
        30,       116,      1.00,              0.0074,                   0,              0.0368
        30,       117,      1.00,              0.3308,                   0,              0.0147
        30,       118,      1.00,              0.4778,                   0,              0.0147
        30,       119,      1.00,              0.1103,                   0,              0.0221
        30,       120,      1.00,              0.1103,                   0,              0.0074
        30,       121,      1.00,              0.0074,                   0,              0.0221
        30,       122,      1.00,              0.1103,                   0,              0.0074
        30,       123,      1.00,              0.0074,                   0,              0.0147
        30,       124,      1.00,              0.2794,                   0,              0.0147
        30,       125,      1.00,              0.0147,                   0,              0.0074
        30,       126,      1.00,              0.2794,                   0,              0.0368
        30,       127,      1.00,              0.2426,                   0,              0.0368
        30,       128,      1.00,              0.0221,                   0,              0.0147
        30,       129,      1.00,                   0,                   0,              0.0147
        30,       130,      1.00,                   0,                   0,              0.0074
        30,       131,      1.00,                   0,                   0,              0.0074
        30,       132,      1.00,                   0,                   0,              0.0074
        30,       133,      1.00,              0.1029,                   0,              0.0074
        30,       134,      1.00,              0.2058,                   0,                   0
        30,       135,      1.00,              0.0074,                   0,              0.0147
        30,       136,      1.00,              0.0221,                   0,              0.0294
        30,       137,      1.00,              0.0074,                   0,              0.0147
        30,       138,      1.00,              0.0074,                   0,              0.0147
        30,       140,      1.00,              0.4190,                   0,              0.0074
        30,       141,      1.00,              0.0074,                   0,              0.0074
        30,       142,      1.00,              0.2058,                   0,              0.0074
        30,       143,      1.00,              0.2132,                   0,              0.0147
        30,       144,      1.00,              0.0074,                   0,                   0
        30,       145,      1.00,              0.0368,                   0,              0.0074
        30,       146,      1.00,              0.2132,                   0,              0.0147
        30,       147,      1.00,              0.0735,                   0,              0.0074
        30,       148,      1.00,              0.0809,                   0,              0.0074
        30,       149,      1.00,              0.0735,                   0,              0.0074
        30,       150,      1.00,              0.0662,                   0,              0.0074
        30,       151,      1.00,              0.1176,                   0,              0.0294
        30,       152,      1.00,              0.0221,                   0,              0.0074
        30,       153,      1.00,              0.0515,                   0,              0.0074
        30,       154,      1.00,              0.1617,                   0,              0.0221
        30,       155,      1.00,              0.0662,                   0,              0.0294
        30,       156,      1.00,              0.0441,                   0,                   0
        30,       160,      1.00,              0.1029,                   0,                   0
        30,       161,      1.00,              0.0147,                   0,              0.0221
        30,       162,      1.00,              0.0735,                   0,              0.0294
        30,       164,      1.00,              0.2279,                   0,              0.0147
        30,       165,      1.00,              0.0882,                   0,              0.0147
        30,       166,      1.00,              0.2058,                   0,              0.0147
        30,       167,      1.00,                   0,                   0,              0.0147
        30,       168,      1.00,                   0,                   0,              0.0074
        30,       169,      1.00,                   0,                   0,              0.0074
        30,       170,      1.00,              0.0074,                   0,              0.0074
        30,       172,      1.00,              0.4190,                   0,              0.0074
        30,       175,      1.00,              0.0074,                   0,              0.0074
        30,       177,      1.00,              0.0074,                   0,              0.0074
        30,       178,      1.00,              0.0221,                   0,              0.0147
        30,       179,      1.00,                   0,                   0,              0.0147
        30,       181,      1.00,              0.0074,                   0,              0.0074
        30,       182,      1.00,              0.0882,                   0,              0.0515
        30,       188,      1.00,              0.3088,                   0,              0.0074
        30,       192,      1.00,                   0,                   0,              0.0074
        30,       193,      1.00,              0.1103,                   0,                   0
        30,       196,      1.00,              0.1029,                   0,              0.0074
        30,       198,      1.00,              0.2647,                   0,                   0
        30,       201,      1.00,              0.0809,                   0,                   0
        30,       203,      1.00,              0.0147,                   0,                   0
        30,       207,      1.00,                   0,                   0,              0.0074
        30,       208,      1.00,              0.0662,                   0,              0.0074
        30,       209,      1.00,              0.4778,                   0,              0.0221
        30,       210,      1.00,              0.8528,                   0,              0.0147
        30,       211,      1.00,              0.0074,                   0,                   0
        30,       212,      1.00,              0.0147,                   0,              0.0074
        30,       213,      1.00,              0.0662,                   0,              0.0074
        30,       217,      1.00,                   0,                   0,              0.0074
        30,       218,      1.00,                   0,                   0,              0.0294
        30,       219,      1.00,                   0,                   0,              0.0441
        30,       222,      1.00,                   0,                   0,              0.0074
        30,       224,      1.00,                   0,                   0,              0.0662
        30,       226,      1.00,              0.0074,                   0,              0.0515
        31,         1,      1.00,              0.9263,                   0,              0.0368
        31,         2,      1.00,                   0,                   0,              0.0368
        31,         3,      1.00,              0.1176,                   0,              0.0368
        31,         4,      1.00,              0.4411,                   0,              0.0221
        31,         5,      1.00,              0.2132,                   0,              0.0368
        31,         6,      1.00,              0.8601,                   0,              0.0588
        31,         7,      1.00,              1.4335,                   0,              0.0809
        31,         8,      1.00,              2.6024,                   0,              0.3235
        31,         9,      1.00,              1.1321,                   0,              0.1029
        31,        10,      1.00,              0.2058,                   0,              0.0074
        31,        11,      1.00,              0.3382,                   0,              0.0441
        31,        12,      1.00,              1.1909,                   0,              0.0809
        31,        13,      1.00,              3.0582,                   0,              0.8822
        31,        14,      1.00,              8.5203,                   0,              0.5293
        31,        15,      1.00,             46.2553,                   0,              0.6322
        31,        16,      1.00,              0.4705,                   0,              0.0147
        31,        17,      1.00,              1.3453,                   0,              0.0441
        31,        18,      1.00,              0.4778,                   0,              0.0294
        31,        19,      1.00,              1.3380,                   0,              0.0441
        31,        20,      1.00,              0.2058,                   0,              0.0441
        31,        21,      1.00,                   0,                   0,              0.0294
        31,        22,      1.00,              1.2424,                   0,              0.0221
        31,        23,      1.00,              3.6610,                   0,              0.3161
        31,        24,      1.00,              3.3008,                   0,              0.1617
        31,        25,      1.00,              1.1395,                   0,              0.0368
        31,        26,      1.00,              6.7633,                   0,              0.1250
        31,        27,      1.00,             13.1003,                   0,              0.3088
        31,        28,      1.00,             83.3875,                   0,              0.5661
        31,        29,      1.00,             32.1185,                   0,              0.3161
        31,        30,      1.00,             48.9459,                   0,              0.4411
        31,        31,      1.00,            141.8829,                   0,              0.4117
        31,        32,      1.00,             28.5824,                   0,              0.2352
        31,        33,      1.00,             49.8281,                   0,              0.4264
        31,        34,      1.00,              3.5287,                   0,              0.0368
        31,        35,      1.00,              6.0282,                   0,              0.4852
        31,        36,      1.00,              2.7421,                   0,              0.3088
        31,        37,      1.00,              3.1832,                   0,              0.3014
        31,        38,      1.00,              4.3888,                   0,              0.1544
        31,        39,      1.00,              4.2050,                   0,              0.1397
        31,        40,      1.00,              2.4921,                   0,              0.0882
        31,        41,      1.00,              2.4995,                   0,              0.0515
        31,        42,      1.00,              0.3088,                   0,              0.0074
        31,        43,      1.00,              0.6837,                   0,              0.0147
        31,        44,      1.00,              1.0439,                   0,              0.0294
        31,        45,      1.00,              0.6984,                   0,              0.0441
        31,        46,      1.00,              0.3088,                   0,              0.0294
        31,        47,      1.00,              0.0074,                   0,              0.0074
        31,        48,      1.00,              0.0662,                   0,              0.0147
        31,        49,      1.00,              2.7641,                   0,              0.1029
        31,        50,      1.00,              0.3602,                   0,              0.0809
        31,        51,      1.00,              0.0735,                   0,                   0
        31,        52,      1.00,              3.6022,                   0,              0.0662
        31,        53,      1.00,              0.2720,                   0,              0.0074
        31,        54,      1.00,              1.6173,                   0,              0.0221
        31,        55,      1.00,              2.8891,                   0,              0.0515
        31,        56,      1.00,              1.6467,                   0,              0.0735
        31,        57,      1.00,              0.0588,                   0,                   0
        31,        58,      1.00,              1.8746,                   0,              0.0956
        31,        59,      1.00,             10.5346,                   0,              0.1323
        31,        60,      1.00,             10.1082,                   0,              0.0735
        31,        61,      1.00,             17.4082,                   0,              0.2941
        31,        62,      1.00,              7.8072,                   0,              0.1617
        31,        63,      1.00,             11.4830,                   0,              0.1470
        31,        64,      1.00,              3.7786,                   0,              0.1250
        31,        65,      1.00,              4.0506,                   0,              0.0662
        31,        66,      1.00,              2.6539,                   0,              0.0368
        31,        67,      1.00,              7.2706,                   0,              0.1323
        31,        68,      1.00,              4.3227,                   0,              0.0662
        31,        69,      1.00,              2.2128,                   0,              0.0515
        31,        70,      1.00,              0.8895,                   0,              0.0074
        31,        71,      1.00,              0.5220,                   0,              0.0074
        31,        72,      1.00,              0.9924,                   0,              0.0147
        31,        73,      1.00,              0.0147,                   0,              0.0147
        31,        74,      1.00,              0.0074,                   0,              0.0074
        31,        75,      1.00,              1.6761,                   0,              0.1764
        31,        76,      1.00,              2.5436,                   0,              0.0294
        31,        77,      1.00,              1.4115,                   0,              0.0294
        31,        78,      1.00,                   0,                   0,              0.0147
        31,        79,      1.00,              1.6247,                   0,              0.0515
        31,        80,      1.00,              1.1983,                   0,              0.0956
        31,        81,      1.00,              0.3455,                   0,              0.0074
        31,        82,      1.00,              0.0074,                   0,              0.0147
        31,        83,      1.00,              1.0439,                   0,              0.0515
        31,        84,      1.00,              0.7498,                   0,              0.0294
        31,        85,      1.00,              0.3823,                   0,              0.0294
        31,        86,      1.00,              0.3161,                   0,              0.0441
        31,        87,      1.00,              0.2058,                   0,              0.0147
        31,        89,      1.00,              0.3088,                   0,                   0
        31,        90,      1.00,              0.4190,                   0,              0.0074
        31,        91,      1.00,              0.4190,                   0,              0.0074
        31,        92,      1.00,              0.2132,                   0,              0.0441
        31,        93,      1.00,                   0,                   0,              0.0074
        31,        94,      1.00,              0.1691,                   0,              0.0074
        31,        95,      1.00,              0.2132,                   0,              0.0221
        31,        97,      1.00,              0.8013,                   0,              0.0515
        31,        98,      1.00,              1.0292,                   0,              0.0368
        31,        99,      1.00,              1.0366,                   0,              0.0294
        31,       100,      1.00,              1.8893,                   0,              0.2205
        31,       101,      1.00,              2.1393,                   0,              0.1691
        31,       102,      1.00,              0.2132,                   0,              0.0147
        31,       103,      1.00,              2.2789,                   0,              0.0368
        31,       104,      1.00,              0.4778,                   0,              0.0147
        31,       105,      1.00,              0.7351,                   0,              0.0147
        31,       106,      1.00,              0.9336,                   0,              0.0294
        31,       107,      1.00,              0.4190,                   0,              0.0147
        31,       108,      1.00,              0.0074,                   0,                   0
        31,       109,      1.00,              0.0074,                   0,              0.0074
        31,       110,      1.00,              0.2058,                   0,              0.0074
        31,       111,      1.00,                   0,                   0,              0.0074
        31,       112,      1.00,              4.7417,                   0,              0.1470
        31,       113,      1.00,              0.7204,                   0,              0.0147
        31,       114,      1.00,              0.2205,                   0,              0.0662
        31,       116,      1.00,              0.2132,                   0,              0.0368
        31,       117,      1.00,              1.2718,                   0,              0.0147
        31,       118,      1.00,              1.1983,                   0,              0.0147
        31,       119,      1.00,              0.6175,                   0,              0.0294
        31,       120,      1.00,              0.4117,                   0,              0.0147
        31,       121,      1.00,              0.4778,                   0,              0.0221
        31,       122,      1.00,              0.0074,                   0,              0.0074
        31,       123,      1.00,              0.4778,                   0,              0.0147
        31,       124,      1.00,              0.4190,                   0,              0.0147
        31,       125,      1.00,              0.0147,                   0,              0.0074
        31,       126,      1.00,              0.2279,                   0,              0.0515
        31,       127,      1.00,              0.3455,                   0,              0.0441
        31,       128,      1.00,              0.0368,                   0,              0.0147
        31,       129,      1.00,                   0,                   0,              0.0147
        31,       130,      1.00,                   0,                   0,              0.0074
        31,       131,      1.00,                   0,                   0,              0.0074
        31,       132,      1.00,              0.2058,                   0,              0.0074
        31,       133,      1.00,                   0,                   0,              0.0147
        31,       134,      1.00,              0.4117,                   0,              0.0074
        31,       135,      1.00,              0.1103,                   0,              0.0147
        31,       136,      1.00,              0.3308,                   0,              0.0294
        31,       137,      1.00,              0.3014,                   0,              0.0147
        31,       138,      1.00,              0.0074,                   0,              0.0147
        31,       140,      1.00,              0.4190,                   0,              0.0147
        31,       141,      1.00,              0.0956,                   0,              0.0074
        31,       142,      1.00,                   0,                   0,              0.0074
        31,       143,      1.00,              0.1176,                   0,              0.0074
        31,       145,      1.00,              0.0294,                   0,                   0
        31,       146,      1.00,              0.0074,                   0,              0.0147
        31,       147,      1.00,              0.0221,                   0,              0.0074
        31,       148,      1.00,              0.1176,                   0,              0.0074
        31,       149,      1.00,              0.0441,                   0,              0.0074
        31,       150,      1.00,              0.0735,                   0,              0.0074
        31,       151,      1.00,              0.1176,                   0,              0.0368
        31,       152,      1.00,              0.0809,                   0,              0.0074
        31,       153,      1.00,              0.0368,                   0,              0.0074
        31,       154,      1.00,              0.1764,                   0,              0.0221
        31,       155,      1.00,              0.0368,                   0,              0.0441
        31,       156,      1.00,              0.0588,                   0,                   0
        31,       160,      1.00,              0.2058,                   0,              0.0074
        31,       161,      1.00,              0.0147,                   0,              0.0221
        31,       162,      1.00,              0.2279,                   0,              0.0294
        31,       164,      1.00,              0.0221,                   0,              0.0147
        31,       165,      1.00,              0.0221,                   0,              0.0147
        31,       166,      1.00,                   0,                   0,              0.0147
        31,       167,      1.00,                   0,                   0,              0.0074
        31,       168,      1.00,              0.0441,                   0,              0.0147
        31,       169,      1.00,              0.0588,                   0,              0.0074
        31,       170,      1.00,              0.3088,                   0,              0.0074
        31,       172,      1.00,              0.4117,                   0,              0.0147
        31,       174,      1.00,                   0,                   0,              0.0074
        31,       175,      1.00,              0.0074,                   0,              0.0074
        31,       177,      1.00,              0.2058,                   0,              0.0074
        31,       178,      1.00,                   0,                   0,              0.0074
        31,       179,      1.00,                   0,                   0,              0.0147
        31,       181,      1.00,                   0,                   0,              0.0074
        31,       182,      1.00,              0.1029,                   0,              0.0662
        31,       183,      1.00,              0.2058,                   0,              0.0074
        31,       188,      1.00,              0.7425,                   0,              0.0074
        31,       190,      1.00,              0.2058,                   0,                   0
        31,       192,      1.00,              0.3823,                   0,              0.0074
        31,       195,      1.00,              0.1029,                   0,                   0
        31,       196,      1.00,                   0,                   0,              0.0074
        31,       199,      1.00,              0.0294,                   0,                   0
        31,       201,      1.00,              0.1029,                   0,                   0
        31,       207,      1.00,                   0,                   0,              0.0074
        31,       208,      1.00,              0.1838,                   0,              0.0074
        31,       209,      1.00,              1.3674,                   0,              0.0221
        31,       210,      1.00,              0.6322,                   0,              0.0221
        31,       211,      1.00,              0.0074,                   0,                   0
        31,       212,      1.00,              0.0074,                   0,              0.0074
        31,       213,      1.00,              0.0074,                   0,              0.0147
        31,       217,      1.00,                   0,                   0,              0.0074
        31,       218,      1.00,                   0,                   0,              0.0221
        31,       219,      1.00,                   0,                   0,              0.0294
        31,       224,      1.00,                   0,                   0,              0.0662
        31,       226,      1.00,              0.0074,                   0,              0.0515
        32,         1,      1.00,              0.2058,                   0,              0.0074
        32,         2,      1.00,              0.2058,                   0,              0.0074
        32,         3,      1.00,              0.2058,                   0,                   0
        32,         4,      1.00,              0.2794,                   0,              0.0074
        32,         5,      1.00,              0.1103,                   0,              0.0147
        32,         6,      1.00,              1.3380,                   0,              0.0221
        32,         7,      1.00,              1.3821,                   0,              0.0294
        32,         8,      1.00,              2.3819,                   0,              0.1470
        32,         9,      1.00,              1.2865,                   0,              0.0147
        32,        10,      1.00,              0.2058,                   0,                   0
        32,        11,      1.00,              0.4852,                   0,              0.0147
        32,        12,      1.00,              0.9557,                   0,              0.0294
        32,        13,      1.00,              3.0288,                   0,              0.2720
        32,        14,      1.00,              8.3954,                   0,              0.4631
        32,        15,      1.00,             22.4440,                   0,              0.5146
        32,        16,      1.00,              0.2058,                   0,              0.0074
        32,        17,      1.00,              0.9483,                   0,              0.0294
        32,        18,      1.00,              0.2058,                   0,              0.0074
        32,        19,      1.00,              1.3968,                   0,              0.0294
        32,        20,      1.00,              0.1029,                   0,              0.0074
        32,        21,      1.00,                   0,                   0,              0.0147
        32,        22,      1.00,              1.0513,                   0,              0.0074
        32,        23,      1.00,              1.7349,                   0,              0.2279
        32,        24,      1.00,              3.7492,                   0,              0.1176
        32,        25,      1.00,              0.7498,                   0,              0.0221
        32,        26,      1.00,              7.1824,                   0,              0.0882
        32,        27,      1.00,             31.5377,                   0,              0.3382
        32,        28,      1.00,             63.2665,                   0,              0.5293
        32,        29,      1.00,             18.9447,                   0,              0.1911
        32,        30,      1.00,             11.9976,                   0,              0.1544
        32,        31,      1.00,             32.0744,                   0,              0.2352
        32,        32,      1.00,            105.4124,                   0,              0.3529
        32,        33,      1.00,             52.4820,                   0,              0.4264
        32,        34,      1.00,             11.4830,                   0,              0.0662
        32,        35,      1.00,              4.1315,                   0,              0.4264
        32,        36,      1.00,              5.8003,                   0,              0.4631
        32,        37,      1.00,              3.6610,                   0,              0.3970
        32,        38,      1.00,              4.7049,                   0,              0.1397
        32,        39,      1.00,             16.0556,                   0,              0.2426
        32,        40,      1.00,              3.7051,                   0,              0.1470
        32,        41,      1.00,              4.9255,                   0,              0.2647
        32,        42,      1.00,              0.7425,                   0,              0.0294
        32,        43,      1.00,              1.7790,                   0,              0.0441
        32,        44,      1.00,              1.2571,                   0,              0.0662
        32,        45,      1.00,              2.4995,                   0,              0.1691
        32,        46,      1.00,              0.4190,                   0,              0.0735
        32,        47,      1.00,              0.2647,                   0,              0.0147
        32,        48,      1.00,              0.2426,                   0,              0.0294
        32,        49,      1.00,              8.8952,                   0,              0.2058
        32,        50,      1.00,              1.3821,                   0,              0.1838
        32,        51,      1.00,              0.1764,                   0,              0.0074
        32,        52,      1.00,              9.1526,                   0,              0.2426
        32,        53,      1.00,              3.8301,                   0,              0.0221
        32,        54,      1.00,              7.0500,                   0,              0.0809
        32,        55,      1.00,              7.4323,                   0,              0.1544
        32,        56,      1.00,              6.5354,                   0,              0.2352
        32,        57,      1.00,              0.2499,                   0,              0.0074
        32,        58,      1.00,              5.3445,                   0,              0.2499
        32,        59,      1.00,             32.8977,                   0,              0.2426
        32,        60,      1.00,             20.2018,                   0,              0.1323
        32,        61,      1.00,             17.4156,                   0,              0.2279
        32,        62,      1.00,             10.6302,                   0,              0.0735
        32,        63,      1.00,              8.7482,                   0,              0.1103
        32,        64,      1.00,              2.2128,                   0,              0.0956
        32,        65,      1.00,             12.5857,                   0,              0.1691
        32,        66,      1.00,              7.4691,                   0,              0.0882
        32,        67,      1.00,              7.1236,                   0,              0.0368
        32,        68,      1.00,              3.1464,                   0,              0.0147
        32,        69,      1.00,              5.3151,                   0,              0.0368
        32,        70,      1.00,              1.7570,                   0,              0.0221
        32,        71,      1.00,              2.2275,                   0,              0.0147
        32,        72,      1.00,              1.5070,                   0,              0.0074
        32,        73,      1.00,              0.0147,                   0,              0.0221
        32,        74,      1.00,              0.4190,                   0,              0.0074
        32,        75,      1.00,              2.4186,                   0,              0.2279
        32,        76,      1.00,              1.9261,                   0,              0.0588
        32,        77,      1.00,              1.1542,                   0,              0.0147
        32,        78,      1.00,                   0,                   0,              0.0221
        32,        79,      1.00,              2.0731,                   0,              0.0294
        32,        80,      1.00,              0.2205,                   0,              0.0662
        32,        81,      1.00,              0.8234,                   0,              0.0074
        32,        82,      1.00,              0.2205,                   0,              0.0074
        32,        83,      1.00,              1.5732,                   0,              0.0515
        32,        84,      1.00,              0.6984,                   0,              0.0515
        32,        85,      1.00,              0.6396,                   0,              0.0294
        32,        86,      1.00,              0.8381,                   0,              0.0368
        32,        87,      1.00,              0.6175,                   0,              0.0147
        32,        88,      1.00,              0.2058,                   0,                   0
        32,        89,      1.00,              0.2058,                   0,                   0
        32,        90,      1.00,              0.4190,                   0,              0.0147
        32,        91,      1.00,              0.0074,                   0,              0.0074
        32,        92,      1.00,              0.5220,                   0,              0.0735
        32,        93,      1.00,              0.2720,                   0,              0.0074
        32,        94,      1.00,              0.0074,                   0,              0.0074
        32,        95,      1.00,              0.3235,                   0,              0.0368
        32,        96,      1.00,              0.6175,                   0,              0.0515
        32,        97,      1.00,              0.5220,                   0,              0.0588
        32,        98,      1.00,              0.3308,                   0,              0.0368
        32,        99,      1.00,              0.7278,                   0,              0.0221
        32,       100,      1.00,              1.2571,                   0,              0.3382
        32,       101,      1.00,              1.4703,                   0,              0.1470
        32,       102,      1.00,              0.3088,                   0,              0.0147
        32,       103,      1.00,              1.0439,                   0,              0.0147
        32,       104,      1.00,              1.2424,                   0,              0.0368
        32,       105,      1.00,              0.4190,                   0,              0.0147
        32,       106,      1.00,              0.4190,                   0,              0.0074
        32,       107,      1.00,              0.2720,                   0,              0.0074
        32,       108,      1.00,              0.2058,                   0,                   0
        32,       109,      1.00,              0.0074,                   0,                   0
        32,       111,      1.00,              0.2058,                   0,                   0
        32,       112,      1.00,              9.2187,                   0,              0.4484
        32,       113,      1.00,              0.2720,                   0,              0.0074
        32,       114,      1.00,              0.4778,                   0,              0.0882
        32,       116,      1.00,              0.0074,                   0,              0.0294
        32,       117,      1.00,              0.8895,                   0,              0.0074
        32,       118,      1.00,              0.9336,                   0,              0.0221
        32,       119,      1.00,              0.0662,                   0,              0.0368
        32,       120,      1.00,              0.0074,                   0,              0.0147
        32,       121,      1.00,              0.1103,                   0,              0.0221
        32,       122,      1.00,              0.4852,                   0,              0.0147
        32,       123,      1.00,              0.2794,                   0,              0.0368
        32,       124,      1.00,              0.0074,                   0,              0.0074
        32,       125,      1.00,              0.0074,                   0,              0.0074
        32,       126,      1.00,              0.2279,                   0,              0.0441
        32,       127,      1.00,              0.5808,                   0,              0.0588
        32,       128,      1.00,              0.0515,                   0,              0.0221
        32,       129,      1.00,                   0,                   0,              0.0147
        32,       130,      1.00,              0.0588,                   0,                   0
        32,       131,      1.00,              0.0074,                   0,              0.0074
        32,       132,      1.00,              0.0588,                   0,                   0
        32,       135,      1.00,                   0,                   0,              0.0074
        32,       136,      1.00,              0.2573,                   0,              0.0147
        32,       137,      1.00,              0.0809,                   0,              0.0074
        32,       138,      1.00,                   0,                   0,              0.0074
        32,       140,      1.00,                   0,                   0,              0.0074
        32,       141,      1.00,              0.1176,                   0,              0.0147
        32,       142,      1.00,              0.4117,                   0,              0.0147
        32,       143,      1.00,              0.1838,                   0,              0.0147
        32,       144,      1.00,              0.0147,                   0,                   0
        32,       145,      1.00,              0.0882,                   0,              0.0074
        32,       146,      1.00,              0.0735,                   0,              0.0147
        32,       147,      1.00,              0.0809,                   0,              0.0074
        32,       148,      1.00,              0.1691,                   0,              0.0074
        32,       149,      1.00,              0.1176,                   0,              0.0074
        32,       150,      1.00,              0.1176,                   0,              0.0147
        32,       151,      1.00,              0.1691,                   0,              0.0221
        32,       152,      1.00,              0.0221,                   0,              0.0147
        32,       153,      1.00,              0.0735,                   0,              0.0074
        32,       154,      1.00,              0.2720,                   0,              0.0294
        32,       155,      1.00,              0.0956,                   0,              0.0588
        32,       160,      1.00,              0.0735,                   0,              0.0074
        32,       161,      1.00,              0.0735,                   0,              0.0294
        32,       162,      1.00,              0.2132,                   0,              0.0221
        32,       164,      1.00,              0.0074,                   0,              0.0074
        32,       165,      1.00,              0.2132,                   0,              0.0221
        32,       166,      1.00,              0.0147,                   0,              0.0147
        32,       167,      1.00,              0.1176,                   0,              0.0074
        32,       168,      1.00,              0.0735,                   0,              0.0074
        32,       170,      1.00,              0.2058,                   0,              0.0074
        32,       172,      1.00,              0.9263,                   0,              0.0074
        32,       174,      1.00,              0.2058,                   0,                   0
        32,       175,      1.00,              0.3088,                   0,              0.0074
        32,       177,      1.00,                   0,                   0,              0.0074
        32,       178,      1.00,              0.1029,                   0,              0.0294
        32,       179,      1.00,              0.0809,                   0,              0.0074
        32,       182,      1.00,              0.1323,                   0,              0.0074
        32,       184,      1.00,              0.2058,                   0,                   0
        32,       187,      1.00,              0.2058,                   0,                   0
        32,       188,      1.00,              0.6175,                   0,              0.0074
        32,       192,      1.00,                   0,                   0,              0.0074
        32,       200,      1.00,              0.2058,                   0,                   0
        32,       208,      1.00,              0.5072,                   0,              0.0147
        32,       209,      1.00,              1.5879,                   0,              0.0515
        32,       210,      1.00,              1.9187,                   0,              0.0588
        32,       212,      1.00,              0.0074,                   0,                   0
        32,       213,      1.00,              0.0074,                   0,              0.0074
        32,       217,      1.00,                   0,                   0,              0.0074
        32,       218,      1.00,                   0,                   0,              0.0221
        32,       219,      1.00,                   0,                   0,              0.0294
        32,       224,      1.00,                   0,                   0,              0.0515
        32,       226,      1.00,                   0,                   0,              0.0441
        33,         1,      1.00,              0.7131,                   0,              0.0074
        33,         2,      1.00,                   0,                   0,              0.0074
        33,         3,      1.00,              0.0588,                   0,                   0
        33,         4,      1.00,              0.2499,                   0,                   0
        33,         5,      1.00,              0.0074,                   0,              0.0147
        33,         6,      1.00,              0.6616,                   0,              0.0221
        33,         7,      1.00,              0.5661,                   0,              0.0294
        33,         8,      1.00,              2.6906,                   0,              0.0882
        33,         9,      1.00,              0.3529,                   0,              0.0221
        33,        10,      1.00,              0.3088,                   0,                   0
        33,        11,      1.00,              0.8013,                   0,              0.0147
        33,        12,      1.00,              0.7719,                   0,              0.0221
        33,        13,      1.00,              2.9406,                   0,              0.1691
        33,        14,      1.00,              5.1166,                   0,              0.2573
        33,        15,      1.00,             21.3780,                   0,              0.3602
        33,        16,      1.00,              0.2058,                   0,              0.0074
        33,        17,      1.00,              1.5438,                   0,              0.0662
        33,        18,      1.00,              0.5808,                   0,              0.0147
        33,        19,      1.00,              0.8601,                   0,              0.0368
        33,        20,      1.00,              0.3088,                   0,              0.0074
        33,        21,      1.00,              0.6249,                   0,              0.0441
        33,        22,      1.00,              1.2350,                   0,              0.0147
        33,        23,      1.00,              2.2937,                   0,              0.1176
        33,        24,      1.00,              1.8820,                   0,              0.0735
        33,        25,      1.00,              0.6249,                   0,              0.0294
        33,        26,      1.00,              3.9918,                   0,              0.1029
        33,        27,      1.00,             11.4389,                   0,              0.2941
        33,        28,      1.00,             52.5481,                   0,              0.5220
        33,        29,      1.00,             13.6516,                   0,              0.2132
        33,        30,      1.00,             20.3194,                   0,              0.3529
        33,        31,      1.00,             53.4671,                   0,              0.4264
        33,        32,      1.00,             55.8710,                   0,              0.4264
        33,        33,      1.00,            152.6013,                   0,              0.6543
        33,        34,      1.00,              6.1238,                   0,              0.0662
        33,        35,      1.00,              6.2267,                   0,              0.2132
        33,        36,      1.00,              2.6318,                   0,              0.2279
        33,        37,      1.00,              2.4407,                   0,              0.3014
        33,        38,      1.00,              3.3449,                   0,              0.1470
        33,        39,      1.00,              7.2044,                   0,              0.2720
        33,        40,      1.00,              1.7864,                   0,              0.1764
        33,        41,      1.00,              4.4623,                   0,              0.2279
        33,        42,      1.00,              0.2720,                   0,              0.0368
        33,        43,      1.00,              1.2497,                   0,              0.0515
        33,        44,      1.00,              1.7349,                   0,              0.1029
        33,        45,      1.00,              2.4627,                   0,              0.0882
        33,        46,      1.00,              0.3235,                   0,              0.0662
        33,        47,      1.00,              0.4190,                   0,              0.0147
        33,        48,      1.00,              0.1250,                   0,              0.0221
        33,        49,      1.00,              4.4476,                   0,              0.2279
        33,        50,      1.00,              0.7204,                   0,              0.1176
        33,        51,      1.00,              0.1544,                   0,              0.0074
        33,        52,      1.00,              8.0425,                   0,              0.2058
        33,        53,      1.00,              1.2424,                   0,              0.0221
        33,        54,      1.00,              6.4399,                   0,              0.0588
        33,        55,      1.00,              6.1238,                   0,              0.1544
        33,        56,      1.00,              4.0506,                   0,              0.2720
        33,        57,      1.00,              0.1544,                   0,              0.0074
        33,        58,      1.00,              3.1538,                   0,              0.1985
        33,        59,      1.00,             38.2716,                   0,              0.2867
        33,        60,      1.00,             26.4358,                   0,              0.1985
        33,        61,      1.00,             60.1422,                   0,              0.5734
        33,        62,      1.00,             24.7670,                   0,              0.3235
        33,        63,      1.00,             22.5983,                   0,              0.2573
        33,        64,      1.00,              7.3073,                   0,              0.2058
        33,        65,      1.00,             12.4239,                   0,              0.1617
        33,        66,      1.00,              7.9910,                   0,              0.0662
        33,        67,      1.00,             15.9232,                   0,              0.3014
        33,        68,      1.00,             10.1891,                   0,              0.1397
        33,        69,      1.00,              6.3811,                   0,              0.1250
        33,        70,      1.00,              1.4556,                   0,              0.0147
        33,        71,      1.00,              1.1615,                   0,              0.0147
        33,        72,      1.00,              0.8528,                   0,              0.0294
        33,        73,      1.00,              0.3308,                   0,              0.0294
        33,        74,      1.00,              0.8307,                   0,              0.0147
        33,        75,      1.00,              2.5068,                   0,              0.2426
        33,        76,      1.00,              6.6237,                   0,              0.0662
        33,        77,      1.00,              2.6539,                   0,              0.0441
        33,        78,      1.00,                   0,                   0,              0.0221
        33,        79,      1.00,              2.7347,                   0,              0.1176
        33,        80,      1.00,              1.8893,                   0,              0.1397
        33,        81,      1.00,              0.4999,                   0,              0.0147
        33,        82,      1.00,              0.0147,                   0,              0.0221
        33,        83,      1.00,              1.1689,                   0,              0.0956
        33,        84,      1.00,              1.5512,                   0,              0.0515
        33,        85,      1.00,              0.9116,                   0,              0.0515
        33,        86,      1.00,              1.0513,                   0,              0.0809
        33,        87,      1.00,              0.2132,                   0,              0.0221
        33,        88,      1.00,              0.4117,                   0,              0.0074
        33,        89,      1.00,              0.4117,                   0,              0.0074
        33,        90,      1.00,              0.4264,                   0,              0.0221
        33,        91,      1.00,              0.0074,                   0,              0.0147
        33,        92,      1.00,              1.1615,                   0,              0.0735
        33,        93,      1.00,              0.2132,                   0,              0.0147
        33,        94,      1.00,              0.0147,                   0,              0.0147
        33,        95,      1.00,              0.8381,                   0,              0.0515
        33,        96,      1.00,              0.4778,                   0,                   0
        33,        97,      1.00,              2.5362,                   0,              0.0882
        33,        98,      1.00,              2.1687,                   0,              0.0662
        33,        99,      1.00,              1.8673,                   0,              0.0515
        33,       100,      1.00,              2.1466,                   0,              0.3235
        33,       101,      1.00,              6.0429,                   0,              0.2794
        33,       102,      1.00,              0.2132,                   0,              0.0221
        33,       103,      1.00,              3.2199,                   0,              0.1103
        33,       104,      1.00,              0.8969,                   0,              0.0368
        33,       105,      1.00,              1.0071,                   0,              0.0294
        33,       106,      1.00,              1.0439,                   0,              0.0588
        33,       107,      1.00,              1.2056,                   0,              0.0515
        33,       108,      1.00,              0.3161,                   0,              0.0074
        33,       109,      1.00,              0.6249,                   0,              0.0294
        33,       110,      1.00,              0.2058,                   0,              0.0074
        33,       111,      1.00,              0.2720,                   0,              0.0074
        33,       112,      1.00,              7.1897,                   0,              0.4190
        33,       113,      1.00,              0.9263,                   0,              0.0074
        33,       114,      1.00,              0.9704,                   0,              0.1029
        33,       115,      1.00,                   0,                   0,              0.0074
        33,       116,      1.00,              0.4264,                   0,              0.0588
        33,       117,      1.00,              1.8746,                   0,              0.0294
        33,       118,      1.00,              1.3453,                   0,              0.0956
        33,       119,      1.00,              1.0366,                   0,              0.0515
        33,       120,      1.00,              0.0074,                   0,              0.0221
        33,       121,      1.00,              0.2205,                   0,              0.0441
        33,       122,      1.00,              0.3235,                   0,              0.0294
        33,       123,      1.00,              0.6249,                   0,              0.0294
        33,       124,      1.00,              0.2205,                   0,              0.0515
        33,       125,      1.00,              0.2279,                   0,              0.0147
        33,       126,      1.00,              0.3529,                   0,              0.0882
        33,       127,      1.00,              0.6469,                   0,              0.0809
        33,       128,      1.00,              0.1470,                   0,              0.0294
        33,       129,      1.00,              0.1029,                   0,              0.0294
        33,       130,      1.00,              0.0368,                   0,              0.0147
        33,       131,      1.00,              0.0074,                   0,              0.0147
        33,       132,      1.00,              0.0735,                   0,              0.0147
        33,       133,      1.00,              0.0074,                   0,              0.0221
        33,       134,      1.00,              0.2132,                   0,              0.0074
        33,       135,      1.00,              0.9336,                   0,              0.0221
        33,       136,      1.00,              0.6984,                   0,              0.0515
        33,       137,      1.00,              0.4337,                   0,              0.0147
        33,       138,      1.00,              0.3235,                   0,              0.0221
        33,       140,      1.00,              0.4852,                   0,              0.0147
        33,       141,      1.00,              0.2499,                   0,              0.0147
        33,       142,      1.00,                   0,                   0,              0.0147
        33,       143,      1.00,              0.1103,                   0,              0.0221
        33,       144,      1.00,              0.0368,                   0,                   0
        33,       145,      1.00,              0.0809,                   0,              0.0074
        33,       146,      1.00,              0.2794,                   0,              0.0294
        33,       147,      1.00,              0.0735,                   0,              0.0074
        33,       148,      1.00,              0.2352,                   0,              0.0147
        33,       149,      1.00,              0.0809,                   0,              0.0147
        33,       150,      1.00,              0.1029,                   0,              0.0221
        33,       151,      1.00,              0.1103,                   0,              0.0662
        33,       152,      1.00,              0.0294,                   0,              0.0147
        33,       153,      1.00,              0.0735,                   0,              0.0147
        33,       154,      1.00,              0.2426,                   0,              0.0515
        33,       155,      1.00,              0.1764,                   0,              0.0735
        33,       156,      1.00,              0.0441,                   0,                   0
        33,       157,      1.00,              0.2058,                   0,                   0
        33,       160,      1.00,              0.2132,                   0,              0.0074
        33,       161,      1.00,              0.0294,                   0,              0.0294
        33,       162,      1.00,              0.6469,                   0,              0.0515
        33,       164,      1.00,              0.1691,                   0,              0.0221
        33,       165,      1.00,              0.1176,                   0,              0.0221
        33,       166,      1.00,                   0,                   0,              0.0294
        33,       167,      1.00,              0.0735,                   0,              0.0221
        33,       168,      1.00,                   0,                   0,              0.0147
        33,       169,      1.00,                   0,                   0,              0.0074
        33,       170,      1.00,              0.2794,                   0,              0.0074
        33,       172,      1.00,              0.2132,                   0,              0.0221
        33,       174,      1.00,              0.5146,                   0,              0.0074
        33,       175,      1.00,              0.2132,                   0,              0.0147
        33,       177,      1.00,              0.0074,                   0,              0.0147
        33,       178,      1.00,              0.1029,                   0,              0.0221
        33,       179,      1.00,              0.1544,                   0,              0.0294
        33,       181,      1.00,              0.2132,                   0,              0.0074
        33,       182,      1.00,              0.1985,                   0,              0.0809
        33,       183,      1.00,                   0,                   0,              0.0074
        33,       185,      1.00,              0.2058,                   0,                   0
        33,       187,      1.00,              0.2058,                   0,                   0
        33,       188,      1.00,              0.2720,                   0,              0.0147
        33,       192,      1.00,                   0,                   0,              0.0147
        33,       195,      1.00,              0.2058,                   0,                   0
        33,       196,      1.00,                   0,                   0,              0.0074
        33,       197,      1.00,              0.2058,                   0,                   0
        33,       198,      1.00,                   0,                   0,              0.0074
        33,       199,      1.00,              0.0221,                   0,                   0
        33,       200,      1.00,                   0,                   0,              0.0074
        33,       201,      1.00,                   0,                   0,              0.0074
        33,       202,      1.00,              0.0809,                   0,                   0
        33,       204,      1.00,                   0,                   0,              0.0074
        33,       205,      1.00,              0.2058,                   0,                   0
        33,       207,      1.00,              0.4117,                   0,              0.0074
        33,       208,      1.00,              0.4264,                   0,              0.0074
        33,       209,      1.00,              0.5661,                   0,              0.1103
        33,       210,      1.00,              2.1025,                   0,              0.0515
        33,       211,      1.00,              0.0074,                   0,                   0
        33,       212,      1.00,              0.0147,                   0,              0.0074
        33,       213,      1.00,              0.1176,                   0,              0.0147
        33,       214,      1.00,                   0,                   0,              0.0074
        33,       217,      1.00,                   0,                   0,              0.0074
        33,       218,      1.00,                   0,                   0,              0.0221
        33,       219,      1.00,                   0,                   0,              0.0294
        33,       224,      1.00,                   0,                   0,              0.1176
        33,       226,      1.00,              0.0074,                   0,              0.0956
        34,         1,      1.00,              0.1029,                   0,                   0
        34,         3,      1.00,                   0,                   0,              0.0074
        34,         4,      1.00,              0.1691,                   0,                   0
        34,         6,      1.00,              0.2573,                   0,              0.0074
        34,         7,      1.00,              0.2352,                   0,              0.0074
        34,         8,      1.00,              0.8381,                   0,              0.0515
        34,         9,      1.00,              0.1323,                   0,              0.0221
        34,        10,      1.00,              0.1029,                   0,                   0
        34,        11,      1.00,              0.2426,                   0,              0.0074
        34,        12,      1.00,              0.4778,                   0,              0.0074
        34,        13,      1.00,              0.7351,                   0,              0.1397
        34,        14,      1.00,              1.0660,                   0,              0.1103
        34,        15,      1.00,              4.7343,                   0,              0.0882
        34,        17,      1.00,                   0,                   0,              0.0074
        34,        18,      1.00,              0.2058,                   0,                   0
        34,        19,      1.00,              0.4117,                   0,              0.0147
        34,        22,      1.00,                   0,                   0,              0.0074
        34,        23,      1.00,              0.7278,                   0,              0.0515
        34,        24,      1.00,              1.2424,                   0,              0.0294
        34,        25,      1.00,              0.2720,                   0,              0.0074
        34,        26,      1.00,              1.6688,                   0,              0.0221
        34,        27,      1.00,              9.3951,                   0,              0.0735
        34,        28,      1.00,              8.6821,                   0,              0.1029
        34,        29,      1.00,              2.7862,                   0,              0.0294
        34,        30,      1.00,              0.6322,                   0,              0.0294
        34,        31,      1.00,              4.0874,                   0,              0.0368
        34,        32,      1.00,             14.3206,                   0,              0.0662
        34,        33,      1.00,              5.2783,                   0,              0.0662
        34,        34,      1.00,              4.8520,                   0,              0.0074
        34,        35,      1.00,              1.4262,                   0,              0.1176
        34,        36,      1.00,              1.8820,                   0,              0.1029
        34,        37,      1.00,              1.8305,                   0,              0.0882
        34,        38,      1.00,              0.8822,                   0,              0.0368
        34,        39,      1.00,              4.5652,                   0,              0.0662
        34,        40,      1.00,              1.7643,                   0,              0.0441
        34,        41,      1.00,              1.7570,                   0,              0.0588
        34,        42,      1.00,              0.0662,                   0,              0.0074
        34,        43,      1.00,              0.8895,                   0,              0.0074
        34,        44,      1.00,              0.4190,                   0,              0.0147
        34,        45,      1.00,              0.6837,                   0,              0.0368
        34,        46,      1.00,              0.2132,                   0,              0.0147
        34,        47,      1.00,              0.2132,                   0,                   0
        34,        48,      1.00,                   0,                   0,              0.0074
        34,        49,      1.00,              3.2934,                   0,              0.0515
        34,        50,      1.00,              0.0074,                   0,              0.0368
        34,        51,      1.00,              0.0515,                   0,                   0
        34,        52,      1.00,              2.5215,                   0,              0.0515
        34,        53,      1.00,              0.4705,                   0,                   0
        34,        54,      1.00,              1.1983,                   0,              0.0294
        34,        55,      1.00,              2.2348,                   0,              0.0368
        34,        56,      1.00,              1.4188,                   0,              0.0515
        34,        57,      1.00,              0.0515,                   0,                   0
        34,        58,      1.00,              2.1907,                   0,              0.0515
        34,        59,      1.00,              6.5869,                   0,              0.0441
        34,        60,      1.00,              2.5142,                   0,              0.0441
        34,        61,      1.00,              1.6173,                   0,              0.0294
        34,        62,      1.00,              1.3012,                   0,              0.0074
        34,        63,      1.00,              1.2350,                   0,              0.0147
        34,        64,      1.00,              0.0074,                   0,              0.0147
        34,        65,      1.00,              2.3892,                   0,              0.0441
        34,        66,      1.00,              1.3600,                   0,              0.0147
        34,        67,      1.00,              0.6102,                   0,              0.0074
        34,        68,      1.00,              0.4264,                   0,                   0
        34,        69,      1.00,              0.6249,                   0,              0.0221
        34,        70,      1.00,              0.2058,                   0,              0.0074
        34,        71,      1.00,              0.4778,                   0,              0.0074
        34,        72,      1.00,              0.3088,                   0,                   0
        34,        73,      1.00,                   0,                   0,              0.0074
        34,        75,      1.00,              0.6249,                   0,              0.0074
        34,        76,      1.00,              0.2058,                   0,              0.0074
        34,        77,      1.00,              0.0662,                   0,              0.0074
        34,        79,      1.00,              0.4117,                   0,              0.0221
        34,        80,      1.00,              0.2058,                   0,              0.0074
        34,        81,      1.00,              0.0956,                   0,                   0
        34,        83,      1.00,              0.6249,                   0,              0.0147
        34,        84,      1.00,                   0,                   0,              0.0074
        34,        85,      1.00,              0.0074,                   0,              0.0074
        34,        86,      1.00,                   0,                   0,              0.0074
        34,        87,      1.00,              0.2058,                   0,              0.0074
        34,        92,      1.00,                   0,                   0,              0.0147
        34,        93,      1.00,              0.2058,                   0,                   0
        34,        95,      1.00,              0.2058,                   0,              0.0074
        34,        96,      1.00,                   0,                   0,              0.0147
        34,        97,      1.00,                   0,                   0,              0.0074
        34,        98,      1.00,                   0,                   0,              0.0074
        34,       100,      1.00,              0.1029,                   0,              0.0515
        34,       101,      1.00,              0.4190,                   0,              0.0147
        34,       103,      1.00,              0.2058,                   0,                   0
        34,       104,      1.00,                   0,                   0,              0.0147
        34,       105,      1.00,              0.2058,                   0,                   0
        34,       106,      1.00,              0.2058,                   0,                   0
        34,       109,      1.00,              0.2058,                   0,                   0
        34,       112,      1.00,              3.5140,                   0,              0.0956
        34,       114,      1.00,                   0,                   0,              0.0147
        34,       116,      1.00,              0.0588,                   0,              0.0074
        34,       117,      1.00,              0.3088,                   0,                   0
        34,       118,      1.00,              0.1029,                   0,              0.0074
        34,       119,      1.00,                   0,                   0,              0.0074
        34,       121,      1.00,                   0,                   0,              0.0074
        34,       122,      1.00,              0.2058,                   0,              0.0074
        34,       123,      1.00,                   0,                   0,              0.0074
        34,       125,      1.00,              0.2058,                   0,                   0
        34,       126,      1.00,              0.1029,                   0,              0.0074
        34,       127,      1.00,              0.2205,                   0,              0.0147
        34,       128,      1.00,              0.0147,                   0,              0.0074
        34,       130,      1.00,              0.0221,                   0,                   0
        34,       132,      1.00,              0.0368,                   0,                   0
        34,       133,      1.00,              0.0221,                   0,                   0
        34,       134,      1.00,              0.0221,                   0,                   0
        34,       140,      1.00,              0.0147,                   0,                   0
        34,       141,      1.00,              0.1176,                   0,                   0
        34,       143,      1.00,              0.0956,                   0,                   0
        34,       144,      1.00,              0.0221,                   0,                   0
        34,       145,      1.00,              0.0662,                   0,                   0
        34,       146,      1.00,              0.1029,                   0,              0.0074
        34,       148,      1.00,              0.0735,                   0,                   0
        34,       149,      1.00,              0.0221,                   0,                   0
        34,       150,      1.00,                   0,                   0,              0.0074
        34,       151,      1.00,                   0,                   0,              0.0074
        34,       152,      1.00,              0.0221,                   0,                   0
        34,       154,      1.00,              0.0735,                   0,              0.0074
        34,       155,      1.00,              0.0588,                   0,              0.0147
        34,       161,      1.00,              0.0515,                   0,              0.0074
        34,       165,      1.00,                   0,                   0,              0.0074
        34,       166,      1.00,              0.0074,                   0,              0.0074
        34,       167,      1.00,              0.0147,                   0,                   0
        34,       168,      1.00,              0.0147,                   0,                   0
        34,       174,      1.00,              0.2058,                   0,                   0
        34,       175,      1.00,              0.0809,                   0,                   0
        34,       177,      1.00,              0.0147,                   0,                   0
        34,       178,      1.00,                   0,                   0,              0.0074
        34,       182,      1.00,              0.0147,                   0,                   0
        34,       184,      1.00,              0.0221,                   0,                   0
        34,       185,      1.00,              0.0441,                   0,                   0
        34,       209,      1.00,              0.8307,                   0,              0.0147
        34,       210,      1.00,              0.5734,                   0,              0.0147
        34,       218,      1.00,                   0,                   0,              0.0074
        34,       219,      1.00,                   0,                   0,              0.0074
        34,       224,      1.00,                   0,                   0,              0.0074
        34,       226,      1.00,                   0,                   0,              0.0074
        35,         1,      1.00,              0.6249,                   0,              0.0441
        35,         2,      1.00,              1.2497,                   0,              0.0735
        35,         3,      1.00,              0.4190,                   0,              0.0294
        35,         4,      1.00,              1.1615,                   0,              0.0441
        35,         5,      1.00,              0.2867,                   0,              0.0588
        35,         6,      1.00,              2.3231,                   0,              0.1029
        35,         7,      1.00,              4.1830,                   0,              0.1544
        35,         8,      1.00,             15.1881,                   0,              0.2573
        35,         9,      1.00,              5.4180,                   0,              0.1103
        35,        10,      1.00,              0.6175,                   0,              0.0074
        35,        11,      1.00,              2.4333,                   0,              0.0662
        35,        12,      1.00,             11.8799,                   0,              0.3014
        35,        13,      1.00,             67.2216,                   0,              0.7793
        35,        14,      1.00,             39.3523,                   0,              0.9410
        35,        15,      1.00,             29.1926,                   0,              1.3086
        35,        16,      1.00,              1.3600,                   0,              0.0147
        35,        17,      1.00,              2.1613,                   0,              0.0294
        35,        18,      1.00,              0.9263,                   0,              0.0368
        35,        19,      1.00,              0.7940,                   0,              0.0735
        35,        20,      1.00,              0.3014,                   0,              0.0294
        35,        21,      1.00,                   0,                   0,              0.0074
        35,        22,      1.00,              2.4701,                   0,              0.0441
        35,        23,      1.00,             62.5461,                   0,              0.4999
        35,        24,      1.00,             15.8203,                   0,              0.3970
        35,        25,      1.00,              2.2789,                   0,              0.0956
        35,        26,      1.00,              6.6163,                   0,              0.1617
        35,        27,      1.00,             14.3647,                   0,              0.4264
        35,        28,      1.00,             14.1074,                   0,              0.7204
        35,        29,      1.00,              6.8295,                   0,              0.2426
        35,        30,      1.00,              4.8225,                   0,              0.3308
        35,        31,      1.00,              7.5499,                   0,              0.4852
        35,        32,      1.00,              6.0870,                   0,              0.4264
        35,        33,      1.00,              5.5871,                   0,              0.2132
        35,        34,      1.00,              2.4333,                   0,              0.1176
        35,        35,      1.00,            196.2027,                   0,              0.8381
        35,        36,      1.00,             75.9845,                   0,              0.7131
        35,        37,      1.00,             12.2549,                   0,              0.7204
        35,        38,      1.00,              7.5646,                   0,              0.3749
        35,        39,      1.00,             10.9022,                   0,              0.2941
        35,        40,      1.00,              8.3586,                   0,              0.2720
        35,        41,      1.00,             39.3155,                   0,              0.8234
        35,        42,      1.00,              0.7278,                   0,              0.0441
        35,        43,      1.00,              0.1176,                   0,              0.0294
        35,        44,      1.00,              3.1317,                   0,              0.2132
        35,        45,      1.00,             11.0419,                   0,              0.7425
        35,        46,      1.00,              2.0216,                   0,              0.0882
        35,        47,      1.00,              0.3970,                   0,                   0
        35,        48,      1.00,              0.1985,                   0,              0.0074
        35,        49,      1.00,              3.1538,                   0,              0.1250
        35,        50,      1.00,              1.1689,                   0,              0.0515
        35,        51,      1.00,              0.0956,                   0,              0.0074
        35,        52,      1.00,              4.8740,                   0,              0.2132
        35,        53,      1.00,              0.4778,                   0,                   0
        35,        54,      1.00,              1.7643,                   0,              0.0368
        35,        55,      1.00,              3.9918,                   0,              0.1397
        35,        56,      1.00,             19.2461,                   0,              0.8601
        35,        57,      1.00,              0.7351,                   0,              0.0294
        35,        58,      1.00,             11.1374,                   0,              1.0145
        35,        59,      1.00,              3.8816,                   0,              0.0662
        35,        60,      1.00,              2.3451,                   0,              0.0956
        35,        61,      1.00,              2.3966,                   0,              0.0882
        35,        62,      1.00,              2.1319,                   0,              0.0074
        35,        63,      1.00,              1.4482,                   0,              0.0147
        35,        64,      1.00,              0.5293,                   0,              0.0074
        35,        65,      1.00,              1.7349,                   0,              0.0441
        35,        66,      1.00,              2.4921,                   0,              0.0368
        35,        67,      1.00,              2.0437,                   0,              0.0074
        35,        68,      1.00,              1.0807,                   0,                   0
        35,        69,      1.00,              1.0513,                   0,              0.0147
        35,        70,      1.00,              0.9557,                   0,              0.0074
        35,        71,      1.00,              1.1395,                   0,              0.0074
        35,        72,      1.00,              0.1103,                   0,                   0
        35,        73,      1.00,              0.0147,                   0,                   0
        35,        74,      1.00,              0.4190,                   0,                   0
        35,        75,      1.00,              2.3892,                   0,              0.0074
        35,        76,      1.00,              1.5070,                   0,                   0
        35,        77,      1.00,              0.1029,                   0,                   0
        35,        79,      1.00,              1.3453,                   0,              0.0074
        35,        80,      1.00,              0.9336,                   0,              0.0074
        35,        81,      1.00,              0.9263,                   0,                   0
        35,        82,      1.00,              0.2279,                   0,                   0
        35,        83,      1.00,              1.4850,                   0,              0.0074
        35,        84,      1.00,              0.7278,                   0,              0.0074
        35,        85,      1.00,              1.4997,                   0,              0.0147
        35,        86,      1.00,              1.2203,                   0,              0.0074
        35,        89,      1.00,              0.2058,                   0,                   0
        35,        90,      1.00,              0.6910,                   0,              0.0074
        35,        91,      1.00,              0.5293,                   0,                   0
        35,        92,      1.00,              1.4556,                   0,              0.0221
        35,        93,      1.00,              0.2132,                   0,                   0
        35,        94,      1.00,              0.2205,                   0,                   0
        35,        95,      1.00,              0.6396,                   0,              0.0147
        35,        96,      1.00,              0.2058,                   0,                   0
        35,        97,      1.00,              0.4631,                   0,                   0
        35,        98,      1.00,              0.3235,                   0,                   0
        35,        99,      1.00,              0.3749,                   0,                   0
        35,       100,      1.00,              0.6837,                   0,              0.0074
        35,       101,      1.00,              2.1687,                   0,                   0
        35,       103,      1.00,              0.5220,                   0,                   0
        35,       104,      1.00,              0.8234,                   0,                   0
        35,       106,      1.00,              0.2132,                   0,                   0
        35,       107,      1.00,              0.6175,                   0,                   0
        35,       109,      1.00,              0.5146,                   0,                   0
        35,       110,      1.00,              0.1029,                   0,                   0
        35,       112,      1.00,             51.1808,                   0,              0.8087
        35,       113,      1.00,              0.4117,                   0,              0.0662
        35,       114,      1.00,              0.4117,                   0,                   0
        35,       116,      1.00,                   0,                   0,              0.0221
        35,       117,      1.00,              1.1909,                   0,                   0
        35,       118,      1.00,              1.6026,                   0,              0.0147
        35,       119,      1.00,              0.2205,                   0,              0.0368
        35,       120,      1.00,              0.1617,                   0,              0.0074
        35,       121,      1.00,              0.3749,                   0,              0.0147
        35,       122,      1.00,              0.2058,                   0,                   0
        35,       123,      1.00,              0.0074,                   0,              0.0294
        35,       124,      1.00,              0.2132,                   0,                   0
        35,       125,      1.00,              0.2058,                   0,                   0
        35,       126,      1.00,              0.4705,                   0,              0.0368
        35,       127,      1.00,              0.7131,                   0,              0.0147
        35,       128,      1.00,              0.0882,                   0,              0.0147
        35,       129,      1.00,              0.1911,                   0,                   0
        35,       130,      1.00,              0.1176,                   0,                   0
        35,       132,      1.00,              0.1176,                   0,                   0
        35,       133,      1.00,              0.0368,                   0,                   0
        35,       134,      1.00,              0.0368,                   0,                   0
        35,       135,      1.00,              0.2058,                   0,                   0
        35,       136,      1.00,                   0,                   0,              0.0074
        35,       139,      1.00,              0.0221,                   0,                   0
        35,       140,      1.00,              0.1250,                   0,                   0
        35,       141,      1.00,              0.2279,                   0,              0.0074
        35,       142,      1.00,              0.2279,                   0,              0.0147
        35,       143,      1.00,              0.1617,                   0,              0.0147
        35,       144,      1.00,              0.0441,                   0,                   0
        35,       145,      1.00,              0.0368,                   0,              0.0074
        35,       146,      1.00,              0.2058,                   0,              0.0147
        35,       147,      1.00,              0.0588,                   0,              0.0074
        35,       148,      1.00,              0.3676,                   0,              0.0074
        35,       149,      1.00,              0.0735,                   0,              0.0074
        35,       150,      1.00,              0.1911,                   0,              0.0221
        35,       151,      1.00,              0.1764,                   0,              0.0221
        35,       152,      1.00,                   0,                   0,              0.0147
        35,       153,      1.00,              0.0294,                   0,              0.0074
        35,       154,      1.00,              0.3970,                   0,              0.0368
        35,       155,      1.00,              0.1470,                   0,              0.0221
        35,       156,      1.00,              0.0294,                   0,                   0
        35,       157,      1.00,              0.2058,                   0,                   0
        35,       161,      1.00,              0.0441,                   0,              0.0368
        35,       162,      1.00,              0.4117,                   0,              0.0074
        35,       163,      1.00,              0.0956,                   0,                   0
        35,       164,      1.00,              0.1691,                   0,              0.0074
        35,       165,      1.00,              0.0735,                   0,              0.0221
        35,       166,      1.00,              0.0956,                   0,              0.0221
        35,       167,      1.00,              0.0368,                   0,              0.0147
        35,       168,      1.00,              0.1029,                   0,              0.0074
        35,       169,      1.00,              0.0735,                   0,                   0
        35,       170,      1.00,              0.1323,                   0,              0.0074
        35,       172,      1.00,              0.6175,                   0,                   0
        35,       173,      1.00,              0.0441,                   0,                   0
        35,       174,      1.00,              0.1323,                   0,                   0
        35,       175,      1.00,              0.1176,                   0,                   0
        35,       176,      1.00,              0.0515,                   0,                   0
        35,       177,      1.00,              0.1617,                   0,                   0
        35,       178,      1.00,              0.1397,                   0,              0.0147
        35,       179,      1.00,              0.2205,                   0,              0.0147
        35,       181,      1.00,              0.0368,                   0,                   0
        35,       182,      1.00,              0.1985,                   0,              0.0074
        35,       183,      1.00,              0.0221,                   0,                   0
        35,       184,      1.00,              0.0662,                   0,                   0
        35,       185,      1.00,              0.0441,                   0,                   0
        35,       186,      1.00,              0.0147,                   0,                   0
        35,       190,      1.00,              0.1029,                   0,                   0
        35,       195,      1.00,              0.2058,                   0,                   0
        35,       208,      1.00,              0.3382,                   0,              0.0074
        35,       209,      1.00,              2.8524,                   0,              0.1617
        35,       210,      1.00,              1.5585,                   0,              0.0074
        35,       213,      1.00,              0.2058,                   0,              0.0074
        35,       214,      1.00,              0.1103,                   0,                   0
        35,       217,      1.00,                   0,                   0,              0.0147
        35,       218,      1.00,                   0,                   0,              0.0441
        35,       219,      1.00,                   0,                   0,              0.0515
        35,       222,      1.00,                   0,                   0,              0.0074
        35,       224,      1.00,                   0,                   0,              0.0368
        35,       226,      1.00,                   0,                   0,              0.0294
        36,         1,      1.00,              0.0074,                   0,              0.0221
        36,         2,      1.00,              0.0147,                   0,              0.0441
        36,         3,      1.00,              0.6249,                   0,              0.0294
        36,         4,      1.00,              0.5661,                   0,              0.0221
        36,         5,      1.00,              0.1250,                   0,              0.0368
        36,         6,      1.00,              1.6247,                   0,              0.0588
        36,         7,      1.00,              2.8230,                   0,              0.0882
        36,         8,      1.00,              6.7339,                   0,              0.2647
        36,         9,      1.00,              1.6688,                   0,              0.0809
        36,        10,      1.00,              0.2499,                   0,                   0
        36,        11,      1.00,              1.0071,                   0,              0.0515
        36,        12,      1.00,              3.4478,                   0,              0.0956
        36,        13,      1.00,             19.0402,                   0,              0.6837
        36,        14,      1.00,             22.5983,                   0,              0.6910
        36,        15,      1.00,             20.5399,                   0,              0.4337
        36,        16,      1.00,              0.2058,                   0,              0.0074
        36,        17,      1.00,              2.2642,                   0,              0.0221
        36,        18,      1.00,              0.0662,                   0,              0.0221
        36,        19,      1.00,              1.3527,                   0,              0.0515
        36,        20,      1.00,              0.1838,                   0,              0.0147
        36,        21,      1.00,                   0,                   0,              0.0074
        36,        22,      1.00,              1.3453,                   0,              0.0294
        36,        23,      1.00,             38.7421,                   0,              0.4337
        36,        24,      1.00,             18.9814,                   0,              0.2573
        36,        25,      1.00,              2.6465,                   0,              0.0294
        36,        26,      1.00,              6.8589,                   0,              0.0956
        36,        27,      1.00,             13.3429,                   0,              0.3088
        36,        28,      1.00,             13.2253,                   0,              0.4925
        36,        29,      1.00,              5.2048,                   0,              0.1617
        36,        30,      1.00,              3.1905,                   0,              0.2573
        36,        31,      1.00,              5.0210,                   0,              0.3088
        36,        32,      1.00,              8.0351,                   0,              0.4631
        36,        33,      1.00,              3.6978,                   0,              0.2279
        36,        34,      1.00,              3.7713,                   0,              0.1029
        36,        35,      1.00,             78.9692,                   0,              0.7131
        36,        36,      1.00,             90.0920,                   0,              0.5808
        36,        37,      1.00,             16.7025,                   0,              0.5587
        36,        38,      1.00,             10.7184,                   0,              0.2647
        36,        39,      1.00,              7.5720,                   0,              0.2867
        36,        40,      1.00,              7.9616,                   0,              0.2941
        36,        41,      1.00,             20.9002,                   0,              0.5293
        36,        42,      1.00,              1.1395,                   0,              0.0515
        36,        43,      1.00,              0.9189,                   0,              0.0515
        36,        44,      1.00,              1.9996,                   0,              0.2205
        36,        45,      1.00,              5.9620,                   0,              0.2867
        36,        46,      1.00,              1.2277,                   0,              0.0515
        36,        47,      1.00,              0.3382,                   0,              0.0074
        36,        48,      1.00,              0.0515,                   0,                   0
        36,        49,      1.00,              3.0509,                   0,              0.1029
        36,        50,      1.00,              0.2941,                   0,              0.0221
        36,        51,      1.00,              0.0809,                   0,                   0
        36,        52,      1.00,              4.2050,                   0,              0.1764
        36,        53,      1.00,              0.1029,                   0,                   0
        36,        54,      1.00,              1.1027,                   0,              0.0441
        36,        55,      1.00,              6.1091,                   0,              0.1617
        36,        56,      1.00,             11.6594,                   0,              0.5293
        36,        57,      1.00,              0.4411,                   0,              0.0221
        36,        58,      1.00,              4.8299,                   0,              0.5955
        36,        59,      1.00,              3.7786,                   0,              0.0588
        36,        60,      1.00,              1.6688,                   0,              0.0809
        36,        61,      1.00,              2.3598,                   0,              0.0882
        36,        62,      1.00,              0.7351,                   0,              0.0515
        36,        63,      1.00,              0.3161,                   0,              0.0147
        36,        64,      1.00,              0.2205,                   0,              0.0147
        36,        65,      1.00,              2.1025,                   0,              0.0735
        36,        66,      1.00,              1.8967,                   0,              0.0735
        36,        67,      1.00,              1.6688,                   0,              0.0294
        36,        68,      1.00,              0.4117,                   0,              0.0147
        36,        69,      1.00,              0.5955,                   0,              0.0368
        36,        70,      1.00,              0.3161,                   0,              0.0147
        36,        71,      1.00,              1.1395,                   0,              0.0074
        36,        72,      1.00,              0.4190,                   0,              0.0074
        36,        73,      1.00,              0.0221,                   0,              0.0074
        36,        74,      1.00,              0.2132,                   0,              0.0074
        36,        75,      1.00,              0.4411,                   0,              0.0294
        36,        76,      1.00,              0.5220,                   0,              0.0147
        36,        77,      1.00,              0.0074,                   0,              0.0074
        36,        79,      1.00,              0.6910,                   0,              0.0221
        36,        80,      1.00,              0.5220,                   0,              0.0147
        36,        81,      1.00,              0.8969,                   0,              0.0074
        36,        82,      1.00,              0.4337,                   0,              0.0074
        36,        83,      1.00,              0.7646,                   0,              0.0368
        36,        84,      1.00,              0.0882,                   0,              0.0368
        36,        85,      1.00,              0.6616,                   0,              0.0368
        36,        86,      1.00,              1.3674,                   0,              0.0221
        36,        87,      1.00,              0.6175,                   0,              0.0074
        36,        88,      1.00,              0.2058,                   0,                   0
        36,        90,      1.00,              0.2205,                   0,              0.0147
        36,        91,      1.00,              0.2794,                   0,              0.0147
        36,        92,      1.00,              1.2497,                   0,              0.0368
        36,        93,      1.00,              0.3161,                   0,              0.0074
        36,        94,      1.00,              0.0147,                   0,              0.0074
        36,        95,      1.00,              0.0809,                   0,              0.0441
        36,        97,      1.00,              0.0956,                   0,              0.0074
        36,        98,      1.00,              0.3235,                   0,              0.0074
        36,        99,      1.00,                   0,                   0,              0.0074
        36,       100,      1.00,              0.5220,                   0,              0.0147
        36,       101,      1.00,              0.2205,                   0,              0.0221
        36,       103,      1.00,              0.2132,                   0,              0.0074
        36,       104,      1.00,              0.2132,                   0,              0.0074
        36,       106,      1.00,              0.4190,                   0,              0.0147
        36,       107,      1.00,              0.4190,                   0,              0.0074
        36,       109,      1.00,                   0,                   0,              0.0074
        36,       110,      1.00,              0.4117,                   0,                   0
        36,       111,      1.00,              0.2058,                   0,                   0
        36,       112,      1.00,             47.7182,                   0,              0.8748
        36,       113,      1.00,              0.4117,                   0,              0.0074
        36,       114,      1.00,              0.5808,                   0,              0.0074
        36,       116,      1.00,              0.2058,                   0,              0.0147
        36,       117,      1.00,              0.3161,                   0,              0.0147
        36,       118,      1.00,              0.0074,                   0,              0.0294
        36,       119,      1.00,              0.3235,                   0,              0.0368
        36,       120,      1.00,              0.2205,                   0,              0.0221
        36,       121,      1.00,              0.2205,                   0,              0.0294
        36,       122,      1.00,              0.0074,                   0,              0.0147
        36,       123,      1.00,              0.0074,                   0,              0.0294
        36,       124,      1.00,              0.3749,                   0,              0.0221
        36,       125,      1.00,              0.0074,                   0,              0.0074
        36,       126,      1.00,              0.2867,                   0,              0.0588
        36,       127,      1.00,              0.6616,                   0,              0.0588
        36,       128,      1.00,              0.1176,                   0,              0.0221
        36,       129,      1.00,              0.1176,                   0,              0.0147
        36,       130,      1.00,              0.0221,                   0,              0.0074
        36,       131,      1.00,              0.0074,                   0,              0.0074
        36,       132,      1.00,              0.1323,                   0,              0.0074
        36,       133,      1.00,                   0,                   0,              0.0074
        36,       134,      1.00,              0.0441,                   0,              0.0147
        36,       135,      1.00,              0.2058,                   0,              0.0147
        36,       136,      1.00,              0.1911,                   0,              0.0074
        36,       137,      1.00,              0.0809,                   0,              0.0074
        36,       138,      1.00,              0.2058,                   0,              0.0074
        36,       140,      1.00,              0.1838,                   0,              0.0368
        36,       141,      1.00,              0.2573,                   0,              0.0147
        36,       142,      1.00,              0.2132,                   0,              0.0147
        36,       143,      1.00,              0.2205,                   0,              0.0221
        36,       144,      1.00,              0.0294,                   0,              0.0074
        36,       145,      1.00,              0.0809,                   0,              0.0074
        36,       146,      1.00,              0.1544,                   0,              0.0368
        36,       147,      1.00,              0.0074,                   0,              0.0147
        36,       148,      1.00,              0.1985,                   0,              0.0221
        36,       149,      1.00,              0.0368,                   0,              0.0147
        36,       150,      1.00,              0.0809,                   0,              0.0147
        36,       151,      1.00,              0.1323,                   0,              0.0294
        36,       152,      1.00,              0.0368,                   0,              0.0147
        36,       153,      1.00,              0.0368,                   0,              0.0147
        36,       154,      1.00,              0.2867,                   0,              0.0368
        36,       155,      1.00,              0.1176,                   0,              0.0294
        36,       156,      1.00,              0.0368,                   0,              0.0074
        36,       160,      1.00,              0.0221,                   0,              0.0147
        36,       161,      1.00,              0.1029,                   0,              0.0294
        36,       162,      1.00,              0.0368,                   0,              0.0147
        36,       164,      1.00,              0.0515,                   0,              0.0147
        36,       165,      1.00,              0.1176,                   0,              0.0221
        36,       166,      1.00,              0.1544,                   0,              0.0221
        36,       167,      1.00,              0.0882,                   0,              0.0147
        36,       168,      1.00,              0.0882,                   0,              0.0074
        36,       169,      1.00,              0.0074,                   0,                   0
        36,       170,      1.00,              0.1029,                   0,              0.0147
        36,       172,      1.00,              0.2058,                   0,              0.0074
        36,       173,      1.00,              0.0221,                   0,                   0
        36,       174,      1.00,              0.0956,                   0,                   0
        36,       175,      1.00,              0.0809,                   0,              0.0074
        36,       177,      1.00,              0.0588,                   0,              0.0074
        36,       178,      1.00,              0.0809,                   0,              0.0221
        36,       179,      1.00,              0.1470,                   0,              0.0221
        36,       180,      1.00,              0.0221,                   0,                   0
        36,       181,      1.00,              0.0735,                   0,              0.0074
        36,       182,      1.00,              0.0368,                   0,              0.0147
        36,       183,      1.00,              0.0441,                   0,                   0
        36,       184,      1.00,              0.0515,                   0,                   0
        36,       185,      1.00,              0.0882,                   0,                   0
        36,       186,      1.00,              0.0221,                   0,                   0
        36,       192,      1.00,              0.2058,                   0,                   0
        36,       198,      1.00,              0.2058,                   0,                   0
        36,       208,      1.00,              0.0147,                   0,              0.0147
        36,       209,      1.00,              2.2642,                   0,              0.0735
        36,       210,      1.00,              1.7790,                   0,              0.0294
        36,       211,      1.00,                   0,                   0,              0.0074
        36,       213,      1.00,              0.0368,                   0,              0.0074
        36,       217,      1.00,                   0,                   0,              0.0074
        36,       218,      1.00,                   0,                   0,              0.0294
        36,       219,      1.00,                   0,                   0,              0.0368
        36,       224,      1.00,                   0,                   0,              0.0294
        36,       226,      1.00,                   0,                   0,              0.0221
        37,         1,      1.00,              0.2205,                   0,              0.0294
        37,         2,      1.00,              0.4264,                   0,              0.0441
        37,         3,      1.00,              0.2647,                   0,              0.0221
        37,         4,      1.00,              0.0588,                   0,              0.0147
        37,         5,      1.00,              0.0735,                   0,              0.0441
        37,         6,      1.00,              0.7498,                   0,              0.0735
        37,         7,      1.00,              2.2642,                   0,              0.1029
        37,         8,      1.00,              7.9763,                   0,              0.5146
        37,         9,      1.00,              2.9626,                   0,              0.1029
        37,        10,      1.00,                   0,                   0,              0.0074
        37,        11,      1.00,              0.9924,                   0,              0.0515
        37,        12,      1.00,              2.8377,                   0,              0.0956
        37,        13,      1.00,              9.3437,                   0,              0.9483
        37,        14,      1.00,             21.8926,                   0,              0.9116
        37,        15,      1.00,             16.8128,                   0,              0.6690
        37,        16,      1.00,              0.2132,                   0,              0.0147
        37,        17,      1.00,              0.0294,                   0,              0.1323
        37,        18,      1.00,              0.0074,                   0,              0.0294
        37,        19,      1.00,              1.2718,                   0,              0.1176
        37,        20,      1.00,              0.1176,                   0,              0.0221
        37,        21,      1.00,                   0,                   0,              0.0147
        37,        22,      1.00,              0.4337,                   0,              0.0882
        37,        23,      1.00,             17.6288,                   0,              0.5881
        37,        24,      1.00,             15.7321,                   0,              0.3382
        37,        25,      1.00,              2.3966,                   0,              0.0515
        37,        26,      1.00,              9.1673,                   0,              0.1544
        37,        27,      1.00,             16.8422,                   0,              0.3676
        37,        28,      1.00,             12.7768,                   0,              0.4852
        37,        29,      1.00,              6.9618,                   0,              0.2279
        37,        30,      1.00,              4.9990,                   0,              0.2794
        37,        31,      1.00,              4.4770,                   0,              0.3014
        37,        32,      1.00,              7.0059,                   0,              0.3970
        37,        33,      1.00,              3.1611,                   0,              0.3014
        37,        34,      1.00,              2.5510,                   0,              0.0882
        37,        35,      1.00,             13.4458,                   0,              0.7204
        37,        36,      1.00,             21.2824,                   0,              0.5587
        37,        37,      1.00,             24.0392,                   0,              0.4264
        37,        38,      1.00,             14.8426,                   0,              0.3235
        37,        39,      1.00,              6.9765,                   0,              0.4043
        37,        40,      1.00,              8.6379,                   0,              0.3235
        37,        41,      1.00,              4.6020,                   0,              0.2867
        37,        42,      1.00,              0.4852,                   0,              0.0294
        37,        43,      1.00,              1.4262,                   0,              0.0221
        37,        44,      1.00,              1.7129,                   0,              0.1617
        37,        45,      1.00,              3.5066,                   0,              0.1029
        37,        46,      1.00,              1.0807,                   0,              0.0294
        37,        47,      1.00,              0.0147,                   0,                   0
        37,        48,      1.00,              0.1176,                   0,              0.0074
        37,        49,      1.00,              2.8597,                   0,              0.1985
        37,        50,      1.00,              0.6616,                   0,              0.0441
        37,        51,      1.00,              0.0956,                   0,              0.0074
        37,        52,      1.00,              4.8887,                   0,              0.2058
        37,        53,      1.00,              0.4190,                   0,              0.0147
        37,        54,      1.00,              1.5659,                   0,              0.0441
        37,        55,      1.00,              2.4848,                   0,              0.1397
        37,        56,      1.00,              4.8667,                   0,              0.3823
        37,        57,      1.00,              0.1838,                   0,              0.0147
        37,        58,      1.00,              4.6020,                   0,              0.2794
        37,        59,      1.00,              5.6974,                   0,              0.1397
        37,        60,      1.00,              2.1687,                   0,              0.0956
        37,        61,      1.00,              1.9849,                   0,              0.1176
        37,        62,      1.00,              1.1248,                   0,              0.0147
        37,        63,      1.00,              1.5585,                   0,              0.0294
        37,        64,      1.00,              0.4337,                   0,              0.0074
        37,        65,      1.00,              2.5362,                   0,              0.0515
        37,        66,      1.00,              2.3010,                   0,              0.0368
        37,        67,      1.00,              1.5438,                   0,              0.0147
        37,        68,      1.00,              0.9189,                   0,              0.0074
        37,        69,      1.00,              0.8675,                   0,              0.0221
        37,        70,      1.00,              0.2205,                   0,              0.0074
        37,        71,      1.00,              0.6322,                   0,              0.0074
        37,        72,      1.00,              0.5220,                   0,                   0
        37,        73,      1.00,              0.1250,                   0,              0.0074
        37,        74,      1.00,              0.0074,                   0,                   0
        37,        75,      1.00,              0.6690,                   0,              0.0074
        37,        76,      1.00,              0.4264,                   0,                   0
        37,        77,      1.00,              0.2132,                   0,                   0
        37,        79,      1.00,              0.6396,                   0,              0.0147
        37,        80,      1.00,              0.2279,                   0,              0.0074
        37,        81,      1.00,              0.9557,                   0,              0.0074
        37,        82,      1.00,              0.3382,                   0,                   0
        37,        83,      1.00,              0.7940,                   0,              0.0221
        37,        84,      1.00,              1.0071,                   0,              0.0074
        37,        85,      1.00,              1.0954,                   0,              0.0221
        37,        86,      1.00,              1.2792,                   0,              0.0074
        37,        87,      1.00,              0.2132,                   0,                   0
        37,        88,      1.00,              0.0074,                   0,                   0
        37,        90,      1.00,              0.2279,                   0,              0.0074
        37,        91,      1.00,              0.4337,                   0,                   0
        37,        92,      1.00,              0.2352,                   0,              0.0294
        37,        93,      1.00,              0.2205,                   0,                   0
        37,        94,      1.00,              0.5367,                   0,                   0
        37,        95,      1.00,              0.2352,                   0,              0.0074
        37,        97,      1.00,              0.2867,                   0,                   0
        37,        98,      1.00,              0.3455,                   0,                   0
        37,        99,      1.00,              0.4190,                   0,                   0
        37,       100,      1.00,              0.3235,                   0,              0.0074
        37,       101,      1.00,              0.0294,                   0,              0.0074
        37,       103,      1.00,              0.4337,                   0,                   0
        37,       104,      1.00,              0.0147,                   0,                   0
        37,       105,      1.00,              0.0074,                   0,                   0
        37,       106,      1.00,              0.2132,                   0,                   0
        37,       107,      1.00,              0.0074,                   0,                   0
        37,       108,      1.00,              0.0074,                   0,                   0
        37,       109,      1.00,              0.0074,                   0,                   0
        37,       110,      1.00,              0.2058,                   0,                   0
        37,       112,      1.00,             21.6941,                   0,              0.6028
        37,       113,      1.00,                   0,                   0,              0.0074
        37,       114,      1.00,              0.0074,                   0,                   0
        37,       116,      1.00,              0.0074,                   0,              0.0221
        37,       117,      1.00,              0.4190,                   0,              0.0074
        37,       118,      1.00,              0.0147,                   0,              0.0147
        37,       119,      1.00,              0.0221,                   0,              0.0441
        37,       120,      1.00,              0.8454,                   0,              0.0074
        37,       121,      1.00,              0.4337,                   0,              0.0147
        37,       122,      1.00,              0.2205,                   0,              0.0074
        37,       123,      1.00,              0.0147,                   0,              0.0294
        37,       124,      1.00,              0.2794,                   0,                   0
        37,       125,      1.00,              0.2132,                   0,                   0
        37,       126,      1.00,              0.0882,                   0,              0.0294
        37,       127,      1.00,              0.3749,                   0,              0.0074
        37,       128,      1.00,              0.0735,                   0,              0.0074
        37,       129,      1.00,              0.0074,                   0,              0.0074
        37,       130,      1.00,              0.0294,                   0,                   0
        37,       131,      1.00,              0.0074,                   0,                   0
        37,       132,      1.00,              0.0515,                   0,                   0
        37,       133,      1.00,              0.0294,                   0,                   0
        37,       134,      1.00,              0.0735,                   0,                   0
        37,       135,      1.00,              0.1029,                   0,                   0
        37,       136,      1.00,              0.0074,                   0,              0.0074
        37,       140,      1.00,              0.0515,                   0,                   0
        37,       141,      1.00,              0.0882,                   0,              0.0074
        37,       142,      1.00,              0.0074,                   0,              0.0074
        37,       143,      1.00,              0.0809,                   0,              0.0074
        37,       144,      1.00,              0.0221,                   0,                   0
        37,       145,      1.00,              0.0588,                   0,                   0
        37,       146,      1.00,              0.1397,                   0,              0.0074
        37,       147,      1.00,              0.0515,                   0,                   0
        37,       148,      1.00,              0.1470,                   0,              0.0074
        37,       149,      1.00,              0.0074,                   0,              0.0074
        37,       150,      1.00,              0.0735,                   0,              0.0147
        37,       151,      1.00,              0.0662,                   0,              0.0147
        37,       152,      1.00,              0.0294,                   0,              0.0147
        37,       153,      1.00,              0.0147,                   0,              0.0074
        37,       154,      1.00,              0.1691,                   0,              0.0221
        37,       155,      1.00,              0.0809,                   0,              0.0221
        37,       156,      1.00,              0.0221,                   0,                   0
        37,       160,      1.00,              0.0294,                   0,                   0
        37,       161,      1.00,              0.0294,                   0,              0.0294
        37,       162,      1.00,              0.0074,                   0,              0.0074
        37,       164,      1.00,              0.0074,                   0,              0.0074
        37,       165,      1.00,              0.0515,                   0,              0.0147
        37,       166,      1.00,              0.0515,                   0,              0.0147
        37,       167,      1.00,              0.0294,                   0,              0.0074
        37,       168,      1.00,              0.0221,                   0,                   0
        37,       170,      1.00,                   0,                   0,              0.0074
        37,       172,      1.00,              0.2058,                   0,                   0
        37,       175,      1.00,              0.0515,                   0,                   0
        37,       177,      1.00,              0.0441,                   0,                   0
        37,       178,      1.00,              0.0074,                   0,              0.0074
        37,       179,      1.00,              0.0368,                   0,              0.0074
        37,       180,      1.00,              0.0441,                   0,                   0
        37,       181,      1.00,              0.0221,                   0,                   0
        37,       182,      1.00,              0.0588,                   0,                   0
        37,       183,      1.00,              0.0221,                   0,                   0
        37,       184,      1.00,              0.0294,                   0,                   0
        37,       185,      1.00,              0.0221,                   0,                   0
        37,       186,      1.00,              0.2058,                   0,                   0
        37,       189,      1.00,              0.1029,                   0,                   0
        37,       208,      1.00,              0.0809,                   0,                   0
        37,       209,      1.00,              1.1836,                   0,              0.0662
        37,       210,      1.00,              2.1025,                   0,              0.0147
        37,       212,      1.00,              0.0074,                   0,                   0
        37,       213,      1.00,              0.0074,                   0,              0.0074
        37,       217,      1.00,                   0,                   0,              0.0147
        37,       218,      1.00,                   0,                   0,              0.0515
        37,       219,      1.00,                   0,                   0,              0.0662
        37,       222,      1.00,                   0,                   0,              0.0074
        37,       224,      1.00,                   0,                   0,              0.0441
        37,       226,      1.00,                   0,                   0,              0.0368
        38,         1,      1.00,              0.0221,                   0,              0.0147
        38,         2,      1.00,              0.1617,                   0,              0.0221
        38,         3,      1.00,              0.7425,                   0,              0.0147
        38,         4,      1.00,              0.1029,                   0,              0.0074
        38,         5,      1.00,              0.0368,                   0,              0.0294
        38,         6,      1.00,              1.3086,                   0,              0.0368
        38,         7,      1.00,              1.2277,                   0,              0.0515
        38,         8,      1.00,              4.2932,                   0,              0.2720
        38,         9,      1.00,              1.9555,                   0,              0.0588
        38,        11,      1.00,              0.7572,                   0,              0.0294
        38,        12,      1.00,              1.4262,                   0,              0.0588
        38,        13,      1.00,              5.3004,                   0,              0.6102
        38,        14,      1.00,             15.0631,                   0,              0.5146
        38,        15,      1.00,             19.3343,                   0,              0.4484
        38,        16,      1.00,                   0,                   0,              0.0074
        38,        17,      1.00,              0.8381,                   0,              0.0294
        38,        18,      1.00,              0.2132,                   0,              0.0147
        38,        19,      1.00,              1.0145,                   0,              0.0441
        38,        20,      1.00,              0.0074,                   0,              0.0147
        38,        21,      1.00,                   0,                   0,              0.0074
        38,        22,      1.00,              0.4264,                   0,              0.0147
        38,        23,      1.00,              6.8663,                   0,              0.2647
        38,        24,      1.00,              7.7117,                   0,              0.1911
        38,        25,      1.00,              2.4848,                   0,              0.0294
        38,        26,      1.00,              7.8366,                   0,              0.1029
        38,        27,      1.00,             24.5318,                   0,              0.2573
        38,        28,      1.00,             12.9900,                   0,              0.2941
        38,        29,      1.00,              6.7633,                   0,              0.1470
        38,        30,      1.00,              1.9849,                   0,              0.1617
        38,        31,      1.00,              4.5358,                   0,              0.1544
        38,        32,      1.00,             11.2404,                   0,              0.1397
        38,        33,      1.00,              4.6020,                   0,              0.1470
        38,        34,      1.00,              1.5806,                   0,              0.0368
        38,        35,      1.00,             12.9532,                   0,              0.3749
        38,        36,      1.00,             11.6226,                   0,              0.2647
        38,        37,      1.00,             12.4019,                   0,              0.3235
        38,        38,      1.00,             22.8851,                   0,              0.1617
        38,        39,      1.00,             11.3580,                   0,              0.2499
        38,        40,      1.00,              7.7925,                   0,              0.2205
        38,        41,      1.00,              5.4842,                   0,              0.1544
        38,        42,      1.00,              1.0366,                   0,              0.0147
        38,        43,      1.00,              0.2205,                   0,              0.0221
        38,        44,      1.00,              1.5365,                   0,              0.0882
        38,        45,      1.00,              2.3231,                   0,              0.0588
        38,        46,      1.00,              0.7351,                   0,              0.0294
        38,        47,      1.00,              0.4411,                   0,                   0
        38,        48,      1.00,              0.1250,                   0,              0.0074
        38,        49,      1.00,              2.6833,                   0,              0.1764
        38,        50,      1.00,              0.7278,                   0,              0.0588
        38,        51,      1.00,              0.0368,                   0,                   0
        38,        52,      1.00,              2.0584,                   0,              0.1691
        38,        53,      1.00,              0.4190,                   0,              0.0147
        38,        54,      1.00,              0.7572,                   0,              0.0662
        38,        55,      1.00,              1.9702,                   0,              0.1029
        38,        56,      1.00,              4.6535,                   0,              0.2132
        38,        57,      1.00,              0.1764,                   0,              0.0074
        38,        58,      1.00,              3.5802,                   0,              0.1544
        38,        59,      1.00,              5.1901,                   0,              0.0882
        38,        60,      1.00,              1.6835,                   0,              0.0662
        38,        61,      1.00,              2.3819,                   0,              0.0956
        38,        62,      1.00,              1.3233,                   0,              0.0221
        38,        63,      1.00,              0.4852,                   0,              0.0294
        38,        64,      1.00,              0.2205,                   0,              0.0074
        38,        65,      1.00,              0.8601,                   0,              0.0662
        38,        66,      1.00,              2.5951,                   0,              0.0441
        38,        67,      1.00,              1.0292,                   0,              0.0074
        38,        68,      1.00,              0.3235,                   0,                   0
        38,        69,      1.00,              0.2352,                   0,              0.0147
        38,        70,      1.00,              0.4190,                   0,              0.0074
        38,        71,      1.00,              0.0074,                   0,              0.0074
        38,        72,      1.00,              0.6175,                   0,                   0
        38,        73,      1.00,              0.0147,                   0,              0.0074
        38,        74,      1.00,              0.0074,                   0,                   0
        38,        75,      1.00,              0.2426,                   0,              0.0074
        38,        76,      1.00,              0.4264,                   0,                   0
        38,        77,      1.00,              0.0074,                   0,                   0
        38,        79,      1.00,              0.5293,                   0,              0.0074
        38,        80,      1.00,              0.2205,                   0,              0.0074
        38,        81,      1.00,              0.4999,                   0,                   0
        38,        82,      1.00,              0.2205,                   0,                   0
        38,        83,      1.00,              0.6543,                   0,              0.0147
        38,        84,      1.00,              0.4337,                   0,              0.0074
        38,        85,      1.00,              0.4484,                   0,              0.0147
        38,        86,      1.00,              0.1250,                   0,              0.0074
        38,        87,      1.00,              0.2132,                   0,                   0
        38,        90,      1.00,              0.4264,                   0,                   0
        38,        91,      1.00,              0.0074,                   0,                   0
        38,        92,      1.00,              0.0147,                   0,              0.0147
        38,        93,      1.00,              0.1103,                   0,                   0
        38,        94,      1.00,              0.0147,                   0,                   0
        38,        95,      1.00,              0.0147,                   0,              0.0074
        38,        97,      1.00,              0.3161,                   0,                   0
        38,        98,      1.00,              0.2058,                   0,                   0
        38,        99,      1.00,              0.2132,                   0,                   0
        38,       100,      1.00,              0.0147,                   0,              0.0074
        38,       101,      1.00,              0.0809,                   0,              0.0074
        38,       103,      1.00,              0.0147,                   0,                   0
        38,       104,      1.00,              0.2132,                   0,                   0
        38,       105,      1.00,              0.0074,                   0,                   0
        38,       106,      1.00,              0.2132,                   0,                   0
        38,       107,      1.00,              0.0074,                   0,                   0
        38,       109,      1.00,              0.0074,                   0,                   0
        38,       112,      1.00,             12.1372,                   0,              0.3529
        38,       113,      1.00,              0.6175,                   0,              0.0074
        38,       114,      1.00,              0.2132,                   0,                   0
        38,       116,      1.00,              0.2132,                   0,              0.0147
        38,       117,      1.00,              0.4190,                   0,                   0
        38,       118,      1.00,              0.0074,                   0,              0.0147
        38,       119,      1.00,              0.0147,                   0,              0.0221
        38,       120,      1.00,              0.0735,                   0,                   0
        38,       121,      1.00,              0.0147,                   0,              0.0074
        38,       122,      1.00,              0.0074,                   0,              0.0074
        38,       123,      1.00,              0.1103,                   0,              0.0221
        38,       124,      1.00,              0.0074,                   0,                   0
        38,       125,      1.00,              0.0074,                   0,                   0
        38,       126,      1.00,              0.1250,                   0,              0.0147
        38,       127,      1.00,              0.2205,                   0,              0.0074
        38,       128,      1.00,              0.0662,                   0,              0.0074
        38,       129,      1.00,                   0,                   0,              0.0074
        38,       130,      1.00,              0.0735,                   0,                   0
        38,       131,      1.00,              0.0074,                   0,                   0
        38,       133,      1.00,              0.0221,                   0,                   0
        38,       136,      1.00,                   0,                   0,              0.0074
        38,       137,      1.00,              0.2058,                   0,                   0
        38,       139,      1.00,              0.0221,                   0,                   0
        38,       140,      1.00,              0.1323,                   0,                   0
        38,       141,      1.00,              0.0588,                   0,              0.0074
        38,       142,      1.00,                   0,                   0,              0.0074
        38,       143,      1.00,              0.1103,                   0,              0.0074
        38,       144,      1.00,              0.0221,                   0,                   0
        38,       145,      1.00,              0.0221,                   0,                   0
        38,       146,      1.00,              0.0735,                   0,              0.0074
        38,       147,      1.00,              0.0294,                   0,              0.0074
        38,       148,      1.00,              0.0735,                   0,              0.0074
        38,       149,      1.00,                   0,                   0,              0.0074
        38,       150,      1.00,              0.0956,                   0,              0.0147
        38,       151,      1.00,              0.0515,                   0,              0.0147
        38,       152,      1.00,              0.0294,                   0,              0.0074
        38,       153,      1.00,                   0,                   0,              0.0074
        38,       154,      1.00,              0.0074,                   0,              0.0147
        38,       155,      1.00,              0.0662,                   0,              0.0147
        38,       160,      1.00,              0.0221,                   0,                   0
        38,       161,      1.00,              0.0588,                   0,              0.0221
        38,       162,      1.00,              0.0074,                   0,              0.0074
        38,       164,      1.00,              0.0074,                   0,                   0
        38,       165,      1.00,              0.0294,                   0,              0.0147
        38,       166,      1.00,              0.0294,                   0,              0.0147
        38,       167,      1.00,                   0,                   0,              0.0074
        38,       168,      1.00,              0.0441,                   0,                   0
        38,       169,      1.00,              0.0294,                   0,                   0
        38,       175,      1.00,              0.0221,                   0,                   0
        38,       177,      1.00,              0.0956,                   0,                   0
        38,       178,      1.00,                   0,                   0,              0.0074
        38,       179,      1.00,              0.1397,                   0,              0.0074
        38,       181,      1.00,              0.0221,                   0,                   0
        38,       182,      1.00,              0.0515,                   0,                   0
        38,       184,      1.00,              0.0221,                   0,                   0
        38,       185,      1.00,              0.0368,                   0,                   0
        38,       192,      1.00,              0.1029,                   0,                   0
        38,       208,      1.00,              0.0074,                   0,                   0
        38,       209,      1.00,              1.6982,                   0,              0.0368
        38,       210,      1.00,              1.4482,                   0,              0.0074
        38,       213,      1.00,              0.0074,                   0,              0.0074
        38,       217,      1.00,                   0,                   0,              0.0074
        38,       218,      1.00,                   0,                   0,              0.0368
        38,       219,      1.00,                   0,                   0,              0.0441
        38,       222,      1.00,                   0,                   0,              0.0074
        38,       224,      1.00,                   0,                   0,              0.0368
        38,       226,      1.00,                   0,                   0,              0.0294
        39,         1,      1.00,              0.3161,                   0,              0.0147
        39,         2,      1.00,              0.1176,                   0,              0.0221
        39,         3,      1.00,              0.0074,                   0,                   0
        39,         4,      1.00,              0.2205,                   0,              0.0074
        39,         5,      1.00,              0.0368,                   0,              0.0294
        39,         6,      1.00,              0.4337,                   0,              0.0368
        39,         7,      1.00,              1.0733,                   0,              0.0515
        39,         8,      1.00,              2.7788,                   0,              0.3161
        39,         9,      1.00,              1.1909,                   0,              0.0735
        39,        11,      1.00,              0.7572,                   0,              0.0221
        39,        12,      1.00,              2.8303,                   0,              0.0441
        39,        13,      1.00,              2.7935,                   0,              0.2573
        39,        14,      1.00,             11.2771,                   0,              0.5514
        39,        15,      1.00,             13.1517,                   0,              0.4631
        39,        16,      1.00,              0.2720,                   0,              0.0074
        39,        17,      1.00,              0.7940,                   0,              0.0294
        39,        18,      1.00,              0.2132,                   0,              0.0147
        39,        19,      1.00,              0.5367,                   0,              0.0515
        39,        20,      1.00,              0.0074,                   0,              0.0074
        39,        21,      1.00,              0.0662,                   0,              0.0147
        39,        22,      1.00,              1.6173,                   0,              0.0147
        39,        23,      1.00,              7.6602,                   0,              0.1470
        39,        24,      1.00,              4.1536,                   0,              0.1911
        39,        25,      1.00,              1.1027,                   0,              0.0441
        39,        26,      1.00,              5.3004,                   0,              0.1103
        39,        27,      1.00,             21.2604,                   0,              0.2867
        39,        28,      1.00,             18.0699,                   0,              0.3088
        39,        29,      1.00,              5.8076,                   0,              0.1250
        39,        30,      1.00,              4.1756,                   0,              0.1029
        39,        31,      1.00,              6.4840,                   0,              0.1397
        39,        32,      1.00,             16.0188,                   0,              0.2426
        39,        33,      1.00,              8.3586,                   0,              0.2720
        39,        34,      1.00,              6.2120,                   0,              0.0662
        39,        35,      1.00,             13.2179,                   0,              0.2941
        39,        36,      1.00,             10.9610,                   0,              0.2867
        39,        37,      1.00,              7.2853,                   0,              0.4043
        39,        38,      1.00,             14.3941,                   0,              0.2499
        39,        39,      1.00,             49.3209,                   0,              0.3308
        39,        40,      1.00,             19.8195,                   0,              0.2941
        39,        41,      1.00,             10.0127,                   0,              0.1911
        39,        42,      1.00,              1.9261,                   0,              0.0368
        39,        43,      1.00,              1.2203,                   0,              0.1029
        39,        44,      1.00,              1.9261,                   0,              0.1838
        39,        45,      1.00,              6.1752,                   0,              0.2132
        39,        46,      1.00,              1.5659,                   0,              0.1029
        39,        47,      1.00,              0.7057,                   0,              0.0221
        39,        48,      1.00,              0.4705,                   0,              0.0221
        39,        49,      1.00,             12.5048,                   0,              0.2794
        39,        50,      1.00,              2.7421,                   0,              0.1103
        39,        51,      1.00,              0.2573,                   0,              0.0074
        39,        52,      1.00,             13.0635,                   0,              0.2647
        39,        53,      1.00,              2.1687,                   0,              0.0147
        39,        54,      1.00,              4.3668,                   0,              0.0882
        39,        55,      1.00,              9.6966,                   0,              0.2279
        39,        56,      1.00,             10.9242,                   0,              0.3308
        39,        57,      1.00,              0.4190,                   0,              0.0147
        39,        58,      1.00,              7.9837,                   0,              0.2352
        39,        59,      1.00,             13.1885,                   0,              0.1838
        39,        60,      1.00,              6.6163,                   0,              0.2352
        39,        61,      1.00,              5.2930,                   0,              0.1764
        39,        62,      1.00,              2.0584,                   0,              0.0441
        39,        63,      1.00,              3.2126,                   0,              0.0735
        39,        64,      1.00,              1.0513,                   0,              0.0588
        39,        65,      1.00,              5.3151,                   0,              0.1544
        39,        66,      1.00,              7.0941,                   0,              0.1029
        39,        67,      1.00,              2.6098,                   0,              0.0662
        39,        68,      1.00,              1.1321,                   0,              0.0221
        39,        69,      1.00,              1.0880,                   0,              0.0956
        39,        70,      1.00,              1.2497,                   0,              0.0294
        39,        71,      1.00,              1.1101,                   0,              0.0294
        39,        72,      1.00,              0.4190,                   0,              0.0074
        39,        73,      1.00,              0.1323,                   0,              0.0515
        39,        74,      1.00,              0.6249,                   0,              0.0147
        39,        75,      1.00,              1.3894,                   0,              0.0735
        39,        76,      1.00,              0.5367,                   0,              0.0441
        39,        77,      1.00,              0.1103,                   0,              0.0294
        39,        79,      1.00,              1.8746,                   0,              0.0588
        39,        80,      1.00,              0.8454,                   0,              0.0294
        39,        81,      1.00,              1.5365,                   0,              0.0294
        39,        82,      1.00,              0.3382,                   0,              0.0221
        39,        83,      1.00,              2.1319,                   0,              0.0956
        39,        84,      1.00,              2.0290,                   0,              0.0662
        39,        85,      1.00,              1.4703,                   0,              0.0588
        39,        86,      1.00,              0.8748,                   0,              0.0368
        39,        87,      1.00,              0.8307,                   0,              0.0147
        39,        88,      1.00,              0.2132,                   0,                   0
        39,        89,      1.00,              0.5146,                   0,                   0
        39,        90,      1.00,              0.3308,                   0,              0.0221
        39,        91,      1.00,              0.0221,                   0,              0.0147
        39,        92,      1.00,              0.8528,                   0,              0.0882
        39,        93,      1.00,              0.4264,                   0,              0.0147
        39,        94,      1.00,              0.0221,                   0,              0.0221
        39,        95,      1.00,              0.5514,                   0,              0.0515
        39,        97,      1.00,              0.3896,                   0,              0.0147
        39,        98,      1.00,              0.2426,                   0,              0.0147
        39,        99,      1.00,              0.2132,                   0,                   0
        39,       100,      1.00,              0.2279,                   0,              0.0735
        39,       101,      1.00,              1.0586,                   0,              0.0294
        39,       102,      1.00,                   0,                   0,              0.0074
        39,       103,      1.00,              0.7351,                   0,              0.0147
        39,       104,      1.00,              0.8307,                   0,              0.0368
        39,       105,      1.00,              0.0074,                   0,              0.0074
        39,       106,      1.00,              0.0074,                   0,              0.0294
        39,       107,      1.00,              0.0074,                   0,              0.0147
        39,       108,      1.00,              0.0074,                   0,                   0
        39,       109,      1.00,              0.0074,                   0,              0.0074
        39,       112,      1.00,             27.1121,                   0,              0.4852
        39,       113,      1.00,                   0,                   0,              0.0074
        39,       114,      1.00,              0.0074,                   0,              0.0074
        39,       115,      1.00,                   0,                   0,              0.0074
        39,       116,      1.00,              0.0074,                   0,              0.0221
        39,       117,      1.00,              0.4264,                   0,              0.0147
        39,       118,      1.00,              0.8307,                   0,              0.0294
        39,       119,      1.00,              0.6396,                   0,              0.0735
        39,       120,      1.00,              0.2279,                   0,              0.0294
        39,       121,      1.00,              0.2352,                   0,              0.0294
        39,       122,      1.00,              0.4264,                   0,              0.0294
        39,       123,      1.00,              0.0147,                   0,              0.0441
        39,       124,      1.00,              0.0147,                   0,              0.0147
        39,       125,      1.00,              0.0074,                   0,              0.0074
        39,       126,      1.00,              0.3308,                   0,              0.0515
        39,       127,      1.00,              0.4190,                   0,              0.0588
        39,       128,      1.00,              0.0368,                   0,              0.0221
        39,       129,      1.00,              0.0809,                   0,              0.0147
        39,       130,      1.00,              0.0515,                   0,              0.0074
        39,       131,      1.00,              0.1103,                   0,              0.0074
        39,       132,      1.00,              0.0882,                   0,              0.0074
        39,       133,      1.00,              0.0588,                   0,              0.0074
        39,       134,      1.00,              0.0735,                   0,                   0
        39,       136,      1.00,              0.0074,                   0,              0.0147
        39,       137,      1.00,              0.2058,                   0,              0.0074
        39,       140,      1.00,              0.0368,                   0,              0.0074
        39,       141,      1.00,              0.0147,                   0,              0.0221
        39,       142,      1.00,              0.2132,                   0,              0.0221
        39,       143,      1.00,              0.1029,                   0,              0.0221
        39,       145,      1.00,              0.0221,                   0,              0.0074
        39,       146,      1.00,              0.0882,                   0,              0.0221
        39,       147,      1.00,              0.0294,                   0,              0.0074
        39,       148,      1.00,              0.0882,                   0,              0.0221
        39,       149,      1.00,              0.1103,                   0,              0.0147
        39,       150,      1.00,              0.1103,                   0,              0.0221
        39,       151,      1.00,              0.0735,                   0,              0.0294
        39,       152,      1.00,              0.0074,                   0,              0.0147
        39,       153,      1.00,              0.0882,                   0,              0.0147
        39,       154,      1.00,              0.1544,                   0,              0.0515
        39,       155,      1.00,              0.1764,                   0,              0.0515
        39,       156,      1.00,                   0,                   0,              0.0074
        39,       157,      1.00,              0.2058,                   0,                   0
        39,       160,      1.00,                   0,                   0,              0.0074
        39,       161,      1.00,              0.0809,                   0,              0.0368
        39,       162,      1.00,              0.4778,                   0,              0.0221
        39,       164,      1.00,              0.2132,                   0,              0.0074
        39,       165,      1.00,              0.1103,                   0,              0.0294
        39,       166,      1.00,              0.1250,                   0,              0.0294
        39,       167,      1.00,              0.0735,                   0,              0.0147
        39,       168,      1.00,              0.0882,                   0,              0.0074
        39,       169,      1.00,              0.0294,                   0,                   0
        39,       170,      1.00,              0.0662,                   0,              0.0074
        39,       172,      1.00,              0.4117,                   0,              0.0074
        39,       173,      1.00,              0.0147,                   0,                   0
        39,       175,      1.00,              0.0294,                   0,              0.0074
        39,       176,      1.00,              0.0147,                   0,                   0
        39,       177,      1.00,              0.0515,                   0,              0.0074
        39,       178,      1.00,              0.0956,                   0,              0.0221
        39,       179,      1.00,              0.0735,                   0,              0.0147
        39,       181,      1.00,              0.0368,                   0,              0.0074
        39,       182,      1.00,              0.1176,                   0,              0.0147
        39,       183,      1.00,              0.0221,                   0,                   0
        39,       185,      1.00,              0.0221,                   0,                   0
        39,       188,      1.00,                   0,                   0,              0.0074
        39,       195,      1.00,              0.0588,                   0,                   0
        39,       208,      1.00,              0.4999,                   0,              0.0221
        39,       209,      1.00,              2.8450,                   0,              0.1176
        39,       210,      1.00,              3.4919,                   0,              0.0735
        39,       212,      1.00,              0.0074,                   0,              0.0074
        39,       213,      1.00,              0.0588,                   0,              0.0074
        39,       217,      1.00,                   0,                   0,              0.0074
        39,       218,      1.00,                   0,                   0,              0.0294
        39,       219,      1.00,                   0,                   0,              0.0441
        39,       222,      1.00,                   0,                   0,              0.0074
        39,       224,      1.00,                   0,                   0,              0.0441
        39,       226,      1.00,                   0,                   0,              0.0368
        40,         1,      1.00,              0.0588,                   0,              0.0147
        40,         2,      1.00,              0.2279,                   0,              0.0221
        40,         3,      1.00,              0.2205,                   0,                   0
        40,         4,      1.00,              0.5661,                   0,              0.0074
        40,         5,      1.00,              0.4705,                   0,              0.0221
        40,         6,      1.00,              0.7425,                   0,              0.0294
        40,         7,      1.00,              1.8820,                   0,              0.0441
        40,         8,      1.00,              4.9402,                   0,              0.1764
        40,         9,      1.00,              1.6835,                   0,              0.0515
        40,        10,      1.00,              0.2058,                   0,                   0
        40,        11,      1.00,              0.4411,                   0,              0.0221
        40,        12,      1.00,              1.9261,                   0,              0.0368
        40,        13,      1.00,              4.9843,                   0,              0.2279
        40,        14,      1.00,              9.9759,                   0,              0.4778
        40,        15,      1.00,             10.6964,                   0,              0.3896
        40,        16,      1.00,              0.2058,                   0,              0.0074
        40,        17,      1.00,              1.1027,                   0,              0.0221
        40,        18,      1.00,              0.7793,                   0,              0.0147
        40,        19,      1.00,              0.3455,                   0,              0.0735
        40,        20,      1.00,              0.1985,                   0,              0.0074
        40,        21,      1.00,                   0,                   0,              0.0147
        40,        22,      1.00,              0.4264,                   0,              0.0074
        40,        23,      1.00,              7.9175,                   0,              0.1764
        40,        24,      1.00,              5.6165,                   0,              0.1911
        40,        25,      1.00,              1.4556,                   0,              0.0441
        40,        26,      1.00,              2.2569,                   0,              0.0882
        40,        27,      1.00,             13.4164,                   0,              0.2132
        40,        28,      1.00,             11.5197,                   0,              0.1985
        40,        29,      1.00,              5.7194,                   0,              0.0809
        40,        30,      1.00,              2.0143,                   0,              0.0662
        40,        31,      1.00,              3.4772,                   0,              0.0882
        40,        32,      1.00,              8.2851,                   0,              0.1470
        40,        33,      1.00,              4.4623,                   0,              0.1764
        40,        34,      1.00,              2.8597,                   0,              0.0441
        40,        35,      1.00,             15.5042,                   0,              0.2720
        40,        36,      1.00,             11.7844,                   0,              0.2941
        40,        37,      1.00,              6.1899,                   0,              0.3235
        40,        38,      1.00,              9.0643,                   0,              0.2205
        40,        39,      1.00,             24.4436,                   0,              0.2941
        40,        40,      1.00,             31.2363,                   0,              0.2132
        40,        41,      1.00,             15.5998,                   0,              0.1838
        40,        42,      1.00,              1.3086,                   0,              0.0221
        40,        43,      1.00,              1.4703,                   0,              0.0882
        40,        44,      1.00,              2.6024,                   0,              0.1544
        40,        45,      1.00,              5.4621,                   0,              0.1029
        40,        46,      1.00,              2.1540,                   0,              0.0368
        40,        47,      1.00,              0.7498,                   0,                   0
        40,        48,      1.00,              0.9189,                   0,              0.0221
        40,        49,      1.00,              8.9908,                   0,              0.2132
        40,        50,      1.00,              5.3298,                   0,              0.1176
        40,        51,      1.00,              0.2132,                   0,                   0
        40,        52,      1.00,             11.0198,                   0,              0.1911
        40,        53,      1.00,              1.0366,                   0,              0.0074
        40,        54,      1.00,              2.8597,                   0,              0.0735
        40,        55,      1.00,              5.5062,                   0,              0.1250
        40,        56,      1.00,             16.7098,                   0,              0.2720
        40,        57,      1.00,              0.6396,                   0,              0.0074
        40,        58,      1.00,             10.2626,                   0,              0.2132
        40,        59,      1.00,              8.1160,                   0,              0.1323
        40,        60,      1.00,              3.4993,                   0,              0.2279
        40,        61,      1.00,              4.4476,                   0,              0.1103
        40,        62,      1.00,              4.2638,                   0,              0.0368
        40,        63,      1.00,              2.1319,                   0,              0.0368
        40,        64,      1.00,              0.0221,                   0,              0.0147
        40,        65,      1.00,              5.2710,                   0,              0.1029
        40,        66,      1.00,              2.7715,                   0,              0.0515
        40,        67,      1.00,              2.0437,                   0,              0.0221
        40,        68,      1.00,              0.3970,                   0,              0.0147
        40,        69,      1.00,              1.1689,                   0,              0.0515
        40,        70,      1.00,              0.4264,                   0,              0.0147
        40,        71,      1.00,              1.8673,                   0,              0.0074
        40,        72,      1.00,              0.5220,                   0,                   0
        40,        73,      1.00,              0.2352,                   0,              0.0074
        40,        74,      1.00,              0.2132,                   0,                   0
        40,        75,      1.00,              0.9851,                   0,              0.0147
        40,        76,      1.00,              1.1468,                   0,              0.0074
        40,        77,      1.00,              0.3161,                   0,              0.0147
        40,        79,      1.00,              0.5367,                   0,              0.0147
        40,        80,      1.00,              1.0071,                   0,              0.0074
        40,        81,      1.00,              1.7790,                   0,                   0
        40,        82,      1.00,              0.7131,                   0,                   0
        40,        83,      1.00,              1.2718,                   0,              0.0147
        40,        84,      1.00,              1.2203,                   0,              0.0147
        40,        85,      1.00,              2.1246,                   0,              0.0147
        40,        86,      1.00,              0.7719,                   0,              0.0074
        40,        87,      1.00,              0.4190,                   0,                   0
        40,        88,      1.00,              0.0074,                   0,                   0
        40,        89,      1.00,              0.2058,                   0,                   0
        40,        90,      1.00,              0.0294,                   0,              0.0074
        40,        91,      1.00,              0.2279,                   0,                   0
        40,        92,      1.00,              1.0586,                   0,              0.0294
        40,        93,      1.00,              0.0147,                   0,                   0
        40,        94,      1.00,              0.0221,                   0,                   0
        40,        95,      1.00,              0.9630,                   0,              0.0147
        40,        96,      1.00,              0.2058,                   0,                   0
        40,        97,      1.00,              0.6837,                   0,                   0
        40,        98,      1.00,              0.3602,                   0,                   0
        40,        99,      1.00,              0.6249,                   0,                   0
        40,       100,      1.00,              0.6322,                   0,              0.0221
        40,       101,      1.00,              0.4411,                   0,              0.0074
        40,       103,      1.00,              0.9410,                   0,              0.0074
        40,       104,      1.00,              0.4264,                   0,                   0
        40,       105,      1.00,              0.2132,                   0,                   0
        40,       106,      1.00,              0.4190,                   0,              0.0147
        40,       107,      1.00,              0.0074,                   0,              0.0074
        40,       108,      1.00,              0.0074,                   0,                   0
        40,       109,      1.00,              0.0074,                   0,                   0
        40,       112,      1.00,             44.1087,                   0,              0.4705
        40,       113,      1.00,              0.2058,                   0,              0.0074
        40,       114,      1.00,              0.2132,                   0,                   0
        40,       116,      1.00,              0.0074,                   0,              0.0221
        40,       117,      1.00,              0.3235,                   0,              0.0074
        40,       118,      1.00,              0.4264,                   0,              0.0147
        40,       119,      1.00,              0.2352,                   0,              0.0368
        40,       120,      1.00,              0.3235,                   0,              0.0074
        40,       121,      1.00,              0.2058,                   0,              0.0074
        40,       122,      1.00,              0.2205,                   0,              0.0074
        40,       123,      1.00,              0.0147,                   0,              0.0221
        40,       124,      1.00,              0.0221,                   0,                   0
        40,       125,      1.00,              0.1176,                   0,                   0
        40,       126,      1.00,              0.2499,                   0,              0.0368
        40,       127,      1.00,              0.5220,                   0,              0.0147
        40,       128,      1.00,              0.0294,                   0,              0.0147
        40,       129,      1.00,              0.0441,                   0,              0.0074
        40,       130,      1.00,              0.0515,                   0,                   0
        40,       131,      1.00,              0.0074,                   0,                   0
        40,       132,      1.00,              0.0588,                   0,                   0
        40,       133,      1.00,              0.0074,                   0,                   0
        40,       134,      1.00,              0.0515,                   0,                   0
        40,       135,      1.00,              0.2058,                   0,                   0
        40,       136,      1.00,              0.3823,                   0,              0.0074
        40,       137,      1.00,              0.0368,                   0,              0.0074
        40,       140,      1.00,              0.0735,                   0,                   0
        40,       141,      1.00,              0.1691,                   0,              0.0074
        40,       142,      1.00,              0.0074,                   0,              0.0147
        40,       143,      1.00,              0.1250,                   0,              0.0147
        40,       144,      1.00,              0.0441,                   0,                   0
        40,       145,      1.00,              0.0735,                   0,              0.0074
        40,       146,      1.00,              0.0588,                   0,              0.0147
        40,       147,      1.00,              0.0147,                   0,              0.0074
        40,       148,      1.00,              0.1691,                   0,              0.0074
        40,       149,      1.00,              0.0662,                   0,              0.0074
        40,       150,      1.00,              0.0294,                   0,              0.0221
        40,       151,      1.00,              0.0368,                   0,              0.0221
        40,       152,      1.00,              0.0294,                   0,              0.0147
        40,       153,      1.00,              0.0294,                   0,              0.0074
        40,       154,      1.00,              0.1176,                   0,              0.0368
        40,       155,      1.00,              0.0735,                   0,              0.0294
        40,       156,      1.00,              0.0221,                   0,                   0
        40,       161,      1.00,              0.0735,                   0,              0.0294
        40,       162,      1.00,              0.1470,                   0,              0.0147
        40,       164,      1.00,              0.0441,                   0,              0.0074
        40,       165,      1.00,              0.0147,                   0,              0.0221
        40,       166,      1.00,              0.0809,                   0,              0.0221
        40,       167,      1.00,              0.0074,                   0,              0.0147
        40,       168,      1.00,                   0,                   0,              0.0074
        40,       169,      1.00,              0.0147,                   0,                   0
        40,       170,      1.00,              0.0221,                   0,              0.0074
        40,       177,      1.00,              0.0294,                   0,              0.0074
        40,       178,      1.00,              0.0515,                   0,              0.0147
        40,       179,      1.00,              0.0515,                   0,              0.0147
        40,       182,      1.00,              0.1323,                   0,              0.0074
        40,       184,      1.00,              0.0809,                   0,                   0
        40,       185,      1.00,              0.0221,                   0,                   0
        40,       187,      1.00,              0.2058,                   0,                   0
        40,       205,      1.00,              0.2058,                   0,                   0
        40,       208,      1.00,              0.3455,                   0,              0.0074
        40,       209,      1.00,              3.0361,                   0,              0.0368
        40,       210,      1.00,              3.7419,                   0,              0.0147
        40,       212,      1.00,              0.1250,                   0,                   0
        40,       213,      1.00,              0.1397,                   0,              0.0074
        40,       217,      1.00,                   0,                   0,              0.0074
        40,       218,      1.00,                   0,                   0,              0.0294
        40,       219,      1.00,                   0,                   0,              0.0368
        40,       224,      1.00,                   0,                   0,              0.0368
        40,       226,      1.00,                   0,                   0,              0.0294
        41,         1,      1.00,              0.1103,                   0,              0.0221
        41,         2,      1.00,              0.2132,                   0,              0.0441
        41,         3,      1.00,                   0,                   0,              0.0221
        41,         4,      1.00,              0.1764,                   0,              0.0294
        41,         5,      1.00,              0.1838,                   0,              0.0368
        41,         6,      1.00,              1.1027,                   0,              0.0588
        41,         7,      1.00,              1.2571,                   0,              0.0882
        41,         8,      1.00,              3.0876,                   0,              0.2058
        41,         9,      1.00,              1.7938,                   0,              0.0735
        41,        10,      1.00,              0.2058,                   0,              0.0074
        41,        11,      1.00,              1.0807,                   0,              0.0515
        41,        12,      1.00,              1.7864,                   0,              0.1764
        41,        13,      1.00,              6.1238,                   0,              0.4705
        41,        14,      1.00,              9.5054,                   0,              0.6102
        41,        15,      1.00,              7.0721,                   0,              0.2794
        41,        16,      1.00,              0.6175,                   0,              0.0074
        41,        17,      1.00,              1.0071,                   0,              0.0147
        41,        18,      1.00,              0.6690,                   0,              0.0221
        41,        19,      1.00,              0.4411,                   0,              0.0294
        41,        20,      1.00,              0.6616,                   0,              0.0147
        41,        21,      1.00,              0.4117,                   0,              0.0147
        41,        22,      1.00,              0.6175,                   0,                   0
        41,        23,      1.00,              9.4466,                   0,              0.2941
        41,        24,      1.00,              2.8009,                   0,              0.1985
        41,        25,      1.00,              0.5881,                   0,              0.0147
        41,        26,      1.00,              3.2273,                   0,              0.0588
        41,        27,      1.00,              6.9398,                   0,              0.1544
        41,        28,      1.00,              5.4768,                   0,              0.1323
        41,        29,      1.00,              1.8746,                   0,              0.0882
        41,        30,      1.00,              1.2203,                   0,              0.0368
        41,        31,      1.00,              2.0511,                   0,              0.0515
        41,        32,      1.00,              6.6310,                   0,              0.2647
        41,        33,      1.00,              6.4325,                   0,              0.2279
        41,        34,      1.00,              1.8820,                   0,              0.0588
        41,        35,      1.00,             54.0846,                   0,              0.8234
        41,        36,      1.00,             18.2316,                   0,              0.5293
        41,        37,      1.00,              6.0796,                   0,              0.2867
        41,        38,      1.00,              5.8297,                   0,              0.1544
        41,        39,      1.00,              9.7260,                   0,              0.1911
        41,        40,      1.00,             11.6153,                   0,              0.1838
        41,        41,      1.00,            184.4698,                   0,              0.9630
        41,        42,      1.00,              3.5581,                   0,              0.2352
        41,        43,      1.00,              5.1534,                   0,              0.1985
        41,        44,      1.00,             13.2253,                   0,              0.6102
        41,        45,      1.00,             65.9939,                   0,              1.4776
        41,        46,      1.00,              6.7486,                   0,              0.4778
        41,        47,      1.00,              1.0954,                   0,              0.0147
        41,        48,      1.00,              0.2352,                   0,              0.0294
        41,        49,      1.00,              5.7488,                   0,              0.1911
        41,        50,      1.00,              1.3674,                   0,              0.1691
        41,        51,      1.00,              0.2867,                   0,              0.0074
        41,        52,      1.00,             14.5706,                   0,              0.4337
        41,        53,      1.00,              0.8307,                   0,              0.0147
        41,        54,      1.00,              5.2489,                   0,              0.1250
        41,        55,      1.00,             12.7695,                   0,              0.5881
        41,        56,      1.00,             56.3415,                   0,              0.7866
        41,        57,      1.00,              2.1466,                   0,              0.0294
        41,        58,      1.00,             53.0333,                   0,              1.2865
        41,        59,      1.00,              5.6092,                   0,              0.1250
        41,        60,      1.00,              5.5577,                   0,              0.2426
        41,        61,      1.00,              5.2710,                   0,              0.1397
        41,        62,      1.00,              3.4258,                   0,              0.1691
        41,        63,      1.00,              2.1981,                   0,              0.0588
        41,        64,      1.00,              0.7498,                   0,              0.0441
        41,        65,      1.00,              7.5205,                   0,              0.3749
        41,        66,      1.00,              5.1240,                   0,              0.3382
        41,        67,      1.00,              3.7566,                   0,              0.1103
        41,        68,      1.00,              1.4335,                   0,              0.0588
        41,        69,      1.00,              3.0435,                   0,              0.1544
        41,        70,      1.00,              2.3892,                   0,              0.0441
        41,        71,      1.00,              2.3010,                   0,              0.0221
        41,        72,      1.00,              0.8895,                   0,              0.0147
        41,        73,      1.00,              0.2426,                   0,              0.0368
        41,        74,      1.00,              0.4852,                   0,              0.0221
        41,        75,      1.00,              2.2275,                   0,              0.0882
        41,        76,      1.00,              2.3451,                   0,              0.0441
        41,        77,      1.00,              0.6469,                   0,              0.0221
        41,        79,      1.00,              1.1762,                   0,              0.0588
        41,        80,      1.00,              1.3600,                   0,              0.0441
        41,        81,      1.00,              5.2857,                   0,              0.0735
        41,        82,      1.00,              0.9263,                   0,              0.0221
        41,        83,      1.00,              1.6026,                   0,              0.1103
        41,        84,      1.00,              1.6467,                   0,              0.0735
        41,        85,      1.00,              2.5510,                   0,              0.0735
        41,        86,      1.00,              1.0880,                   0,              0.0515
        41,        87,      1.00,              0.2132,                   0,              0.0074
        41,        88,      1.00,              0.0074,                   0,              0.0074
        41,        89,      1.00,              0.2132,                   0,              0.0074
        41,        90,      1.00,              1.1248,                   0,              0.0368
        41,        91,      1.00,              0.6396,                   0,              0.0221
        41,        92,      1.00,              1.0660,                   0,              0.0882
        41,        93,      1.00,              0.2205,                   0,              0.0221
        41,        94,      1.00,              0.2352,                   0,              0.0294
        41,        95,      1.00,              1.5438,                   0,              0.0956
        41,        96,      1.00,              0.1029,                   0,                   0
        41,        97,      1.00,              0.1911,                   0,              0.0074
        41,        98,      1.00,              1.0145,                   0,              0.0074
        41,        99,      1.00,              0.5220,                   0,              0.0074
        41,       100,      1.00,              1.3159,                   0,              0.0441
        41,       101,      1.00,              0.6543,                   0,              0.0441
        41,       102,      1.00,              0.2058,                   0,                   0
        41,       103,      1.00,              2.0731,                   0,              0.0294
        41,       104,      1.00,              0.4264,                   0,              0.0147
        41,       105,      1.00,              0.6249,                   0,              0.0074
        41,       106,      1.00,              0.2132,                   0,              0.0368
        41,       107,      1.00,              0.7278,                   0,              0.0147
        41,       108,      1.00,              0.0074,                   0,              0.0074
        41,       109,      1.00,              0.1103,                   0,              0.0221
        41,       111,      1.00,                   0,                   0,              0.0074
        41,       112,      1.00,             61.3111,                   0,              0.5808
        41,       113,      1.00,              0.2058,                   0,              0.0074
        41,       114,      1.00,              0.8307,                   0,              0.0074
        41,       115,      1.00,                   0,                   0,              0.0074
        41,       116,      1.00,              0.2132,                   0,              0.0294
        41,       117,      1.00,              0.2205,                   0,              0.0221
        41,       118,      1.00,              0.9410,                   0,              0.0515
        41,       119,      1.00,              0.6396,                   0,              0.0735
        41,       120,      1.00,              1.2497,                   0,              0.0368
        41,       121,      1.00,              0.3529,                   0,              0.0662
        41,       122,      1.00,              0.6322,                   0,              0.0515
        41,       123,      1.00,              0.6322,                   0,              0.0662
        41,       124,      1.00,              0.0221,                   0,              0.0368
        41,       125,      1.00,              0.6322,                   0,              0.0147
        41,       126,      1.00,              0.4484,                   0,              0.1103
        41,       127,      1.00,              0.9704,                   0,              0.1029
        41,       128,      1.00,              0.1470,                   0,              0.0441
        41,       129,      1.00,              0.0882,                   0,              0.0441
        41,       130,      1.00,              0.1617,                   0,              0.0221
        41,       131,      1.00,              0.0147,                   0,              0.0147
        41,       132,      1.00,              0.0956,                   0,              0.0221
        41,       133,      1.00,              0.0882,                   0,              0.0221
        41,       134,      1.00,              0.0515,                   0,              0.0147
        41,       135,      1.00,              0.0074,                   0,              0.0147
        41,       136,      1.00,              0.0074,                   0,              0.0221
        41,       137,      1.00,              0.0662,                   0,              0.0147
        41,       138,      1.00,              0.1029,                   0,              0.0074
        41,       139,      1.00,                   0,                   0,              0.0074
        41,       140,      1.00,              0.0441,                   0,              0.0368
        41,       141,      1.00,              0.3676,                   0,              0.0441
        41,       142,      1.00,              0.0074,                   0,              0.0294
        41,       143,      1.00,              0.2794,                   0,              0.0441
        41,       144,      1.00,              0.0588,                   0,              0.0074
        41,       145,      1.00,              0.0735,                   0,              0.0221
        41,       146,      1.00,              0.2426,                   0,              0.0588
        41,       147,      1.00,              0.0441,                   0,              0.0294
        41,       148,      1.00,              0.1250,                   0,              0.0441
        41,       149,      1.00,              0.0735,                   0,              0.0368
        41,       150,      1.00,              0.2426,                   0,              0.0368
        41,       151,      1.00,              0.1838,                   0,              0.0588
        41,       152,      1.00,              0.0294,                   0,              0.0294
        41,       153,      1.00,              0.0956,                   0,              0.0221
        41,       154,      1.00,              0.2573,                   0,              0.0809
        41,       155,      1.00,              0.1985,                   0,              0.0809
        41,       156,      1.00,              0.0221,                   0,              0.0074
        41,       157,      1.00,                   0,                   0,              0.0074
        41,       159,      1.00,                   0,                   0,              0.0074
        41,       160,      1.00,              0.0735,                   0,              0.0147
        41,       161,      1.00,              0.1323,                   0,              0.0588
        41,       162,      1.00,              0.2205,                   0,              0.0294
        41,       164,      1.00,              0.0882,                   0,              0.0221
        41,       165,      1.00,              0.1176,                   0,              0.0441
        41,       166,      1.00,              0.1617,                   0,              0.0515
        41,       167,      1.00,              0.0956,                   0,              0.0294
        41,       168,      1.00,              0.0956,                   0,              0.0147
        41,       169,      1.00,              0.0147,                   0,              0.0074
        41,       170,      1.00,              0.0441,                   0,              0.0515
        41,       172,      1.00,              0.3088,                   0,              0.0221
        41,       174,      1.00,              0.0735,                   0,              0.0147
        41,       175,      1.00,              0.1176,                   0,              0.0221
        41,       177,      1.00,              0.1617,                   0,              0.0221
        41,       178,      1.00,              0.0735,                   0,              0.0368
        41,       179,      1.00,              0.2426,                   0,              0.0441
        41,       181,      1.00,              0.0294,                   0,              0.0074
        41,       182,      1.00,              0.3382,                   0,              0.0147
        41,       183,      1.00,              0.0515,                   0,              0.0074
        41,       184,      1.00,              0.0221,                   0,                   0
        41,       185,      1.00,              0.0956,                   0,                   0
        41,       188,      1.00,              0.3088,                   0,              0.0074
        41,       189,      1.00,              0.0588,                   0,                   0
        41,       208,      1.00,              0.7572,                   0,              0.0368
        41,       209,      1.00,             14.4309,                   0,              0.6175
        41,       210,      1.00,              4.7417,                   0,              0.0515
        41,       211,      1.00,              0.0074,                   0,              0.0074
        41,       212,      1.00,              0.2132,                   0,                   0
        41,       213,      1.00,              0.2132,                   0,              0.0147
        41,       217,      1.00,                   0,                   0,              0.0074
        41,       218,      1.00,                   0,                   0,              0.0221
        41,       219,      1.00,                   0,                   0,              0.0294
        41,       224,      1.00,                   0,                   0,              0.0515
        41,       226,      1.00,                   0,                   0,              0.0368
        42,         1,      1.00,              0.1029,                   0,                   0
        42,         2,      1.00,              0.2058,                   0,                   0
        42,         3,      1.00,              0.1176,                   0,                   0
        42,         4,      1.00,              0.0882,                   0,                   0
        42,         6,      1.00,              0.0735,                   0,              0.0074
        42,         7,      1.00,              0.4411,                   0,              0.0074
        42,         8,      1.00,              0.1470,                   0,              0.0074
        42,         9,      1.00,              0.1617,                   0,              0.0074
        42,        10,      1.00,              0.1029,                   0,                   0
        42,        11,      1.00,              0.0147,                   0,                   0
        42,        12,      1.00,              0.2352,                   0,              0.0074
        42,        13,      1.00,              0.9116,                   0,              0.0221
        42,        14,      1.00,              0.6322,                   0,              0.0515
        42,        15,      1.00,              0.3161,                   0,              0.0368
        42,        17,      1.00,              0.3088,                   0,                   0
        42,        23,      1.00,              0.3161,                   0,              0.0294
        42,        24,      1.00,              0.4190,                   0,              0.0294
        42,        26,      1.00,              0.2720,                   0,              0.0074
        42,        27,      1.00,              0.4778,                   0,              0.0221
        42,        28,      1.00,              1.2424,                   0,              0.0368
        42,        29,      1.00,              0.2058,                   0,              0.0147
        42,        30,      1.00,              0.4117,                   0,              0.0074
        42,        31,      1.00,              0.2058,                   0,              0.0074
        42,        32,      1.00,              1.4409,                   0,              0.0294
        42,        33,      1.00,              0.2720,                   0,              0.0368
        42,        34,      1.00,                   0,                   0,              0.0074
        42,        35,      1.00,              0.2794,                   0,              0.0441
        42,        36,      1.00,              0.6249,                   0,              0.0515
        42,        37,      1.00,              0.3823,                   0,              0.0294
        42,        38,      1.00,              0.4778,                   0,              0.0147
        42,        39,      1.00,              1.7202,                   0,              0.0368
        42,        40,      1.00,              1.2718,                   0,              0.0221
        42,        41,      1.00,              2.0952,                   0,              0.2352
        42,        42,      1.00,              5.6533,                   0,              0.0074
        42,        43,      1.00,              2.7347,                   0,              0.0221
        42,        44,      1.00,              3.1832,                   0,              0.0441
        42,        45,      1.00,              7.4691,                   0,              0.1764
        42,        46,      1.00,              1.9481,                   0,              0.0294
        42,        47,      1.00,              0.6322,                   0,                   0
        42,        48,      1.00,              0.0588,                   0,              0.0147
        42,        49,      1.00,              1.1101,                   0,              0.0294
        42,        50,      1.00,              0.3529,                   0,              0.0735
        42,        51,      1.00,              0.0809,                   0,                   0
        42,        52,      1.00,              4.1536,                   0,              0.0368
        42,        53,      1.00,              0.2058,                   0,                   0
        42,        54,      1.00,              0.4778,                   0,              0.0147
        42,        55,      1.00,              8.4248,                   0,              0.0515
        42,        56,      1.00,              4.2565,                   0,              0.1764
        42,        57,      1.00,              0.1617,                   0,              0.0074
        42,        58,      1.00,              9.4540,                   0,              0.1250
        42,        59,      1.00,              1.0954,                   0,              0.0147
        42,        60,      1.00,              2.3672,                   0,              0.0294
        42,        61,      1.00,              1.6100,                   0,              0.0147
        42,        62,      1.00,              0.6837,                   0,              0.0221
        42,        63,      1.00,              0.7204,                   0,              0.0074
        42,        64,      1.00,              0.0074,                   0,              0.0074
        42,        65,      1.00,              1.3453,                   0,              0.0588
        42,        66,      1.00,              1.6908,                   0,              0.0368
        42,        67,      1.00,              1.4188,                   0,              0.0221
        42,        68,      1.00,              0.9630,                   0,              0.0147
        42,        69,      1.00,              0.3161,                   0,              0.0368
        42,        70,      1.00,              1.1101,                   0,              0.0074
        42,        71,      1.00,              0.2058,                   0,                   0
        42,        72,      1.00,              0.3088,                   0,                   0
        42,        73,      1.00,              0.2132,                   0,              0.0074
        42,        74,      1.00,              0.1029,                   0,              0.0074
        42,        75,      1.00,              0.3161,                   0,              0.0221
        42,        76,      1.00,              0.4117,                   0,              0.0074
        42,        79,      1.00,              0.4117,                   0,              0.0147
        42,        80,      1.00,              0.4117,                   0,              0.0074
        42,        81,      1.00,              0.8895,                   0,              0.0074
        42,        82,      1.00,              0.4778,                   0,              0.0074
        42,        83,      1.00,              1.1468,                   0,              0.0221
        42,        84,      1.00,              1.3086,                   0,              0.0147
        42,        85,      1.00,              1.6541,                   0,              0.0147
        42,        86,      1.00,              0.2132,                   0,              0.0147
        42,        88,      1.00,              0.2647,                   0,                   0
        42,        90,      1.00,              0.0074,                   0,              0.0074
        42,        91,      1.00,                   0,                   0,              0.0074
        42,        92,      1.00,              0.4190,                   0,              0.0221
        42,        93,      1.00,              0.0662,                   0,              0.0074
        42,        94,      1.00,              0.0074,                   0,              0.0074
        42,        95,      1.00,              0.2132,                   0,              0.0221
        42,        98,      1.00,              0.2058,                   0,                   0
        42,       100,      1.00,              0.1029,                   0,                   0
        42,       101,      1.00,              0.0074,                   0,              0.0147
        42,       103,      1.00,                   0,                   0,              0.0074
        42,       106,      1.00,                   0,                   0,              0.0074
        42,       107,      1.00,              0.2058,                   0,                   0
        42,       109,      1.00,                   0,                   0,              0.0074
        42,       112,      1.00,              4.6608,                   0,              0.3896
        42,       116,      1.00,                   0,                   0,              0.0074
        42,       118,      1.00,                   0,                   0,              0.0074
        42,       119,      1.00,              0.4117,                   0,              0.0147
        42,       120,      1.00,              0.2058,                   0,              0.0074
        42,       121,      1.00,              0.0074,                   0,              0.0147
        42,       122,      1.00,              0.4117,                   0,              0.0074
        42,       123,      1.00,              0.2058,                   0,              0.0147
        42,       124,      1.00,                   0,                   0,              0.0147
        42,       125,      1.00,                   0,                   0,              0.0074
        42,       126,      1.00,              0.1397,                   0,              0.0294
        42,       127,      1.00,              0.1985,                   0,              0.0221
        42,       128,      1.00,              0.0515,                   0,              0.0074
        42,       129,      1.00,              0.0735,                   0,              0.0074
        42,       130,      1.00,              0.0221,                   0,                   0
        42,       131,      1.00,                   0,                   0,              0.0074
        42,       132,      1.00,              0.0074,                   0,                   0
        42,       133,      1.00,                   0,                   0,              0.0074
        42,       134,      1.00,                   0,                   0,              0.0074
        42,       135,      1.00,                   0,                   0,              0.0074
        42,       140,      1.00,              0.0809,                   0,              0.0074
        42,       141,      1.00,              0.0515,                   0,              0.0074
        42,       143,      1.00,              0.0441,                   0,              0.0074
        42,       145,      1.00,              0.0147,                   0,                   0
        42,       146,      1.00,              0.0515,                   0,              0.0147
        42,       147,      1.00,                   0,                   0,              0.0074
        42,       148,      1.00,              0.0956,                   0,              0.0074
        42,       149,      1.00,              0.0441,                   0,                   0
        42,       150,      1.00,              0.0588,                   0,              0.0074
        42,       151,      1.00,              0.0294,                   0,              0.0074
        42,       152,      1.00,                   0,                   0,              0.0074
        42,       154,      1.00,              0.0294,                   0,              0.0147
        42,       155,      1.00,              0.0515,                   0,              0.0074
        42,       161,      1.00,              0.0221,                   0,              0.0074
        42,       162,      1.00,              0.0515,                   0,              0.0074
        42,       164,      1.00,              0.0074,                   0,                   0
        42,       165,      1.00,              0.0221,                   0,              0.0074
        42,       166,      1.00,              0.0882,                   0,              0.0074
        42,       167,      1.00,              0.0294,                   0,                   0
        42,       170,      1.00,              0.0221,                   0,              0.0147
        42,       172,      1.00,                   0,                   0,              0.0074
        42,       175,      1.00,              0.0221,                   0,                   0
        42,       177,      1.00,              0.0221,                   0,                   0
        42,       179,      1.00,              0.0147,                   0,              0.0074
        42,       181,      1.00,              0.0441,                   0,                   0
        42,       182,      1.00,              0.0221,                   0,                   0
        42,       185,      1.00,              0.0441,                   0,                   0
        42,       186,      1.00,              0.0221,                   0,                   0
        42,       208,      1.00,              0.2058,                   0,                   0
        42,       209,      1.00,              5.0357,                   0,              0.0662
        42,       210,      1.00,              3.1611,                   0,              0.0147
        42,       213,      1.00,              0.0515,                   0,                   0
        42,       219,      1.00,                   0,                   0,              0.0074
        42,       224,      1.00,                   0,                   0,              0.0074
        42,       226,      1.00,                   0,                   0,              0.0074
        43,         1,      1.00,              0.2058,                   0,                   0
        43,         5,      1.00,                   0,                   0,              0.0074
        43,         6,      1.00,              0.2720,                   0,              0.0074
        43,         7,      1.00,              0.4558,                   0,              0.0074
        43,         8,      1.00,              0.2058,                   0,              0.0074
        43,         9,      1.00,              0.2720,                   0,              0.0074
        43,        11,      1.00,              0.2279,                   0,                   0
        43,        12,      1.00,              0.4190,                   0,              0.0074
        43,        13,      1.00,              0.3970,                   0,              0.0147
        43,        14,      1.00,              1.3600,                   0,              0.0221
        43,        15,      1.00,              1.9849,                   0,              0.0662
        43,        17,      1.00,              0.3676,                   0,                   0
        43,        19,      1.00,                   0,                   0,              0.0074
        43,        20,      1.00,              0.2058,                   0,                   0
        43,        21,      1.00,                   0,                   0,              0.0074
        43,        23,      1.00,              0.2205,                   0,              0.0074
        43,        24,      1.00,              0.3161,                   0,              0.0074
        43,        25,      1.00,              0.1029,                   0,                   0
        43,        26,      1.00,              0.6175,                   0,              0.0147
        43,        27,      1.00,              1.4556,                   0,              0.0441
        43,        28,      1.00,              2.2937,                   0,              0.0662
        43,        29,      1.00,              0.6249,                   0,              0.0221
        43,        30,      1.00,              0.6249,                   0,              0.0074
        43,        31,      1.00,              0.8528,                   0,              0.0147
        43,        32,      1.00,              3.7272,                   0,              0.0441
        43,        33,      1.00,              2.4407,                   0,              0.0515
        43,        34,      1.00,              0.7866,                   0,              0.0074
        43,        35,      1.00,              0.9189,                   0,              0.0294
        43,        36,      1.00,              0.5514,                   0,              0.0515
        43,        37,      1.00,              0.6469,                   0,              0.0221
        43,        38,      1.00,              0.8381,                   0,              0.0221
        43,        39,      1.00,              1.0145,                   0,              0.1029
        43,        40,      1.00,              0.6469,                   0,              0.0882
        43,        41,      1.00,              3.8595,                   0,              0.1985
        43,        42,      1.00,              2.0805,                   0,              0.0221
        43,        43,      1.00,             11.6006,                   0,              0.0294
        43,        44,      1.00,              8.1086,                   0,              0.0735
        43,        45,      1.00,              7.1015,                   0,              0.2499
        43,        46,      1.00,              3.3376,                   0,              0.0441
        43,        47,      1.00,              2.5215,                   0,              0.0147
        43,        48,      1.00,              0.0294,                   0,              0.0221
        43,        49,      1.00,              2.2569,                   0,              0.0588
        43,        50,      1.00,              0.1838,                   0,              0.1250
        43,        51,      1.00,              0.1103,                   0,                   0
        43,        52,      1.00,              5.6974,                   0,              0.0809
        43,        53,      1.00,              0.3088,                   0,                   0
        43,        54,      1.00,              3.6022,                   0,              0.0221
        43,        55,      1.00,             15.3939,                   0,              0.0882
        43,        56,      1.00,              2.8083,                   0,              0.2499
        43,        57,      1.00,              0.1103,                   0,              0.0074
        43,        58,      1.00,              6.8589,                   0,              0.1617
        43,        59,      1.00,              2.1687,                   0,              0.0221
        43,        60,      1.00,              4.5138,                   0,              0.0588
        43,        61,      1.00,              1.5217,                   0,              0.0588
        43,        62,      1.00,              4.2859,                   0,              0.0588
        43,        63,      1.00,              0.8307,                   0,              0.0294
        43,        64,      1.00,              0.8381,                   0,              0.0221
        43,        65,      1.00,              5.2048,                   0,              0.1617
        43,        66,      1.00,              8.6085,                   0,              0.0515
        43,        67,      1.00,              5.3004,                   0,              0.1176
        43,        68,      1.00,              2.2275,                   0,              0.0662
        43,        69,      1.00,              5.6753,                   0,              0.0956
        43,        70,      1.00,              3.9771,                   0,              0.0147
        43,        71,      1.00,              4.6755,                   0,              0.0221
        43,        72,      1.00,              1.3600,                   0,              0.0294
        43,        73,      1.00,              0.2205,                   0,              0.0221
        43,        74,      1.00,              0.8307,                   0,              0.0147
        43,        75,      1.00,              1.2792,                   0,              0.0294
        43,        76,      1.00,              0.8307,                   0,              0.0221
        43,        77,      1.00,              0.9263,                   0,              0.0294
        43,        79,      1.00,              0.8307,                   0,              0.0735
        43,        80,      1.00,              1.8599,                   0,              0.0368
        43,        81,      1.00,              1.7276,                   0,              0.0074
        43,        82,      1.00,              0.9998,                   0,              0.0074
        43,        83,      1.00,              2.3598,                   0,              0.0588
        43,        84,      1.00,              2.2716,                   0,              0.0368
        43,        85,      1.00,              1.6982,                   0,              0.0221
        43,        86,      1.00,              1.2792,                   0,              0.0294
        43,        87,      1.00,              0.2720,                   0,              0.0147
        43,        88,      1.00,              0.3088,                   0,                   0
        43,        89,      1.00,              0.2279,                   0,                   0
        43,        90,      1.00,              0.5072,                   0,              0.0147
        43,        91,      1.00,              1.0366,                   0,              0.0074
        43,        92,      1.00,              0.3235,                   0,              0.0515
        43,        93,      1.00,              0.6249,                   0,              0.0074
        43,        94,      1.00,              0.4190,                   0,              0.0074
        43,        95,      1.00,              0.1176,                   0,              0.0294
        43,        96,      1.00,              0.0662,                   0,              0.0221
        43,        97,      1.00,              0.0809,                   0,                   0
        43,        98,      1.00,              0.0956,                   0,                   0
        43,        99,      1.00,              0.2058,                   0,                   0
        43,       100,      1.00,              1.0366,                   0,              0.0147
        43,       101,      1.00,              0.8381,                   0,              0.0221
        43,       102,      1.00,              0.2058,                   0,                   0
        43,       103,      1.00,              1.4482,                   0,              0.0074
        43,       104,      1.00,              0.4190,                   0,              0.0441
        43,       105,      1.00,              0.2058,                   0,                   0
        43,       106,      1.00,              1.1321,                   0,              0.0074
        43,       107,      1.00,              0.0074,                   0,              0.0074
        43,       109,      1.00,                   0,                   0,              0.0074
        43,       110,      1.00,              0.2058,                   0,                   0
        43,       111,      1.00,              0.1029,                   0,                   0
        43,       112,      1.00,              2.9700,                   0,              0.2720
        43,       113,      1.00,              0.2058,                   0,                   0
        43,       114,      1.00,              0.6175,                   0,                   0
        43,       116,      1.00,                   0,                   0,              0.0074
        43,       117,      1.00,              0.0662,                   0,              0.0074
        43,       118,      1.00,              0.9924,                   0,              0.0147
        43,       119,      1.00,              0.8307,                   0,              0.0368
        43,       120,      1.00,              0.2794,                   0,              0.0147
        43,       121,      1.00,              0.2205,                   0,              0.0294
        43,       122,      1.00,              0.6249,                   0,              0.0221
        43,       123,      1.00,              0.0074,                   0,              0.0294
        43,       124,      1.00,              0.0074,                   0,              0.0221
        43,       125,      1.00,              0.2132,                   0,              0.0074
        43,       126,      1.00,              0.3088,                   0,              0.0735
        43,       127,      1.00,              0.5955,                   0,              0.0515
        43,       128,      1.00,              0.1029,                   0,              0.0221
        43,       129,      1.00,              0.0735,                   0,              0.0368
        43,       130,      1.00,              0.0515,                   0,              0.0147
        43,       131,      1.00,              0.0074,                   0,              0.0074
        43,       132,      1.00,              0.0221,                   0,              0.0074
        43,       133,      1.00,              0.0809,                   0,              0.0147
        43,       134,      1.00,                   0,                   0,              0.0074
        43,       135,      1.00,              0.2647,                   0,                   0
        43,       136,      1.00,                   0,                   0,              0.0074
        43,       139,      1.00,                   0,                   0,              0.0074
        43,       140,      1.00,              0.0882,                   0,              0.0221
        43,       141,      1.00,              0.1397,                   0,              0.0147
        43,       142,      1.00,                   0,                   0,              0.0074
        43,       143,      1.00,              0.1617,                   0,              0.0147
        43,       144,      1.00,              0.0368,                   0,                   0
        43,       145,      1.00,              0.0515,                   0,              0.0074
        43,       146,      1.00,              0.0441,                   0,              0.0221
        43,       147,      1.00,              0.0294,                   0,              0.0074
        43,       148,      1.00,              0.1397,                   0,              0.0147
        43,       149,      1.00,              0.0515,                   0,              0.0074
        43,       150,      1.00,              0.0074,                   0,              0.0147
        43,       151,      1.00,              0.0294,                   0,              0.0368
        43,       152,      1.00,              0.0294,                   0,              0.0074
        43,       153,      1.00,                   0,                   0,              0.0074
        43,       154,      1.00,              0.0294,                   0,              0.0294
        43,       155,      1.00,              0.0515,                   0,              0.0515
        43,       160,      1.00,                   0,                   0,              0.0074
        43,       161,      1.00,              0.0588,                   0,              0.0147
        43,       162,      1.00,              0.0074,                   0,              0.0074
        43,       164,      1.00,              0.0074,                   0,              0.0074
        43,       165,      1.00,              0.0735,                   0,              0.0147
        43,       166,      1.00,              0.0515,                   0,              0.0147
        43,       167,      1.00,              0.0515,                   0,              0.0074
        43,       168,      1.00,              0.0147,                   0,              0.0074
        43,       170,      1.00,                   0,                   0,              0.0368
        43,       172,      1.00,              0.2058,                   0,              0.0147
        43,       173,      1.00,              0.0147,                   0,                   0
        43,       176,      1.00,              0.0147,                   0,                   0
        43,       177,      1.00,              0.0221,                   0,              0.0074
        43,       178,      1.00,              0.0515,                   0,              0.0147
        43,       179,      1.00,              0.0294,                   0,              0.0221
        43,       181,      1.00,              0.0221,                   0,                   0
        43,       182,      1.00,              0.0515,                   0,              0.0074
        43,       183,      1.00,              0.0147,                   0,                   0
        43,       184,      1.00,              0.0441,                   0,                   0
        43,       185,      1.00,              0.0221,                   0,                   0
        43,       208,      1.00,              0.3014,                   0,              0.0074
        43,       209,      1.00,              7.4029,                   0,              0.0662
        43,       210,      1.00,             14.9602,                   0,              0.0588
        43,       218,      1.00,                   0,                   0,              0.0074
        43,       219,      1.00,                   0,                   0,              0.0074
        43,       224,      1.00,                   0,                   0,              0.0221
        43,       226,      1.00,                   0,                   0,              0.0147
        44,         1,      1.00,              0.1029,                   0,              0.0147
        44,         2,      1.00,              0.3088,                   0,              0.0221
        44,         3,      1.00,              0.1103,                   0,              0.0074
        44,         4,      1.00,              0.0956,                   0,              0.0074
        44,         5,      1.00,              0.0074,                   0,              0.0147
        44,         6,      1.00,              0.5220,                   0,              0.0294
        44,         7,      1.00,              0.7940,                   0,              0.0441
        44,         8,      1.00,              1.6173,                   0,              0.0735
        44,         9,      1.00,              0.7498,                   0,              0.0441
        44,        11,      1.00,              0.3088,                   0,              0.0221
        44,        12,      1.00,              0.8087,                   0,              0.0515
        44,        13,      1.00,              2.4701,                   0,              0.1029
        44,        14,      1.00,              2.0805,                   0,              0.1470
        44,        15,      1.00,              1.7790,                   0,              0.1470
        44,        16,      1.00,              0.4117,                   0,              0.0074
        44,        17,      1.00,              0.6175,                   0,              0.0147
        44,        18,      1.00,              0.2058,                   0,              0.0074
        44,        19,      1.00,                   0,                   0,              0.0147
        44,        20,      1.00,                   0,                   0,              0.0074
        44,        21,      1.00,              0.2720,                   0,              0.0147
        44,        22,      1.00,              0.2647,                   0,              0.0074
        44,        23,      1.00,              1.8820,                   0,              0.0294
        44,        24,      1.00,              1.0586,                   0,              0.0441
        44,        25,      1.00,                   0,                   0,              0.0147
        44,        26,      1.00,              0.5808,                   0,              0.0368
        44,        27,      1.00,              2.0878,                   0,              0.0882
        44,        28,      1.00,              2.4554,                   0,              0.1103
        44,        29,      1.00,              0.9336,                   0,              0.0515
        44,        30,      1.00,              0.4264,                   0,              0.0221
        44,        31,      1.00,              0.4264,                   0,              0.0294
        44,        32,      1.00,              2.7788,                   0,              0.0662
        44,        33,      1.00,              1.8967,                   0,              0.1029
        44,        34,      1.00,              0.8307,                   0,              0.0147
        44,        35,      1.00,              4.8373,                   0,              0.2132
        44,        36,      1.00,              1.7938,                   0,              0.2205
        44,        37,      1.00,              0.9777,                   0,              0.1617
        44,        38,      1.00,              1.3306,                   0,              0.0882
        44,        39,      1.00,              3.5728,                   0,              0.1838
        44,        40,      1.00,              2.8083,                   0,              0.1544
        44,        41,      1.00,             14.5412,                   0,              0.6102
        44,        42,      1.00,              7.2485,                   0,              0.0441
        44,        43,      1.00,              7.5352,                   0,              0.0735
        44,        44,      1.00,             50.3942,                   0,              0.2573
        44,        45,      1.00,             50.8205,                   0,              0.8454
        44,        46,      1.00,             14.0927,                   0,              0.2867
        44,        47,      1.00,              2.7862,                   0,              0.0294
        44,        48,      1.00,              0.0368,                   0,              0.0368
        44,        49,      1.00,              2.7568,                   0,              0.0882
        44,        50,      1.00,              0.1985,                   0,              0.1985
        44,        51,      1.00,              0.1617,                   0,                   0
        44,        52,      1.00,              8.1895,                   0,              0.1176
        44,        53,      1.00,              0.8234,                   0,              0.0074
        44,        54,      1.00,              2.3157,                   0,              0.0441
        44,        55,      1.00,             12.9165,                   0,              0.2058
        44,        56,      1.00,             12.5048,                   0,              0.3455
        44,        57,      1.00,              0.4778,                   0,              0.0147
        44,        58,      1.00,             38.7862,                   0,              0.3602
        44,        59,      1.00,              2.3378,                   0,              0.0515
        44,        60,      1.00,              2.9626,                   0,              0.1103
        44,        61,      1.00,              2.6024,                   0,              0.1250
        44,        62,      1.00,              3.1097,                   0,              0.1323
        44,        63,      1.00,              1.2497,                   0,              0.0588
        44,        64,      1.00,              0.2352,                   0,              0.0662
        44,        65,      1.00,              6.4399,                   0,              0.2647
        44,        66,      1.00,              7.4544,                   0,              0.1176
        44,        67,      1.00,              4.8152,                   0,              0.1911
        44,        68,      1.00,              2.1466,                   0,              0.0956
        44,        69,      1.00,              3.9624,                   0,              0.1617
        44,        70,      1.00,              3.1023,                   0,              0.0368
        44,        71,      1.00,              3.6390,                   0,              0.0441
        44,        72,      1.00,              1.0586,                   0,              0.0441
        44,        73,      1.00,              0.4484,                   0,              0.0662
        44,        74,      1.00,              0.3235,                   0,              0.0294
        44,        75,      1.00,              3.3523,                   0,              0.1250
        44,        76,      1.00,              1.9922,                   0,              0.0882
        44,        77,      1.00,              0.4190,                   0,              0.0515
        44,        79,      1.00,              1.3600,                   0,              0.1103
        44,        80,      1.00,              1.7864,                   0,              0.0588
        44,        81,      1.00,              6.1311,                   0,              0.0809
        44,        82,      1.00,              1.0439,                   0,              0.0441
        44,        83,      1.00,              2.9259,                   0,              0.1691
        44,        84,      1.00,              3.9257,                   0,              0.1323
        44,        85,      1.00,              4.2932,                   0,              0.1176
        44,        86,      1.00,              2.4774,                   0,              0.0662
        44,        87,      1.00,              0.4190,                   0,              0.0147
        44,        88,      1.00,              0.0074,                   0,              0.0074
        44,        89,      1.00,              0.2132,                   0,              0.0074
        44,        90,      1.00,              1.2644,                   0,              0.0515
        44,        91,      1.00,              0.4337,                   0,              0.0368
        44,        92,      1.00,              1.1615,                   0,              0.1544
        44,        93,      1.00,              0.5293,                   0,              0.0294
        44,        94,      1.00,              0.0294,                   0,              0.0441
        44,        95,      1.00,              1.1762,                   0,              0.1397
        44,        96,      1.00,              0.6175,                   0,                   0
        44,        97,      1.00,              0.6616,                   0,              0.0147
        44,        98,      1.00,              0.2794,                   0,              0.0147
        44,        99,      1.00,              0.6249,                   0,              0.0074
        44,       100,      1.00,              0.6396,                   0,              0.0662
        44,       101,      1.00,              1.0660,                   0,              0.0662
        44,       102,      1.00,              0.2058,                   0,              0.0074
        44,       103,      1.00,              1.5217,                   0,              0.0441
        44,       104,      1.00,              1.1027,                   0,              0.0441
        44,       105,      1.00,              0.2720,                   0,              0.0147
        44,       106,      1.00,              0.2132,                   0,              0.0368
        44,       107,      1.00,              0.2132,                   0,              0.0221
        44,       108,      1.00,              0.0074,                   0,              0.0074
        44,       109,      1.00,              0.2132,                   0,              0.0221
        44,       111,      1.00,                   0,                   0,              0.0074
        44,       112,      1.00,              8.2263,                   0,              0.8675
        44,       114,      1.00,              0.4190,                   0,              0.0147
        44,       115,      1.00,                   0,                   0,              0.0147
        44,       116,      1.00,              0.0074,                   0,              0.0221
        44,       117,      1.00,              0.2205,                   0,              0.0294
        44,       118,      1.00,              0.7940,                   0,              0.0662
        44,       119,      1.00,              1.3600,                   0,              0.0956
        44,       120,      1.00,              1.6026,                   0,              0.0515
        44,       121,      1.00,              0.8160,                   0,              0.0956
        44,       122,      1.00,              0.7351,                   0,              0.0662
        44,       123,      1.00,              0.3455,                   0,              0.0956
        44,       124,      1.00,              0.0221,                   0,              0.0515
        44,       125,      1.00,              0.0147,                   0,              0.0221
        44,       126,      1.00,              0.6543,                   0,              0.1617
        44,       127,      1.00,              0.9483,                   0,              0.1764
        44,       128,      1.00,              0.1470,                   0,              0.0588
        44,       129,      1.00,              0.0588,                   0,              0.0735
        44,       130,      1.00,              0.1544,                   0,              0.0221
        44,       131,      1.00,              0.2205,                   0,              0.0221
        44,       132,      1.00,              0.0515,                   0,              0.0221
        44,       133,      1.00,              0.0515,                   0,              0.0368
        44,       134,      1.00,              0.0294,                   0,              0.0221
        44,       135,      1.00,                   0,                   0,              0.0147
        44,       136,      1.00,              0.2794,                   0,              0.0221
        44,       137,      1.00,              0.0441,                   0,              0.0147
        44,       138,      1.00,              0.4117,                   0,              0.0147
        44,       139,      1.00,                   0,                   0,              0.0147
        44,       140,      1.00,              0.1323,                   0,              0.0515
        44,       141,      1.00,              0.0809,                   0,              0.0441
        44,       142,      1.00,              0.2132,                   0,              0.0294
        44,       143,      1.00,              0.2867,                   0,              0.0441
        44,       144,      1.00,              0.0294,                   0,              0.0074
        44,       145,      1.00,              0.1029,                   0,              0.0147
        44,       146,      1.00,              0.1323,                   0,              0.0662
        44,       147,      1.00,              0.0441,                   0,              0.0294
        44,       148,      1.00,              0.1029,                   0,              0.0441
        44,       149,      1.00,              0.0515,                   0,              0.0294
        44,       150,      1.00,              0.0809,                   0,              0.0368
        44,       151,      1.00,              0.1176,                   0,              0.0882
        44,       152,      1.00,              0.0662,                   0,              0.0221
        44,       153,      1.00,              0.0441,                   0,              0.0221
        44,       154,      1.00,              0.1470,                   0,              0.1029
        44,       155,      1.00,              0.2058,                   0,              0.1250
        44,       156,      1.00,              0.0221,                   0,              0.0074
        44,       157,      1.00,              0.2058,                   0,                   0
        44,       158,      1.00,              0.2058,                   0,                   0
        44,       159,      1.00,                   0,                   0,              0.0074
        44,       160,      1.00,              0.0074,                   0,              0.0147
        44,       161,      1.00,              0.1470,                   0,              0.0441
        44,       162,      1.00,              0.0147,                   0,              0.0294
        44,       164,      1.00,              0.1323,                   0,              0.0294
        44,       165,      1.00,              0.0735,                   0,              0.0441
        44,       166,      1.00,              0.1323,                   0,              0.0441
        44,       167,      1.00,              0.0515,                   0,              0.0221
        44,       168,      1.00,              0.0515,                   0,              0.0147
        44,       169,      1.00,                   0,                   0,              0.0074
        44,       170,      1.00,              0.0294,                   0,              0.0809
        44,       172,      1.00,              0.4705,                   0,              0.0368
        44,       174,      1.00,              0.0956,                   0,              0.0074
        44,       175,      1.00,              0.1544,                   0,              0.0147
        44,       177,      1.00,              0.0368,                   0,              0.0294
        44,       178,      1.00,              0.0956,                   0,              0.0441
        44,       179,      1.00,              0.1103,                   0,              0.0515
        44,       180,      1.00,              0.0221,                   0,                   0
        44,       181,      1.00,              0.0368,                   0,              0.0147
        44,       182,      1.00,              0.0735,                   0,              0.0221
        44,       183,      1.00,              0.0147,                   0,              0.0074
        44,       185,      1.00,              0.0956,                   0,                   0
        44,       188,      1.00,              0.2058,                   0,              0.0074
        44,       192,      1.00,                   0,                   0,              0.0074
        44,       193,      1.00,              0.0368,                   0,                   0
        44,       194,      1.00,              0.2058,                   0,                   0
        44,       196,      1.00,              0.2058,                   0,                   0
        44,       201,      1.00,              0.0662,                   0,                   0
        44,       208,      1.00,              1.7276,                   0,              0.0809
        44,       209,      1.00,             31.2951,                   0,              0.4852
        44,       210,      1.00,              9.9318,                   0,              0.1250
        44,       211,      1.00,              0.0074,                   0,              0.0147
        44,       212,      1.00,              0.0074,                   0,              0.0074
        44,       213,      1.00,              0.0074,                   0,              0.0147
        44,       217,      1.00,                   0,                   0,              0.0074
        44,       218,      1.00,                   0,                   0,              0.0147
        44,       219,      1.00,                   0,                   0,              0.0147
        44,       224,      1.00,                   0,                   0,              0.0441
        44,       226,      1.00,                   0,                   0,              0.0368
        45,         1,      1.00,              0.4558,                   0,              0.0147
        45,         2,      1.00,              0.5808,                   0,              0.0221
        45,         3,      1.00,              0.6175,                   0,              0.0074
        45,         4,      1.00,              0.3455,                   0,              0.0147
        45,         5,      1.00,              0.2352,                   0,              0.0221
        45,         6,      1.00,              1.7496,                   0,              0.0294
        45,         7,      1.00,              1.5879,                   0,              0.0441
        45,         8,      1.00,              3.3743,                   0,              0.1029
        45,         9,      1.00,              1.4041,                   0,              0.0368
        45,        10,      1.00,              0.2058,                   0,                   0
        45,        11,      1.00,              0.9851,                   0,              0.0294
        45,        12,      1.00,              1.1174,                   0,              0.0882
        45,        13,      1.00,              4.1168,                   0,              0.2499
        45,        14,      1.00,              7.2191,                   0,              0.2573
        45,        15,      1.00,              6.2193,                   0,              0.2352
        45,        16,      1.00,              0.2058,                   0,              0.0074
        45,        17,      1.00,              1.2497,                   0,              0.0221
        45,        18,      1.00,              1.1836,                   0,              0.0147
        45,        19,      1.00,              0.5808,                   0,              0.0368
        45,        20,      1.00,              0.1911,                   0,              0.0074
        45,        21,      1.00,              0.9263,                   0,              0.0221
        45,        22,      1.00,              0.2647,                   0,              0.0221
        45,        23,      1.00,              3.8742,                   0,              0.0882
        45,        24,      1.00,              1.3821,                   0,              0.0956
        45,        25,      1.00,              0.3161,                   0,              0.0147
        45,        26,      1.00,              1.3527,                   0,              0.0294
        45,        27,      1.00,              3.6390,                   0,              0.0588
        45,        28,      1.00,              4.1462,                   0,              0.1323
        45,        29,      1.00,              1.2056,                   0,              0.0515
        45,        30,      1.00,              0.9483,                   0,              0.0294
        45,        31,      1.00,              1.9334,                   0,              0.0441
        45,        32,      1.00,              5.7856,                   0,              0.1691
        45,        33,      1.00,              4.1683,                   0,              0.0882
        45,        34,      1.00,              1.8158,                   0,              0.0368
        45,        35,      1.00,             18.4815,                   0,              0.7425
        45,        36,      1.00,              6.5134,                   0,              0.2867
        45,        37,      1.00,              1.9628,                   0,              0.1029
        45,        38,      1.00,              2.3231,                   0,              0.0588
        45,        39,      1.00,              5.2489,                   0,              0.2132
        45,        40,      1.00,              2.3378,                   0,              0.1029
        45,        41,      1.00,             79.3442,                   0,              1.4776
        45,        42,      1.00,              8.3512,                   0,              0.1764
        45,        43,      1.00,             10.7993,                   0,              0.2499
        45,        44,      1.00,             48.6225,                   0,              0.8454
        45,        45,      1.00,            377.9967,                   0,              3.4625
        45,        46,      1.00,             45.6451,                   0,              1.0513
        45,        47,      1.00,              5.3151,                   0,              0.1470
        45,        48,      1.00,              0.2205,                   0,              0.0368
        45,        49,      1.00,              4.8299,                   0,              0.1323
        45,        50,      1.00,              1.2571,                   0,              0.1911
        45,        51,      1.00,              0.2132,                   0,              0.0074
        45,        52,      1.00,             11.1080,                   0,              0.2058
        45,        53,      1.00,              0.8895,                   0,              0.0147
        45,        54,      1.00,              4.2344,                   0,              0.1103
        45,        55,      1.00,             19.9077,                   0,              0.3676
        45,        56,      1.00,             31.3980,                   0,              0.7351
        45,        57,      1.00,              1.1983,                   0,              0.0294
        45,        58,      1.00,             92.6503,                   0,              1.6467
        45,        59,      1.00,              6.6016,                   0,              0.0735
        45,        60,      1.00,              2.5289,                   0,              0.2058
        45,        61,      1.00,              5.5871,                   0,              0.1397
        45,        62,      1.00,              3.7051,                   0,              0.1691
        45,        63,      1.00,              3.0141,                   0,              0.0588
        45,        64,      1.00,              1.6982,                   0,              0.0588
        45,        65,      1.00,             11.7403,                   0,              0.3896
        45,        66,      1.00,             13.6369,                   0,              0.2794
        45,        67,      1.00,             10.2038,                   0,              0.2058
        45,        68,      1.00,              2.8965,                   0,              0.1029
        45,        69,      1.00,              9.0423,                   0,              0.2573
        45,        70,      1.00,              5.6018,                   0,              0.0588
        45,        71,      1.00,              6.6384,                   0,              0.0809
        45,        72,      1.00,              3.9404,                   0,              0.0956
        45,        73,      1.00,              0.6910,                   0,              0.0515
        45,        74,      1.00,              1.5659,                   0,              0.0074
        45,        75,      1.00,              7.5499,                   0,              0.0956
        45,        76,      1.00,              5.8591,                   0,              0.0735
        45,        77,      1.00,              1.3600,                   0,              0.0588
        45,        79,      1.00,              3.9771,                   0,              0.0882
        45,        80,      1.00,              4.3153,                   0,              0.0441
        45,        81,      1.00,             37.0292,                   0,              0.2352
        45,        82,      1.00,              5.7488,                   0,              0.1617
        45,        83,      1.00,             10.7846,                   0,              0.1764
        45,        84,      1.00,             28.9426,                   0,              0.1911
        45,        85,      1.00,             20.4517,                   0,              0.1617
        45,        86,      1.00,              7.6308,                   0,              0.1176
        45,        87,      1.00,              1.0439,                   0,              0.0221
        45,        88,      1.00,              0.2132,                   0,              0.0074
        45,        89,      1.00,              0.2132,                   0,              0.0221
        45,        90,      1.00,              3.2420,                   0,              0.0882
        45,        91,      1.00,              4.9328,                   0,              0.0515
        45,        92,      1.00,              4.7490,                   0,              0.2720
        45,        93,      1.00,              2.9700,                   0,              0.0368
        45,        94,      1.00,              1.0807,                   0,              0.0588
        45,        95,      1.00,              4.6608,                   0,              0.1911
        45,        96,      1.00,              1.0292,                   0,              0.0074
        45,        97,      1.00,              1.3821,                   0,              0.0221
        45,        98,      1.00,              1.9334,                   0,              0.0294
        45,        99,      1.00,              0.8307,                   0,              0.0074
        45,       100,      1.00,              2.1540,                   0,              0.1029
        45,       101,      1.00,              3.0067,                   0,              0.0368
        45,       102,      1.00,              0.0662,                   0,              0.0147
        45,       103,      1.00,              4.2491,                   0,              0.0441
        45,       104,      1.00,              1.7717,                   0,              0.0735
        45,       105,      1.00,              1.2497,                   0,              0.0147
        45,       106,      1.00,              1.0071,                   0,              0.0294
        45,       107,      1.00,              1.6614,                   0,              0.0515
        45,       108,      1.00,              0.0074,                   0,              0.0074
        45,       109,      1.00,              0.8381,                   0,              0.0368
        45,       110,      1.00,              0.5146,                   0,              0.0074
        45,       111,      1.00,              0.6249,                   0,              0.0074
        45,       112,      1.00,             25.0684,                   0,              0.4631
        45,       114,      1.00,              0.8969,                   0,              0.0294
        45,       115,      1.00,                   0,                   0,              0.0074
        45,       116,      1.00,              0.0074,                   0,              0.0515
        45,       117,      1.00,              0.7425,                   0,              0.0735
        45,       118,      1.00,              1.8746,                   0,              0.1691
        45,       119,      1.00,              5.2783,                   0,              0.1397
        45,       120,      1.00,              4.6241,                   0,              0.0956
        45,       121,      1.00,              2.5289,                   0,              0.1691
        45,       122,      1.00,              2.0878,                   0,              0.1103
        45,       123,      1.00,              1.5732,                   0,              0.1691
        45,       124,      1.00,              0.5587,                   0,              0.0735
        45,       125,      1.00,              0.1323,                   0,              0.0441
        45,       126,      1.00,              1.7938,                   0,              0.2426
        45,       127,      1.00,              2.8083,                   0,              0.3529
        45,       128,      1.00,              0.5220,                   0,              0.1250
        45,       129,      1.00,              0.4852,                   0,              0.1103
        45,       130,      1.00,              0.1470,                   0,              0.0588
        45,       131,      1.00,              0.5367,                   0,              0.0294
        45,       132,      1.00,              0.2205,                   0,              0.0515
        45,       133,      1.00,              0.2132,                   0,              0.0441
        45,       134,      1.00,              0.1764,                   0,              0.0368
        45,       135,      1.00,              0.6249,                   0,              0.0588
        45,       136,      1.00,              0.4999,                   0,              0.0515
        45,       137,      1.00,              0.0956,                   0,              0.0221
        45,       138,      1.00,              0.0074,                   0,              0.0515
        45,       139,      1.00,                   0,                   0,              0.0221
        45,       140,      1.00,              0.1691,                   0,              0.1103
        45,       141,      1.00,              0.4411,                   0,              0.1176
        45,       142,      1.00,              0.4484,                   0,              0.0662
        45,       143,      1.00,              0.6543,                   0,              0.1323
        45,       144,      1.00,              0.0956,                   0,              0.0294
        45,       145,      1.00,              0.2499,                   0,              0.0735
        45,       146,      1.00,              0.5587,                   0,              0.1691
        45,       147,      1.00,              0.2058,                   0,              0.0662
        45,       148,      1.00,              0.3235,                   0,              0.1470
        45,       149,      1.00,              0.0662,                   0,              0.0882
        45,       150,      1.00,              0.3235,                   0,              0.0882
        45,       151,      1.00,              0.3235,                   0,              0.2720
        45,       152,      1.00,              0.1544,                   0,              0.0662
        45,       153,      1.00,              0.1764,                   0,              0.0515
        45,       154,      1.00,              0.5587,                   0,              0.1544
        45,       155,      1.00,              0.3529,                   0,              0.2205
        45,       156,      1.00,              0.0588,                   0,              0.0294
        45,       157,      1.00,                   0,                   0,              0.0074
        45,       159,      1.00,                   0,                   0,              0.0147
        45,       160,      1.00,              0.0588,                   0,              0.0368
        45,       161,      1.00,              0.4264,                   0,              0.1029
        45,       162,      1.00,              0.4411,                   0,              0.0809
        45,       163,      1.00,                   0,                   0,              0.0074
        45,       164,      1.00,              0.2573,                   0,              0.0441
        45,       165,      1.00,              0.1764,                   0,              0.1103
        45,       166,      1.00,              0.2647,                   0,              0.1103
        45,       167,      1.00,              0.2426,                   0,              0.0735
        45,       168,      1.00,              0.1250,                   0,              0.0221
        45,       169,      1.00,              0.1397,                   0,              0.0147
        45,       170,      1.00,              0.0662,                   0,              0.0588
        45,       172,      1.00,              0.6175,                   0,              0.0221
        45,       173,      1.00,              0.0147,                   0,                   0
        45,       174,      1.00,              0.6175,                   0,              0.0074
        45,       175,      1.00,              0.1029,                   0,              0.0147
        45,       176,      1.00,              0.0294,                   0,                   0
        45,       177,      1.00,              0.2279,                   0,              0.0515
        45,       178,      1.00,              0.2647,                   0,              0.1103
        45,       179,      1.00,              0.1985,                   0,              0.0882
        45,       180,      1.00,              0.0294,                   0,              0.0074
        45,       181,      1.00,              0.1029,                   0,              0.0735
        45,       182,      1.00,              0.2794,                   0,              0.1176
        45,       183,      1.00,              0.0368,                   0,              0.0074
        45,       184,      1.00,              0.0515,                   0,              0.0368
        45,       185,      1.00,              0.2426,                   0,              0.0074
        45,       188,      1.00,              0.5146,                   0,              0.0074
        45,       190,      1.00,              0.2058,                   0,                   0
        45,       192,      1.00,              0.2058,                   0,              0.0074
        45,       195,      1.00,              0.2058,                   0,              0.0147
        45,       196,      1.00,              0.5146,                   0,              0.0074
        45,       197,      1.00,              0.4117,                   0,                   0
        45,       198,      1.00,              0.2058,                   0,                   0
        45,       200,      1.00,              0.2058,                   0,                   0
        45,       204,      1.00,              0.1029,                   0,                   0
        45,       208,      1.00,              5.4768,                   0,              0.1838
        45,       209,      1.00,             77.2122,                   0,              1.7202
        45,       210,      1.00,             21.2898,                   0,              0.4190
        45,       211,      1.00,              0.0074,                   0,              0.0221
        45,       212,      1.00,              0.0147,                   0,              0.0147
        45,       213,      1.00,              0.0147,                   0,              0.0147
        45,       214,      1.00,                   0,                   0,              0.0074
        45,       217,      1.00,                   0,                   0,              0.0074
        45,       218,      1.00,                   0,                   0,              0.0221
        45,       219,      1.00,                   0,                   0,              0.0221
        45,       224,      1.00,                   0,                   0,              0.0809
        45,       226,      1.00,              0.0074,                   0,              0.0662
        46,         1,      1.00,              0.0368,                   0,              0.0074
        46,         2,      1.00,                   0,                   0,              0.0074
        46,         3,      1.00,              0.1470,                   0,                   0
        46,         4,      1.00,                   0,                   0,              0.0074
        46,         5,      1.00,              0.1176,                   0,              0.0147
        46,         6,      1.00,              0.4043,                   0,              0.0221
        46,         7,      1.00,              0.4190,                   0,              0.0221
        46,         8,      1.00,              0.7866,                   0,              0.0441
        46,         9,      1.00,              0.6028,                   0,              0.0221
        46,        10,      1.00,              0.1470,                   0,                   0
        46,        11,      1.00,              0.2058,                   0,              0.0147
        46,        12,      1.00,              1.0145,                   0,              0.0294
        46,        13,      1.00,              0.9336,                   0,              0.0515
        46,        14,      1.00,              1.8085,                   0,              0.0441
        46,        15,      1.00,              1.9775,                   0,              0.0515
        46,        17,      1.00,              0.9410,                   0,              0.0074
        46,        18,      1.00,              0.1103,                   0,              0.0074
        46,        19,      1.00,                   0,                   0,              0.0074
        46,        20,      1.00,              0.2426,                   0,              0.0074
        46,        21,      1.00,              0.3529,                   0,              0.0221
        46,        22,      1.00,              0.4999,                   0,                   0
        46,        23,      1.00,              1.5879,                   0,              0.0221
        46,        24,      1.00,              1.0880,                   0,              0.0221
        46,        25,      1.00,              0.0074,                   0,                   0
        46,        26,      1.00,              0.3602,                   0,              0.0074
        46,        27,      1.00,              0.4705,                   0,              0.0221
        46,        28,      1.00,              0.9704,                   0,              0.0588
        46,        29,      1.00,              0.3749,                   0,              0.0074
        46,        30,      1.00,              0.3749,                   0,              0.0221
        46,        31,      1.00,              1.4776,                   0,              0.0294
        46,        32,      1.00,              2.0290,                   0,              0.0735
        46,        33,      1.00,              1.0733,                   0,              0.0662
        46,        34,      1.00,              0.5072,                   0,              0.0147
        46,        35,      1.00,              3.8669,                   0,              0.0882
        46,        36,      1.00,              1.5438,                   0,              0.0515
        46,        37,      1.00,              0.1691,                   0,              0.0294
        46,        38,      1.00,              0.4411,                   0,              0.0294
        46,        39,      1.00,              1.8158,                   0,              0.1029
        46,        40,      1.00,              1.8599,                   0,              0.0368
        46,        41,      1.00,              6.1532,                   0,              0.4778
        46,        42,      1.00,              2.3966,                   0,              0.0294
        46,        43,      1.00,              2.4774,                   0,              0.0441
        46,        44,      1.00,             13.4826,                   0,              0.2867
        46,        45,      1.00,             48.0638,                   0,              1.0513
        46,        46,      1.00,             38.5804,                   0,              0.3676
        46,        47,      1.00,              3.8301,                   0,              0.0588
        46,        48,      1.00,              0.0441,                   0,              0.0221
        46,        49,      1.00,              0.8822,                   0,              0.0956
        46,        50,      1.00,              0.2720,                   0,              0.1323
        46,        51,      1.00,              0.0441,                   0,                   0
        46,        52,      1.00,              2.3525,                   0,              0.0662
        46,        53,      1.00,              0.2647,                   0,              0.0074
        46,        54,      1.00,              0.6763,                   0,              0.0074
        46,        55,      1.00,              6.9912,                   0,              0.0809
        46,        56,      1.00,              4.5873,                   0,              0.1911
        46,        57,      1.00,              0.1764,                   0,              0.0074
        46,        58,      1.00,             15.8350,                   0,              0.5072
        46,        59,      1.00,              2.1246,                   0,              0.0588
        46,        60,      1.00,              2.0069,                   0,              0.0221
        46,        61,      1.00,              1.8526,                   0,              0.0662
        46,        62,      1.00,              2.5510,                   0,              0.0294
        46,        63,      1.00,              1.5585,                   0,              0.0662
        46,        64,      1.00,              1.1542,                   0,              0.0882
        46,        65,      1.00,              5.1754,                   0,              0.0441
        46,        66,      1.00,              3.6684,                   0,              0.0294
        46,        67,      1.00,              5.6753,                   0,              0.1103
        46,        68,      1.00,              2.3745,                   0,              0.0294
        46,        69,      1.00,              2.6245,                   0,              0.0809
        46,        70,      1.00,              0.9777,                   0,              0.0147
        46,        71,      1.00,              3.5287,                   0,              0.0515
        46,        72,      1.00,              1.5291,                   0,              0.0294
        46,        73,      1.00,              0.2867,                   0,              0.0882
        46,        74,      1.00,              1.1762,                   0,              0.0368
        46,        75,      1.00,              6.2781,                   0,              0.1838
        46,        76,      1.00,              2.1981,                   0,              0.1103
        46,        77,      1.00,              1.3894,                   0,              0.0735
        46,        78,      1.00,              0.1470,                   0,              0.0074
        46,        79,      1.00,              3.4478,                   0,              0.1691
        46,        80,      1.00,              3.8816,                   0,              0.0882
        46,        81,      1.00,             15.3131,                   0,              0.1911
        46,        82,      1.00,              2.4921,                   0,              0.0956
        46,        83,      1.00,              8.8144,                   0,              0.2720
        46,        84,      1.00,             10.3141,                   0,              0.4043
        46,        85,      1.00,             11.9902,                   0,              0.4558
        46,        86,      1.00,              4.5285,                   0,              0.1176
        46,        87,      1.00,              1.0145,                   0,              0.0294
        46,        88,      1.00,              0.2279,                   0,              0.0074
        46,        89,      1.00,              0.4484,                   0,              0.0221
        46,        90,      1.00,              2.2422,                   0,              0.0956
        46,        91,      1.00,              2.2201,                   0,              0.0956
        46,        92,      1.00,              3.2420,                   0,              0.2867
        46,        93,      1.00,              0.9042,                   0,              0.0515
        46,        94,      1.00,              1.0807,                   0,              0.0735
        46,        95,      1.00,              2.8597,                   0,              0.2205
        46,        96,      1.00,              0.4190,                   0,              0.0074
        46,        97,      1.00,              0.3823,                   0,              0.0221
        46,        98,      1.00,              0.5293,                   0,              0.0294
        46,        99,      1.00,              0.7646,                   0,              0.0147
        46,       100,      1.00,              1.1395,                   0,              0.0956
        46,       101,      1.00,              2.2863,                   0,              0.0956
        46,       102,      1.00,              0.0074,                   0,              0.0074
        46,       103,      1.00,              2.3819,                   0,              0.0809
        46,       104,      1.00,              1.6467,                   0,              0.0882
        46,       105,      1.00,              0.2352,                   0,              0.0221
        46,       106,      1.00,              0.8895,                   0,              0.0515
        46,       107,      1.00,              1.0513,                   0,              0.0441
        46,       108,      1.00,              0.0074,                   0,              0.0074
        46,       109,      1.00,              0.4558,                   0,              0.0368
        46,       110,      1.00,              0.3014,                   0,              0.0074
        46,       111,      1.00,              0.0074,                   0,              0.0147
        46,       112,      1.00,              4.7637,                   0,              0.1250
        46,       114,      1.00,              0.5293,                   0,              0.0147
        46,       115,      1.00,                   0,                   0,              0.0147
        46,       116,      1.00,              0.0074,                   0,              0.0294
        46,       117,      1.00,              0.6469,                   0,              0.0588
        46,       118,      1.00,              1.6026,                   0,              0.1176
        46,       119,      1.00,              2.2569,                   0,              0.1544
        46,       120,      1.00,              2.0584,                   0,              0.1029
        46,       121,      1.00,              1.6982,                   0,              0.1544
        46,       122,      1.00,              1.4482,                   0,              0.1103
        46,       123,      1.00,              0.9851,                   0,              0.1397
        46,       124,      1.00,              0.2941,                   0,              0.0882
        46,       125,      1.00,              0.0221,                   0,              0.0368
        46,       126,      1.00,              1.0807,                   0,              0.3088
        46,       127,      1.00,              1.5144,                   0,              0.3014
        46,       128,      1.00,              0.1838,                   0,              0.1029
        46,       129,      1.00,              0.2794,                   0,              0.1103
        46,       130,      1.00,              0.1617,                   0,              0.0441
        46,       131,      1.00,              0.0221,                   0,              0.0368
        46,       132,      1.00,              0.1176,                   0,              0.0441
        46,       133,      1.00,              0.0956,                   0,              0.0515
        46,       134,      1.00,              0.0515,                   0,              0.0368
        46,       135,      1.00,              0.1985,                   0,              0.0368
        46,       136,      1.00,              0.1323,                   0,              0.0441
        46,       137,      1.00,              0.0294,                   0,              0.0221
        46,       138,      1.00,              0.0074,                   0,              0.0294
        46,       139,      1.00,                   0,                   0,              0.0221
        46,       140,      1.00,              0.2499,                   0,              0.0882
        46,       141,      1.00,              0.2279,                   0,              0.0882
        46,       142,      1.00,              0.2205,                   0,              0.0588
        46,       143,      1.00,              0.2794,                   0,              0.0882
        46,       144,      1.00,              0.0147,                   0,              0.0147
        46,       145,      1.00,              0.0809,                   0,              0.0441
        46,       146,      1.00,              0.1985,                   0,              0.1250
        46,       147,      1.00,              0.1176,                   0,              0.0515
        46,       148,      1.00,              0.3749,                   0,              0.0956
        46,       149,      1.00,              0.1397,                   0,              0.0662
        46,       150,      1.00,              0.2352,                   0,              0.0735
        46,       151,      1.00,              0.2132,                   0,              0.1911
        46,       152,      1.00,              0.0735,                   0,              0.0441
        46,       153,      1.00,              0.1103,                   0,              0.0368
        46,       154,      1.00,              0.2352,                   0,              0.1691
        46,       155,      1.00,              0.2573,                   0,              0.1911
        46,       156,      1.00,              0.0074,                   0,              0.0221
        46,       157,      1.00,                   0,                   0,              0.0074
        46,       158,      1.00,                   0,                   0,              0.0074
        46,       159,      1.00,                   0,                   0,              0.0147
        46,       160,      1.00,              0.0662,                   0,              0.0368
        46,       161,      1.00,              0.2573,                   0,              0.0662
        46,       162,      1.00,              0.3014,                   0,              0.0588
        46,       164,      1.00,              0.0956,                   0,              0.0515
        46,       165,      1.00,              0.0662,                   0,              0.0735
        46,       166,      1.00,              0.2205,                   0,              0.0809
        46,       167,      1.00,              0.0662,                   0,              0.0441
        46,       168,      1.00,              0.0221,                   0,              0.0294
        46,       169,      1.00,              0.0221,                   0,              0.0147
        46,       170,      1.00,              0.0588,                   0,              0.1029
        46,       171,      1.00,              0.0294,                   0,                   0
        46,       172,      1.00,              0.1544,                   0,              0.0809
        46,       173,      1.00,              0.0221,                   0,                   0
        46,       174,      1.00,              0.0221,                   0,              0.0294
        46,       175,      1.00,              0.0662,                   0,              0.0368
        46,       176,      1.00,              0.0147,                   0,                   0
        46,       177,      1.00,              0.1103,                   0,              0.0441
        46,       178,      1.00,              0.1029,                   0,              0.0809
        46,       179,      1.00,              0.0956,                   0,              0.0809
        46,       180,      1.00,                   0,                   0,              0.0074
        46,       181,      1.00,              0.0368,                   0,              0.0368
        46,       182,      1.00,              0.1103,                   0,              0.0515
        46,       183,      1.00,              0.0368,                   0,              0.0074
        46,       184,      1.00,                   0,                   0,              0.0074
        46,       185,      1.00,              0.0662,                   0,              0.0074
        46,       186,      1.00,              0.0441,                   0,                   0
        46,       188,      1.00,              0.6028,                   0,              0.0074
        46,       191,      1.00,              0.0147,                   0,                   0
        46,       192,      1.00,                   0,                   0,              0.0074
        46,       198,      1.00,              0.1470,                   0,                   0
        46,       208,      1.00,              3.9036,                   0,              0.1397
        46,       209,      1.00,             35.5516,                   0,              0.5955
        46,       210,      1.00,             12.0858,                   0,              0.1617
        46,       211,      1.00,              0.0074,                   0,              0.0221
        46,       212,      1.00,              0.0147,                   0,              0.0147
        46,       213,      1.00,              0.0809,                   0,              0.0221
        46,       214,      1.00,                   0,                   0,              0.0074
        46,       218,      1.00,                   0,                   0,              0.0147
        46,       219,      1.00,                   0,                   0,              0.0147
        46,       224,      1.00,                   0,                   0,              0.0588
        46,       226,      1.00,              0.0074,                   0,              0.0515
        47,         6,      1.00,              0.0441,                   0,                   0
        47,         7,      1.00,              0.2720,                   0,                   0
        47,         8,      1.00,              0.1764,                   0,              0.0074
        47,         9,      1.00,              0.2867,                   0,                   0
        47,        11,      1.00,              0.0074,                   0,                   0
        47,        12,      1.00,              0.0882,                   0,                   0
        47,        13,      1.00,              0.4043,                   0,              0.0074
        47,        14,      1.00,              0.2573,                   0,                   0
        47,        15,      1.00,              0.5661,                   0,              0.0221
        47,        16,      1.00,              0.0441,                   0,                   0
        47,        17,      1.00,              0.1691,                   0,                   0
        47,        18,      1.00,              0.1691,                   0,                   0
        47,        21,      1.00,                   0,                   0,              0.0074
        47,        23,      1.00,              0.3529,                   0,                   0
        47,        24,      1.00,              0.0956,                   0,                   0
        47,        27,      1.00,              0.8528,                   0,              0.0147
        47,        28,      1.00,              0.9777,                   0,              0.0221
        47,        29,      1.00,              0.5146,                   0,              0.0074
        47,        30,      1.00,              0.0735,                   0,              0.0074
        47,        31,      1.00,              0.1764,                   0,              0.0074
        47,        32,      1.00,              0.3896,                   0,              0.0147
        47,        33,      1.00,              0.6543,                   0,              0.0147
        47,        34,      1.00,              0.2132,                   0,                   0
        47,        35,      1.00,              0.5293,                   0,                   0
        47,        36,      1.00,              0.4852,                   0,              0.0074
        47,        37,      1.00,              0.2720,                   0,                   0
        47,        38,      1.00,              0.2647,                   0,                   0
        47,        39,      1.00,              0.5146,                   0,              0.0221
        47,        40,      1.00,              0.4043,                   0,                   0
        47,        41,      1.00,              1.2130,                   0,              0.0147
        47,        42,      1.00,              0.6984,                   0,                   0
        47,        43,      1.00,              2.6098,                   0,              0.0147
        47,        44,      1.00,              2.1687,                   0,              0.0294
        47,        45,      1.00,              3.1905,                   0,              0.1470
        47,        46,      1.00,              3.1023,                   0,              0.0588
        47,        47,      1.00,              3.6169,                   0,              0.0147
        47,        48,      1.00,                   0,                   0,              0.0074
        47,        49,      1.00,              0.4925,                   0,              0.0147
        47,        50,      1.00,              0.0074,                   0,              0.0368
        47,        51,      1.00,              0.0221,                   0,                   0
        47,        52,      1.00,              1.1689,                   0,              0.0147
        47,        53,      1.00,              0.3455,                   0,                   0
        47,        54,      1.00,              0.9410,                   0,              0.0074
        47,        55,      1.00,              3.5507,                   0,              0.0294
        47,        56,      1.00,              1.5217,                   0,              0.0147
        47,        57,      1.00,              0.0588,                   0,                   0
        47,        58,      1.00,              1.8599,                   0,              0.0221
        47,        59,      1.00,              0.8601,                   0,              0.0074
        47,        60,      1.00,              0.4190,                   0,              0.0147
        47,        61,      1.00,              0.7719,                   0,              0.0221
        47,        62,      1.00,              0.8969,                   0,              0.0074
        47,        63,      1.00,              0.7351,                   0,              0.0221
        47,        64,      1.00,              0.7719,                   0,              0.0294
        47,        65,      1.00,              1.4041,                   0,              0.0441
        47,        66,      1.00,              2.2569,                   0,              0.0147
        47,        67,      1.00,              2.9332,                   0,              0.0294
        47,        68,      1.00,              0.6690,                   0,              0.0074
        47,        69,      1.00,              1.0880,                   0,              0.0294
        47,        70,      1.00,              1.1762,                   0,              0.0074
        47,        71,      1.00,              4.6241,                   0,              0.0221
        47,        72,      1.00,              1.4997,                   0,              0.0074
        47,        73,      1.00,              0.4925,                   0,              0.0294
        47,        74,      1.00,              0.7204,                   0,              0.0147
        47,        75,      1.00,              2.4407,                   0,              0.0588
        47,        76,      1.00,              1.5806,                   0,              0.0368
        47,        77,      1.00,              0.5661,                   0,              0.0221
        47,        79,      1.00,              1.0071,                   0,              0.0588
        47,        80,      1.00,              2.0952,                   0,              0.0294
        47,        81,      1.00,              2.0290,                   0,              0.0662
        47,        82,      1.00,              1.0145,                   0,              0.0221
        47,        83,      1.00,              3.2052,                   0,              0.1103
        47,        84,      1.00,              1.2056,                   0,              0.0441
        47,        85,      1.00,              1.9261,                   0,              0.0368
        47,        86,      1.00,              1.0145,                   0,              0.0588
        47,        87,      1.00,              0.0735,                   0,              0.0221
        47,        88,      1.00,              0.2573,                   0,              0.0074
        47,        89,      1.00,              0.2573,                   0,                   0
        47,        90,      1.00,              0.7425,                   0,              0.0221
        47,        91,      1.00,              0.3970,                   0,              0.0147
        47,        92,      1.00,              0.7498,                   0,              0.0515
        47,        93,      1.00,              0.3088,                   0,              0.0074
        47,        94,      1.00,              0.2279,                   0,              0.0147
        47,        95,      1.00,              0.3970,                   0,              0.0441
        47,        96,      1.00,              0.1764,                   0,              0.0441
        47,        97,      1.00,              0.4778,                   0,              0.0074
        47,        98,      1.00,              0.6469,                   0,              0.0074
        47,        99,      1.00,              0.4778,                   0,                   0
        47,       100,      1.00,              0.4411,                   0,              0.0294
        47,       101,      1.00,              0.9042,                   0,              0.0221
        47,       102,      1.00,              0.1764,                   0,                   0
        47,       103,      1.00,              1.5365,                   0,              0.0074
        47,       104,      1.00,              1.0733,                   0,              0.0662
        47,       105,      1.00,              0.1764,                   0,              0.0074
        47,       106,      1.00,              0.8013,                   0,                   0
        47,       107,      1.00,              0.5220,                   0,              0.0074
        47,       108,      1.00,              0.1764,                   0,                   0
        47,       109,      1.00,              0.1764,                   0,              0.0074
        47,       110,      1.00,              0.0882,                   0,                   0
        47,       111,      1.00,              0.0882,                   0,                   0
        47,       112,      1.00,              0.9483,                   0,              0.0074
        47,       114,      1.00,              0.1764,                   0,                   0
        47,       116,      1.00,                   0,                   0,              0.0074
        47,       117,      1.00,              0.2499,                   0,              0.0074
        47,       118,      1.00,              0.3970,                   0,              0.0221
        47,       119,      1.00,              0.8087,                   0,              0.0294
        47,       120,      1.00,              0.5661,                   0,              0.0221
        47,       121,      1.00,              0.6175,                   0,              0.0294
        47,       122,      1.00,              0.4190,                   0,              0.0221
        47,       123,      1.00,              0.3088,                   0,              0.0294
        47,       124,      1.00,              0.0074,                   0,              0.0221
        47,       125,      1.00,              0.0074,                   0,              0.0074
        47,       126,      1.00,              0.1985,                   0,              0.0515
        47,       127,      1.00,              0.3970,                   0,              0.0588
        47,       128,      1.00,              0.0735,                   0,              0.0221
        47,       129,      1.00,              0.0662,                   0,              0.0294
        47,       130,      1.00,              0.0515,                   0,              0.0074
        47,       131,      1.00,              0.0294,                   0,              0.0074
        47,       132,      1.00,              0.0294,                   0,              0.0074
        47,       133,      1.00,                   0,                   0,              0.0147
        47,       134,      1.00,              0.0294,                   0,              0.0074
        47,       135,      1.00,                   0,                   0,              0.0074
        47,       136,      1.00,                   0,                   0,              0.0074
        47,       138,      1.00,              0.1323,                   0,                   0
        47,       139,      1.00,                   0,                   0,              0.0074
        47,       140,      1.00,              0.0368,                   0,              0.0147
        47,       141,      1.00,              0.0735,                   0,              0.0147
        47,       142,      1.00,              0.0882,                   0,              0.0074
        47,       143,      1.00,              0.0809,                   0,              0.0147
        47,       144,      1.00,              0.0074,                   0,                   0
        47,       145,      1.00,              0.0368,                   0,              0.0074
        47,       146,      1.00,              0.0588,                   0,              0.0221
        47,       147,      1.00,              0.0221,                   0,              0.0074
        47,       148,      1.00,              0.0588,                   0,              0.0147
        47,       149,      1.00,              0.0294,                   0,              0.0147
        47,       150,      1.00,              0.0441,                   0,              0.0147
        47,       151,      1.00,              0.0441,                   0,              0.0368
        47,       152,      1.00,              0.0294,                   0,              0.0074
        47,       153,      1.00,              0.0221,                   0,              0.0074
        47,       154,      1.00,              0.0882,                   0,              0.0368
        47,       155,      1.00,              0.0294,                   0,              0.0515
        47,       156,      1.00,              0.0074,                   0,                   0
        47,       159,      1.00,              0.0882,                   0,                   0
        47,       160,      1.00,                   0,                   0,              0.0074
        47,       161,      1.00,              0.0588,                   0,              0.0147
        47,       162,      1.00,              0.0882,                   0,              0.0074
        47,       164,      1.00,              0.0588,                   0,              0.0074
        47,       165,      1.00,              0.0147,                   0,              0.0147
        47,       166,      1.00,              0.0882,                   0,              0.0147
        47,       167,      1.00,              0.0294,                   0,              0.0074
        47,       168,      1.00,              0.0147,                   0,              0.0074
        47,       170,      1.00,                   0,                   0,              0.0221
        47,       172,      1.00,                   0,                   0,              0.0074
        47,       175,      1.00,              0.0221,                   0,                   0
        47,       177,      1.00,              0.0221,                   0,              0.0074
        47,       178,      1.00,              0.0441,                   0,              0.0147
        47,       179,      1.00,              0.0294,                   0,              0.0147
        47,       181,      1.00,              0.0221,                   0,                   0
        47,       182,      1.00,              0.0221,                   0,              0.0074
        47,       192,      1.00,              0.0294,                   0,                   0
        47,       198,      1.00,              0.0882,                   0,                   0
        47,       208,      1.00,              0.3896,                   0,              0.0147
        47,       209,      1.00,              5.3886,                   0,              0.0588
        47,       210,      1.00,              9.8877,                   0,              0.0441
        47,       219,      1.00,                   0,                   0,              0.0074
        47,       224,      1.00,                   0,                   0,              0.0221
        47,       226,      1.00,                   0,                   0,              0.0147
        48,         1,      1.00,              0.0147,                   0,                   0
        48,         4,      1.00,              0.0809,                   0,                   0
        48,         6,      1.00,              0.0588,                   0,                   0
        48,         7,      1.00,              0.0074,                   0,                   0
        48,         8,      1.00,              0.2205,                   0,              0.0074
        48,         9,      1.00,              0.0882,                   0,                   0
        48,        11,      1.00,              0.0221,                   0,                   0
        48,        12,      1.00,              0.0368,                   0,                   0
        48,        13,      1.00,              0.0956,                   0,              0.0074
        48,        14,      1.00,              0.4925,                   0,              0.0147
        48,        15,      1.00,              0.3235,                   0,              0.0294
        48,        18,      1.00,              0.0588,                   0,                   0
        48,        22,      1.00,              0.0294,                   0,                   0
        48,        23,      1.00,              0.3823,                   0,              0.0074
        48,        24,      1.00,              0.1544,                   0,                   0
        48,        25,      1.00,              0.0294,                   0,                   0
        48,        26,      1.00,              0.1250,                   0,                   0
        48,        27,      1.00,              0.1764,                   0,              0.0147
        48,        28,      1.00,              0.2426,                   0,              0.0294
        48,        29,      1.00,              0.1103,                   0,              0.0074
        48,        30,      1.00,              0.1250,                   0,              0.0074
        48,        31,      1.00,              0.1691,                   0,              0.0147
        48,        32,      1.00,              0.4337,                   0,              0.0294
        48,        33,      1.00,              0.2279,                   0,              0.0221
        48,        34,      1.00,              0.1323,                   0,              0.0074
        48,        35,      1.00,              0.3970,                   0,              0.0074
        48,        36,      1.00,              0.3455,                   0,                   0
        48,        37,      1.00,              0.0662,                   0,              0.0074
        48,        38,      1.00,              0.2132,                   0,              0.0074
        48,        39,      1.00,              0.6469,                   0,              0.0221
        48,        40,      1.00,              0.8454,                   0,              0.0221
        48,        41,      1.00,              0.3382,                   0,              0.0294
        48,        42,      1.00,              0.0882,                   0,              0.0147
        48,        43,      1.00,              0.0294,                   0,              0.0221
        48,        44,      1.00,              0.1176,                   0,              0.0368
        48,        45,      1.00,              0.2941,                   0,              0.0368
        48,        46,      1.00,              0.1470,                   0,              0.0221
        48,        47,      1.00,              0.0147,                   0,              0.0074
        48,        48,      1.00,              0.0221,                   0,                   0
        48,        49,      1.00,              0.3235,                   0,              0.0147
        48,        50,      1.00,              0.1103,                   0,                   0
        48,        51,      1.00,              0.0074,                   0,                   0
        48,        52,      1.00,              0.5072,                   0,              0.0221
        48,        54,      1.00,              0.2647,                   0,              0.0074
        48,        55,      1.00,              0.1838,                   0,              0.0368
        48,        56,      1.00,              0.7940,                   0,              0.0221
        48,        57,      1.00,              0.0294,                   0,                   0
        48,        58,      1.00,              0.5367,                   0,              0.0147
        48,        59,      1.00,              0.4043,                   0,              0.0074
        48,        60,      1.00,              0.2573,                   0,              0.0147
        48,        61,      1.00,              0.0956,                   0,              0.0147
        48,        62,      1.00,              0.0588,                   0,              0.0294
        48,        63,      1.00,              0.0588,                   0,              0.0074
        48,        64,      1.00,                   0,                   0,              0.0074
        48,        65,      1.00,              0.1544,                   0,              0.0221
        48,        66,      1.00,              0.1838,                   0,              0.0221
        48,        67,      1.00,              0.0221,                   0,              0.0147
        48,        68,      1.00,              0.0147,                   0,              0.0074
        48,        69,      1.00,              0.0294,                   0,              0.0147
        48,        70,      1.00,              0.0294,                   0,              0.0074
        48,        71,      1.00,              0.0294,                   0,                   0
        48,        72,      1.00,                   0,                   0,              0.0074
        48,        73,      1.00,              0.0074,                   0,              0.0074
        48,        75,      1.00,              0.0294,                   0,              0.0147
        48,        76,      1.00,                   0,                   0,              0.0074
        48,        77,      1.00,              0.0735,                   0,              0.0074
        48,        79,      1.00,              0.1544,                   0,              0.0147
        48,        80,      1.00,              0.0588,                   0,              0.0074
        48,        81,      1.00,              0.1323,                   0,              0.0074
        48,        82,      1.00,              0.0588,                   0,              0.0074
        48,        83,      1.00,              0.0809,                   0,              0.0221
        48,        84,      1.00,              0.1029,                   0,              0.0294
        48,        85,      1.00,              0.0368,                   0,              0.0221
        48,        86,      1.00,              0.0294,                   0,              0.0221
        48,        87,      1.00,                   0,                   0,              0.0074
        48,        89,      1.00,                   0,                   0,              0.0074
        48,        90,      1.00,              0.0588,                   0,              0.0147
        48,        91,      1.00,                   0,                   0,              0.0074
        48,        92,      1.00,              0.0294,                   0,              0.0221
        48,        93,      1.00,                   0,                   0,              0.0074
        48,        94,      1.00,                   0,                   0,              0.0074
        48,        95,      1.00,              0.0294,                   0,              0.0221
        48,        97,      1.00,                   0,                   0,              0.0074
        48,        98,      1.00,                   0,                   0,              0.0074
        48,       100,      1.00,                   0,                   0,              0.0221
        48,       101,      1.00,                   0,                   0,              0.0147
        48,       103,      1.00,                   0,                   0,              0.0147
        48,       104,      1.00,              0.0441,                   0,              0.0147
        48,       105,      1.00,                   0,                   0,              0.0074
        48,       106,      1.00,              0.0294,                   0,              0.0074
        48,       107,      1.00,                   0,                   0,              0.0074
        48,       108,      1.00,                   0,                   0,              0.0074
        48,       112,      1.00,              1.3527,                   0,              0.0515
        48,       114,      1.00,                   0,                   0,              0.0147
        48,       117,      1.00,                   0,                   0,              0.0294
        48,       118,      1.00,              0.0588,                   0,              0.0368
        48,       119,      1.00,                   0,                   0,              0.0221
        48,       120,      1.00,                   0,                   0,              0.0147
        48,       121,      1.00,              0.0441,                   0,              0.0294
        48,       122,      1.00,              0.0294,                   0,              0.0147
        48,       123,      1.00,                   0,                   0,              0.0147
        48,       124,      1.00,                   0,                   0,              0.0147
        48,       125,      1.00,                   0,                   0,              0.0147
        48,       126,      1.00,              0.0221,                   0,              0.0368
        48,       127,      1.00,              0.0221,                   0,              0.0515
        48,       128,      1.00,                   0,                   0,              0.0147
        48,       129,      1.00,              0.0074,                   0,              0.0147
        48,       130,      1.00,                   0,                   0,              0.0147
        48,       131,      1.00,                   0,                   0,              0.0074
        48,       132,      1.00,                   0,                   0,              0.0147
        48,       133,      1.00,                   0,                   0,              0.0074
        48,       134,      1.00,                   0,                   0,              0.0074
        48,       135,      1.00,              0.0294,                   0,              0.0147
        48,       136,      1.00,                   0,                   0,              0.0147
        48,       137,      1.00,                   0,                   0,              0.0074
        48,       138,      1.00,                   0,                   0,              0.0147
        48,       140,      1.00,              0.0074,                   0,              0.0221
        48,       141,      1.00,                   0,                   0,              0.0221
        48,       142,      1.00,                   0,                   0,              0.0074
        48,       143,      1.00,                   0,                   0,              0.0221
        48,       144,      1.00,                   0,                   0,              0.0074
        48,       145,      1.00,              0.0074,                   0,              0.0147
        48,       146,      1.00,              0.0074,                   0,              0.0294
        48,       147,      1.00,                   0,                   0,              0.0147
        48,       148,      1.00,              0.0074,                   0,              0.0221
        48,       149,      1.00,                   0,                   0,              0.0147
        48,       150,      1.00,                   0,                   0,              0.0147
        48,       151,      1.00,                   0,                   0,              0.0294
        48,       152,      1.00,                   0,                   0,              0.0074
        48,       153,      1.00,                   0,                   0,              0.0074
        48,       154,      1.00,                   0,                   0,              0.0074
        48,       155,      1.00,                   0,                   0,              0.0221
        48,       156,      1.00,                   0,                   0,              0.0074
        48,       160,      1.00,                   0,                   0,              0.0074
        48,       161,      1.00,              0.0074,                   0,                   0
        48,       162,      1.00,                   0,                   0,              0.0147
        48,       164,      1.00,              0.0074,                   0,              0.0074
        48,       165,      1.00,              0.0074,                   0,              0.0147
        48,       166,      1.00,                   0,                   0,              0.0147
        48,       167,      1.00,                   0,                   0,              0.0147
        48,       168,      1.00,                   0,                   0,              0.0074
        48,       177,      1.00,                   0,                   0,              0.0074
        48,       178,      1.00,              0.0074,                   0,              0.0147
        48,       179,      1.00,              0.0074,                   0,              0.0221
        48,       181,      1.00,                   0,                   0,              0.0074
        48,       182,      1.00,              0.0074,                   0,              0.0221
        48,       198,      1.00,              0.0294,                   0,                   0
        48,       208,      1.00,              0.0221,                   0,              0.0147
        48,       209,      1.00,              0.2573,                   0,              0.0294
        48,       210,      1.00,              0.0735,                   0,              0.0147
        48,       213,      1.00,                   0,                   0,              0.0074
        49,         1,      1.00,              0.0074,                   0,              0.0074
        49,         2,      1.00,              0.2205,                   0,              0.0221
        49,         3,      1.00,              0.1250,                   0,                   0
        49,         4,      1.00,              0.3749,                   0,              0.0074
        49,         5,      1.00,              0.1397,                   0,              0.0221
        49,         6,      1.00,              0.8675,                   0,              0.0294
        49,         7,      1.00,              0.8528,                   0,              0.0368
        49,         8,      1.00,              3.4331,                   0,              0.1029
        49,         9,      1.00,              0.8307,                   0,              0.0294
        49,        11,      1.00,              0.6175,                   0,              0.0221
        49,        12,      1.00,              1.4335,                   0,              0.0368
        49,        13,      1.00,              3.4184,                   0,              0.1691
        49,        14,      1.00,              6.2340,                   0,              0.3088
        49,        15,      1.00,             14.7764,                   0,              0.3455
        49,        16,      1.00,              0.4117,                   0,              0.0074
        49,        17,      1.00,              0.6249,                   0,              0.0221
        49,        18,      1.00,                   0,                   0,              0.0147
        49,        19,      1.00,              0.4484,                   0,              0.0368
        49,        20,      1.00,              0.0074,                   0,              0.0074
        49,        21,      1.00,              0.2058,                   0,              0.0147
        49,        22,      1.00,              1.3453,                   0,              0.0147
        49,        23,      1.00,              2.8671,                   0,              0.1176
        49,        24,      1.00,              2.3966,                   0,              0.0882
        49,        25,      1.00,              0.6249,                   0,              0.0368
        49,        26,      1.00,              3.0141,                   0,              0.0735
        49,        27,      1.00,             14.2765,                   0,              0.2132
        49,        28,      1.00,             12.7401,                   0,              0.2573
        49,        29,      1.00,              5.0431,                   0,              0.0882
        49,        30,      1.00,              2.1172,                   0,              0.0735
        49,        31,      1.00,              5.5136,                   0,              0.1029
        49,        32,      1.00,             18.9961,                   0,              0.2058
        49,        33,      1.00,              9.9539,                   0,              0.2279
        49,        34,      1.00,              5.2269,                   0,              0.0515
        49,        35,      1.00,              7.1824,                   0,              0.1250
        49,        36,      1.00,              4.8373,                   0,              0.1029
        49,        37,      1.00,              2.8597,                   0,              0.1985
        49,        38,      1.00,              3.8375,                   0,              0.1764
        49,        39,      1.00,             14.2545,                   0,              0.2794
        49,        40,      1.00,              8.5130,                   0,              0.2132
        49,        41,      1.00,             10.3729,                   0,              0.1911
        49,        42,      1.00,              2.8156,                   0,              0.0294
        49,        43,      1.00,              2.5657,                   0,              0.0588
        49,        44,      1.00,              3.3376,                   0,              0.0882
        49,        45,      1.00,              5.5283,                   0,              0.1323
        49,        46,      1.00,              1.9775,                   0,              0.0956
        49,        47,      1.00,              0.4043,                   0,              0.0147
        49,        48,      1.00,              0.2058,                   0,              0.0147
        49,        49,      1.00,             27.1562,                   0,              0.1617
        49,        50,      1.00,              1.1983,                   0,              0.0809
        49,        51,      1.00,              0.4337,                   0,              0.0074
        49,        52,      1.00,             22.4219,                   0,              0.2132
        49,        53,      1.00,              1.7570,                   0,              0.0147
        49,        54,      1.00,              8.2263,                   0,              0.0662
        49,        55,      1.00,             16.9304,                   0,              0.2058
        49,        56,      1.00,             14.8646,                   0,              0.2499
        49,        57,      1.00,              0.5661,                   0,              0.0074
        49,        58,      1.00,             10.7552,                   0,              0.1617
        49,        59,      1.00,             12.7107,                   0,              0.1323
        49,        60,      1.00,              7.1162,                   0,              0.1397
        49,        61,      1.00,              6.9692,                   0,              0.1691
        49,        62,      1.00,              3.0582,                   0,              0.0221
        49,        63,      1.00,              3.9404,                   0,              0.0662
        49,        64,      1.00,              0.7131,                   0,              0.0515
        49,        65,      1.00,              8.2336,                   0,              0.1323
        49,        66,      1.00,             11.6153,                   0,              0.0882
        49,        67,      1.00,              3.1097,                   0,              0.0441
        49,        68,      1.00,              1.4041,                   0,              0.0147
        49,        69,      1.00,              1.8599,                   0,              0.0735
        49,        70,      1.00,              1.7938,                   0,              0.0221
        49,        71,      1.00,              1.0071,                   0,              0.0147
        49,        72,      1.00,              1.0366,                   0,              0.0074
        49,        73,      1.00,              0.0368,                   0,              0.0294
        49,        74,      1.00,              0.5293,                   0,              0.0074
        49,        75,      1.00,              1.3674,                   0,              0.0441
        49,        76,      1.00,              1.0513,                   0,              0.0294
        49,        77,      1.00,              0.1176,                   0,              0.0221
        49,        78,      1.00,              0.2058,                   0,                   0
        49,        79,      1.00,              1.0586,                   0,              0.0368
        49,        80,      1.00,              1.5659,                   0,              0.0221
        49,        81,      1.00,              2.3745,                   0,              0.0294
        49,        82,      1.00,              0.9630,                   0,              0.0221
        49,        83,      1.00,              1.4262,                   0,              0.0882
        49,        84,      1.00,              1.5879,                   0,              0.0735
        49,        85,      1.00,              1.3086,                   0,              0.0735
        49,        86,      1.00,              1.6982,                   0,              0.0368
        49,        87,      1.00,              0.4190,                   0,              0.0074
        49,        88,      1.00,              0.2132,                   0,                   0
        49,        89,      1.00,              0.4190,                   0,              0.0074
        49,        90,      1.00,              1.2644,                   0,              0.0294
        49,        91,      1.00,              0.2279,                   0,              0.0221
        49,        92,      1.00,              1.6761,                   0,              0.0882
        49,        93,      1.00,              0.0147,                   0,              0.0147
        49,        94,      1.00,              0.5367,                   0,              0.0221
        49,        95,      1.00,              0.8601,                   0,              0.0662
        49,        97,      1.00,              0.3896,                   0,              0.0074
        49,        98,      1.00,              0.2426,                   0,              0.0074
        49,        99,      1.00,              0.0074,                   0,                   0
        49,       100,      1.00,              0.6469,                   0,              0.0588
        49,       101,      1.00,              1.0733,                   0,              0.0147
        49,       102,      1.00,              0.2058,                   0,              0.0074
        49,       103,      1.00,              1.2571,                   0,              0.0074
        49,       104,      1.00,              0.2205,                   0,              0.0221
        49,       105,      1.00,              0.0074,                   0,                   0
        49,       106,      1.00,              0.3235,                   0,              0.0147
        49,       107,      1.00,              0.5220,                   0,              0.0074
        49,       108,      1.00,              0.0074,                   0,                   0
        49,       109,      1.00,              0.0074,                   0,              0.0074
        49,       110,      1.00,              0.2058,                   0,                   0
        49,       111,      1.00,                   0,                   0,              0.0074
        49,       112,      1.00,             14.1883,                   0,              0.3749
        49,       113,      1.00,              0.1029,                   0,              0.0074
        49,       114,      1.00,              0.1103,                   0,              0.0074
        49,       116,      1.00,              0.0074,                   0,              0.0221
        49,       117,      1.00,              0.4264,                   0,              0.0221
        49,       118,      1.00,              0.2205,                   0,              0.0441
        49,       119,      1.00,              0.8454,                   0,              0.0662
        49,       120,      1.00,              0.3308,                   0,              0.0368
        49,       121,      1.00,              0.1323,                   0,              0.0441
        49,       122,      1.00,              0.9410,                   0,              0.0441
        49,       123,      1.00,              0.0221,                   0,              0.0515
        49,       124,      1.00,              0.2279,                   0,              0.0221
        49,       125,      1.00,              0.0147,                   0,              0.0147
        49,       126,      1.00,              0.1617,                   0,              0.0662
        49,       127,      1.00,              0.4631,                   0,              0.0882
        49,       128,      1.00,              0.1029,                   0,              0.0294
        49,       129,      1.00,              0.0882,                   0,              0.0221
        49,       130,      1.00,              0.0735,                   0,              0.0074
        49,       131,      1.00,              0.0147,                   0,              0.0147
        49,       132,      1.00,              0.0294,                   0,              0.0074
        49,       133,      1.00,              0.0074,                   0,              0.0074
        49,       134,      1.00,                   0,                   0,              0.0074
        49,       135,      1.00,              0.0074,                   0,              0.0074
        49,       136,      1.00,              0.0074,                   0,              0.0221
        49,       137,      1.00,              0.0074,                   0,              0.0074
        49,       138,      1.00,              0.0074,                   0,              0.0074
        49,       140,      1.00,              0.0735,                   0,              0.0147
        49,       141,      1.00,              0.1176,                   0,              0.0294
        49,       142,      1.00,              0.0074,                   0,              0.0221
        49,       143,      1.00,              0.1250,                   0,              0.0294
        49,       144,      1.00,                   0,                   0,              0.0074
        49,       145,      1.00,              0.0074,                   0,              0.0147
        49,       146,      1.00,              0.0368,                   0,              0.0368
        49,       147,      1.00,              0.0294,                   0,              0.0221
        49,       148,      1.00,              0.1176,                   0,              0.0294
        49,       149,      1.00,              0.0662,                   0,              0.0221
        49,       150,      1.00,              0.1029,                   0,              0.0294
        49,       151,      1.00,              0.0441,                   0,              0.0368
        49,       152,      1.00,              0.0074,                   0,              0.0221
        49,       153,      1.00,              0.0294,                   0,              0.0147
        49,       154,      1.00,              0.0221,                   0,              0.0588
        49,       155,      1.00,              0.1103,                   0,              0.0515
        49,       156,      1.00,              0.0221,                   0,              0.0074
        49,       160,      1.00,              0.0074,                   0,              0.0074
        49,       161,      1.00,              0.1029,                   0,              0.0368
        49,       162,      1.00,              0.0147,                   0,              0.0221
        49,       164,      1.00,              0.0147,                   0,              0.0147
        49,       165,      1.00,              0.0294,                   0,              0.0368
        49,       166,      1.00,              0.0441,                   0,              0.0368
        49,       167,      1.00,              0.0368,                   0,              0.0147
        49,       168,      1.00,              0.0147,                   0,              0.0074
        49,       169,      1.00,              0.0147,                   0,              0.0074
        49,       170,      1.00,              0.0368,                   0,              0.0147
        49,       172,      1.00,              0.0074,                   0,              0.0074
        49,       175,      1.00,              0.0294,                   0,              0.0074
        49,       177,      1.00,              0.0368,                   0,              0.0074
        49,       178,      1.00,              0.0294,                   0,              0.0294
        49,       179,      1.00,              0.0294,                   0,              0.0221
        49,       181,      1.00,                   0,                   0,              0.0074
        49,       182,      1.00,              0.0588,                   0,              0.0147
        49,       184,      1.00,              0.1176,                   0,                   0
        49,       185,      1.00,              0.0221,                   0,                   0
        49,       187,      1.00,              0.2058,                   0,                   0
        49,       188,      1.00,              0.4117,                   0,              0.0074
        49,       193,      1.00,              0.1103,                   0,                   0
        49,       201,      1.00,              0.0809,                   0,                   0
        49,       203,      1.00,              0.0147,                   0,                   0
        49,       208,      1.00,              0.5293,                   0,              0.0221
        49,       209,      1.00,              4.0212,                   0,              0.1103
        49,       210,      1.00,              2.0952,                   0,              0.0588
        49,       211,      1.00,                   0,                   0,              0.0074
        49,       212,      1.00,              0.0074,                   0,                   0
        49,       213,      1.00,              0.0074,                   0,              0.0074
        49,       217,      1.00,                   0,                   0,              0.0074
        49,       218,      1.00,                   0,                   0,              0.0221
        49,       219,      1.00,                   0,                   0,              0.0294
        49,       224,      1.00,                   0,                   0,              0.0441
        49,       226,      1.00,              0.0074,                   0,              0.0368
        50,         1,      1.00,              0.0882,                   0,                   0
        50,         2,      1.00,                   0,                   0,              0.0074
        50,         4,      1.00,              0.4705,                   0,                   0
        50,         5,      1.00,              0.0147,                   0,              0.0074
        50,         6,      1.00,              0.3602,                   0,              0.0074
        50,         7,      1.00,              0.0441,                   0,              0.0074
        50,         8,      1.00,              1.2865,                   0,              0.0221
        50,         9,      1.00,              0.5220,                   0,              0.0074
        50,        11,      1.00,              0.1323,                   0,                   0
        50,        12,      1.00,              0.1985,                   0,              0.0074
        50,        13,      1.00,              0.5440,                   0,              0.0515
        50,        14,      1.00,              2.8671,                   0,              0.0809
        50,        15,      1.00,              1.8746,                   0,              0.1617
        50,        18,      1.00,              0.3529,                   0,                   0
        50,        19,      1.00,                   0,                   0,              0.0147
        50,        21,      1.00,                   0,                   0,              0.0074
        50,        22,      1.00,              0.1764,                   0,                   0
        50,        23,      1.00,              2.2128,                   0,              0.0294
        50,        24,      1.00,              0.8969,                   0,              0.0147
        50,        25,      1.00,              0.1764,                   0,              0.0074
        50,        26,      1.00,              0.7057,                   0,              0.0221
        50,        27,      1.00,              1.0071,                   0,              0.0882
        50,        28,      1.00,              1.3894,                   0,              0.1544
        50,        29,      1.00,              0.6396,                   0,              0.0221
        50,        30,      1.00,              0.7131,                   0,              0.0441
        50,        31,      1.00,              0.9777,                   0,              0.0809
        50,        32,      1.00,              2.5068,                   0,              0.1838
        50,        33,      1.00,              1.3380,                   0,              0.1176
        50,        34,      1.00,              0.7572,                   0,              0.0368
        50,        35,      1.00,              2.3084,                   0,              0.0515
        50,        36,      1.00,              2.0069,                   0,              0.0221
        50,        37,      1.00,              0.3970,                   0,              0.0441
        50,        38,      1.00,              1.2203,                   0,              0.0588
        50,        39,      1.00,              3.7419,                   0,              0.1103
        50,        40,      1.00,              4.8961,                   0,              0.1176
        50,        41,      1.00,              1.9775,                   0,              0.1691
        50,        42,      1.00,              0.5293,                   0,              0.0735
        50,        43,      1.00,              0.1838,                   0,              0.1250
        50,        44,      1.00,              0.6837,                   0,              0.1985
        50,        45,      1.00,              1.6982,                   0,              0.1911
        50,        46,      1.00,              0.8381,                   0,              0.1323
        50,        47,      1.00,              0.0809,                   0,              0.0368
        50,        48,      1.00,              0.1103,                   0,                   0
        50,        49,      1.00,              1.8599,                   0,              0.0809
        50,        50,      1.00,              0.6543,                   0,              0.0147
        50,        51,      1.00,              0.0588,                   0,                   0
        50,        52,      1.00,              2.9332,                   0,              0.1323
        50,        53,      1.00,                   0,                   0,              0.0074
        50,        54,      1.00,              1.5512,                   0,              0.0441
        50,        55,      1.00,              1.0439,                   0,              0.1911
        50,        56,      1.00,              4.5947,                   0,              0.1397
        50,        57,      1.00,              0.1764,                   0,              0.0074
        50,        58,      1.00,              3.1170,                   0,              0.0882
        50,        59,      1.00,              2.3378,                   0,              0.0662
        50,        60,      1.00,              1.4997,                   0,              0.1029
        50,        61,      1.00,              0.5440,                   0,              0.0735
        50,        62,      1.00,              0.3602,                   0,              0.1470
        50,        63,      1.00,              0.3529,                   0,              0.0221
        50,        64,      1.00,              0.0074,                   0,              0.0294
        50,        65,      1.00,              0.8895,                   0,              0.1470
        50,        66,      1.00,              1.0586,                   0,              0.1470
        50,        67,      1.00,              0.1103,                   0,              0.0956
        50,        68,      1.00,              0.0882,                   0,              0.0588
        50,        69,      1.00,              0.1838,                   0,              0.0956
        50,        70,      1.00,              0.1838,                   0,              0.0221
        50,        71,      1.00,              0.1764,                   0,              0.0147
        50,        72,      1.00,                   0,                   0,              0.0368
        50,        73,      1.00,              0.0588,                   0,              0.0294
        50,        74,      1.00,                   0,                   0,              0.0147
        50,        75,      1.00,              0.1911,                   0,              0.0809
        50,        76,      1.00,              0.0074,                   0,              0.0662
        50,        77,      1.00,              0.4411,                   0,              0.0368
        50,        78,      1.00,                   0,                   0,              0.0074
        50,        79,      1.00,              0.8822,                   0,              0.0662
        50,        80,      1.00,              0.3529,                   0,              0.0515
        50,        81,      1.00,              0.7719,                   0,              0.0368
        50,        82,      1.00,              0.3602,                   0,              0.0515
        50,        83,      1.00,              0.4631,                   0,              0.1103
        50,        84,      1.00,              0.6102,                   0,              0.1617
        50,        85,      1.00,              0.1911,                   0,              0.1250
        50,        86,      1.00,              0.1911,                   0,              0.1323
        50,        87,      1.00,                   0,                   0,              0.0221
        50,        88,      1.00,                   0,                   0,              0.0147
        50,        89,      1.00,                   0,                   0,              0.0294
        50,        90,      1.00,              0.3602,                   0,              0.0735
        50,        91,      1.00,              0.0074,                   0,              0.0515
        50,        92,      1.00,              0.1838,                   0,              0.1250
        50,        93,      1.00,              0.0074,                   0,              0.0221
        50,        94,      1.00,              0.0074,                   0,              0.0515
        50,        95,      1.00,              0.1838,                   0,              0.1323
        50,        96,      1.00,                   0,                   0,              0.0221
        50,        97,      1.00,                   0,                   0,              0.0294
        50,        98,      1.00,                   0,                   0,              0.0441
        50,        99,      1.00,                   0,                   0,              0.0147
        50,       100,      1.00,              0.0074,                   0,              0.1323
        50,       101,      1.00,              0.0074,                   0,              0.0882
        50,       102,      1.00,                   0,                   0,              0.0147
        50,       103,      1.00,              0.0074,                   0,              0.0809
        50,       104,      1.00,              0.2647,                   0,              0.0882
        50,       105,      1.00,                   0,                   0,              0.0221
        50,       106,      1.00,              0.1764,                   0,              0.0515
        50,       107,      1.00,                   0,                   0,              0.0515
        50,       108,      1.00,                   0,                   0,              0.0221
        50,       109,      1.00,                   0,                   0,              0.0221
        50,       110,      1.00,                   0,                   0,              0.0147
        50,       111,      1.00,                   0,                   0,              0.0074
        50,       112,      1.00,              7.8219,                   0,              0.3014
        50,       114,      1.00,                   0,                   0,              0.0956
        50,       115,      1.00,                   0,                   0,              0.0074
        50,       116,      1.00,                   0,                   0,              0.0074
        50,       117,      1.00,                   0,                   0,              0.1691
        50,       118,      1.00,              0.3529,                   0,              0.2058
        50,       119,      1.00,              0.0074,                   0,              0.1103
        50,       120,      1.00,              0.0074,                   0,              0.0809
        50,       121,      1.00,              0.2720,                   0,              0.1470
        50,       122,      1.00,              0.1764,                   0,              0.0882
        50,       123,      1.00,              0.0074,                   0,              0.0956
        50,       124,      1.00,              0.0074,                   0,              0.0956
        50,       125,      1.00,                   0,                   0,              0.0662
        50,       126,      1.00,              0.1250,                   0,              0.2132
        50,       127,      1.00,              0.1397,                   0,              0.3088
        50,       128,      1.00,              0.0074,                   0,              0.1029
        50,       129,      1.00,              0.0221,                   0,              0.0662
        50,       130,      1.00,                   0,                   0,              0.0662
        50,       131,      1.00,                   0,                   0,              0.0368
        50,       132,      1.00,                   0,                   0,              0.0662
        50,       133,      1.00,              0.0221,                   0,              0.0294
        50,       134,      1.00,              0.0074,                   0,              0.0588
        50,       135,      1.00,              0.1764,                   0,              0.0735
        50,       136,      1.00,                   0,                   0,              0.0809
        50,       137,      1.00,                   0,                   0,              0.0441
        50,       138,      1.00,                   0,                   0,              0.0956
        50,       139,      1.00,                   0,                   0,              0.0074
        50,       140,      1.00,              0.0441,                   0,              0.1470
        50,       141,      1.00,                   0,                   0,              0.1250
        50,       142,      1.00,                   0,                   0,              0.0515
        50,       143,      1.00,              0.0221,                   0,              0.1470
        50,       144,      1.00,                   0,                   0,              0.0368
        50,       145,      1.00,              0.0368,                   0,              0.0809
        50,       146,      1.00,              0.0368,                   0,              0.1838
        50,       147,      1.00,                   0,                   0,              0.0735
        50,       148,      1.00,              0.0368,                   0,              0.1397
        50,       149,      1.00,                   0,                   0,              0.0735
        50,       150,      1.00,                   0,                   0,              0.0809
        50,       151,      1.00,              0.0074,                   0,              0.1617
        50,       152,      1.00,                   0,                   0,              0.0368
        50,       153,      1.00,              0.0221,                   0,              0.0441
        50,       154,      1.00,              0.0074,                   0,              0.0515
        50,       155,      1.00,              0.0074,                   0,              0.1103
        50,       156,      1.00,                   0,                   0,              0.0221
        50,       157,      1.00,                   0,                   0,              0.0074
        50,       159,      1.00,                   0,                   0,              0.0074
        50,       160,      1.00,                   0,                   0,              0.0515
        50,       161,      1.00,              0.0515,                   0,              0.0147
        50,       162,      1.00,                   0,                   0,              0.0956
        50,       163,      1.00,                   0,                   0,              0.0074
        50,       164,      1.00,              0.0662,                   0,              0.0221
        50,       165,      1.00,              0.0441,                   0,              0.0735
        50,       166,      1.00,                   0,                   0,              0.0882
        50,       167,      1.00,                   0,                   0,              0.0809
        50,       168,      1.00,                   0,                   0,              0.0515
        50,       169,      1.00,                   0,                   0,              0.0147
        50,       171,      1.00,                   0,                   0,              0.0074
        50,       172,      1.00,                   0,                   0,              0.0221
        50,       177,      1.00,                   0,                   0,              0.0368
        50,       178,      1.00,              0.0441,                   0,              0.1029
        50,       179,      1.00,              0.0221,                   0,              0.1250
        50,       180,      1.00,                   0,                   0,              0.0147
        50,       181,      1.00,                   0,                   0,              0.0588
        50,       182,      1.00,              0.0515,                   0,              0.1250
        50,       184,      1.00,              0.0221,                   0,                   0
        50,       191,      1.00,                   0,                   0,              0.0074
        50,       198,      1.00,              0.1764,                   0,                   0
        50,       205,      1.00,                   0,                   0,              0.0074
        50,       208,      1.00,              0.1103,                   0,              0.0662
        50,       209,      1.00,              1.4923,                   0,              0.1617
        50,       210,      1.00,              0.4337,                   0,              0.1029
        50,       211,      1.00,                   0,                   0,              0.0074
        50,       213,      1.00,                   0,                   0,              0.0441
        50,       214,      1.00,                   0,                   0,              0.0074
        50,       218,      1.00,                   0,                   0,              0.0074
        50,       219,      1.00,                   0,                   0,              0.0074
        50,       224,      1.00,                   0,                   0,              0.0074
        50,       226,      1.00,                   0,                   0,              0.0074
        51,         1,      1.00,              0.0074,                   0,                   0
        51,         2,      1.00,              0.0147,                   0,                   0
        51,         4,      1.00,              0.0074,                   0,                   0
        51,         6,      1.00,              0.0221,                   0,                   0
        51,         7,      1.00,              0.0294,                   0,                   0
        51,         8,      1.00,              0.0368,                   0,                   0
        51,         9,      1.00,              0.0221,                   0,                   0
        51,        10,      1.00,              0.0074,                   0,                   0
        51,        11,      1.00,              0.0074,                   0,                   0
        51,        12,      1.00,              0.0147,                   0,                   0
        51,        13,      1.00,              0.0735,                   0,              0.0074
        51,        14,      1.00,              0.0735,                   0,              0.0074
        51,        15,      1.00,              0.1470,                   0,              0.0074
        51,        16,      1.00,              0.0147,                   0,                   0
        51,        17,      1.00,              0.0147,                   0,                   0
        51,        18,      1.00,              0.0074,                   0,                   0
        51,        20,      1.00,              0.0074,                   0,                   0
        51,        22,      1.00,              0.0074,                   0,                   0
        51,        23,      1.00,              0.0662,                   0,                   0
        51,        24,      1.00,              0.0735,                   0,                   0
        51,        25,      1.00,              0.0074,                   0,                   0
        51,        26,      1.00,              0.0882,                   0,                   0
        51,        27,      1.00,              0.1764,                   0,              0.0074
        51,        28,      1.00,              0.2058,                   0,              0.0074
        51,        29,      1.00,              0.0735,                   0,                   0
        51,        30,      1.00,              0.0515,                   0,                   0
        51,        31,      1.00,              0.1029,                   0,                   0
        51,        32,      1.00,              0.2794,                   0,              0.0074
        51,        33,      1.00,              0.2205,                   0,              0.0074
        51,        34,      1.00,              0.0735,                   0,                   0
        51,        35,      1.00,              0.1544,                   0,              0.0074
        51,        36,      1.00,              0.1250,                   0,                   0
        51,        37,      1.00,              0.0515,                   0,              0.0074
        51,        38,      1.00,              0.0735,                   0,                   0
        51,        39,      1.00,              0.2132,                   0,              0.0074
        51,        40,      1.00,              0.1250,                   0,                   0
        51,        41,      1.00,              0.2205,                   0,              0.0074
        51,        42,      1.00,              0.0515,                   0,                   0
        51,        43,      1.00,              0.1029,                   0,                   0
        51,        44,      1.00,              0.1544,                   0,                   0
        51,        45,      1.00,              0.2205,                   0,              0.0074
        51,        46,      1.00,              0.0441,                   0,                   0
        51,        47,      1.00,              0.0294,                   0,                   0
        51,        48,      1.00,              0.0074,                   0,                   0
        51,        49,      1.00,              0.4043,                   0,              0.0074
        51,        50,      1.00,              0.0515,                   0,                   0
        51,        51,      1.00,              0.0147,                   0,                   0
        51,        52,      1.00,              0.8748,                   0,                   0
        51,        53,      1.00,              0.0662,                   0,                   0
        51,        54,      1.00,              0.2794,                   0,                   0
        51,        55,      1.00,              0.5955,                   0,              0.0074
        51,        56,      1.00,              0.4778,                   0,              0.0074
        51,        57,      1.00,              0.0221,                   0,                   0
        51,        58,      1.00,              0.4043,                   0,              0.0074
        51,        59,      1.00,              0.2279,                   0,                   0
        51,        60,      1.00,              0.2426,                   0,                   0
        51,        61,      1.00,              0.1764,                   0,                   0
        51,        62,      1.00,              0.1250,                   0,                   0
        51,        63,      1.00,              0.1176,                   0,                   0
        51,        64,      1.00,              0.0368,                   0,                   0
        51,        65,      1.00,              0.3235,                   0,                   0
        51,        66,      1.00,              0.2720,                   0,                   0
        51,        67,      1.00,              0.0956,                   0,                   0
        51,        68,      1.00,              0.0441,                   0,                   0
        51,        69,      1.00,              0.0956,                   0,                   0
        51,        70,      1.00,              0.0662,                   0,                   0
        51,        71,      1.00,              0.0294,                   0,                   0
        51,        72,      1.00,              0.0441,                   0,                   0
        51,        74,      1.00,              0.0074,                   0,                   0
        51,        75,      1.00,              0.0588,                   0,                   0
        51,        76,      1.00,              0.0588,                   0,                   0
        51,        77,      1.00,              0.0221,                   0,                   0
        51,        79,      1.00,              0.0441,                   0,                   0
        51,        80,      1.00,              0.0588,                   0,                   0
        51,        81,      1.00,              0.0515,                   0,                   0
        51,        82,      1.00,              0.0294,                   0,                   0
        51,        83,      1.00,              0.0515,                   0,                   0
        51,        84,      1.00,              0.0441,                   0,                   0
        51,        85,      1.00,              0.0588,                   0,                   0
        51,        86,      1.00,              0.0368,                   0,                   0
        51,        87,      1.00,              0.0074,                   0,                   0
        51,        88,      1.00,              0.0147,                   0,                   0
        51,        89,      1.00,              0.0074,                   0,                   0
        51,        90,      1.00,              0.0294,                   0,                   0
        51,        91,      1.00,              0.0074,                   0,                   0
        51,        92,      1.00,              0.0074,                   0,                   0
        51,        93,      1.00,              0.0074,                   0,                   0
        51,        94,      1.00,              0.0074,                   0,                   0
        51,        95,      1.00,              0.0147,                   0,                   0
        51,        97,      1.00,              0.0147,                   0,                   0
        51,        98,      1.00,              0.0074,                   0,                   0
        51,        99,      1.00,              0.0221,                   0,                   0
        51,       100,      1.00,              0.0147,                   0,                   0
        51,       101,      1.00,              0.0294,                   0,                   0
        51,       103,      1.00,              0.0368,                   0,                   0
        51,       104,      1.00,              0.0147,                   0,                   0
        51,       106,      1.00,              0.0147,                   0,                   0
        51,       107,      1.00,              0.0074,                   0,                   0
        51,       109,      1.00,              0.0074,                   0,                   0
        51,       112,      1.00,              0.3749,                   0,              0.0074
        51,       113,      1.00,              0.0074,                   0,                   0
        51,       114,      1.00,              0.0147,                   0,                   0
        51,       117,      1.00,              0.0074,                   0,                   0
        51,       118,      1.00,              0.0147,                   0,                   0
        51,       119,      1.00,              0.0074,                   0,                   0
        51,       120,      1.00,              0.0221,                   0,                   0
        51,       121,      1.00,              0.0074,                   0,                   0
        51,       124,      1.00,              0.0074,                   0,                   0
        51,       125,      1.00,              0.0074,                   0,                   0
        51,       126,      1.00,              0.0074,                   0,                   0
        51,       127,      1.00,              0.0074,                   0,                   0
        51,       135,      1.00,              0.0074,                   0,                   0
        51,       142,      1.00,              0.0074,                   0,                   0
        51,       143,      1.00,              0.0074,                   0,                   0
        51,       148,      1.00,              0.0074,                   0,                   0
        51,       154,      1.00,              0.0074,                   0,                   0
        51,       155,      1.00,              0.0074,                   0,                   0
        51,       172,      1.00,              0.0074,                   0,                   0
        51,       182,      1.00,              0.0074,                   0,                   0
        51,       188,      1.00,              0.0074,                   0,                   0
        51,       208,      1.00,              0.0074,                   0,                   0
        51,       209,      1.00,              0.1029,                   0,                   0
        51,       210,      1.00,              0.1323,                   0,                   0
        52,         1,      1.00,              0.4043,                   0,              0.0074
        52,         2,      1.00,              0.6175,                   0,              0.0147
        52,         3,      1.00,              0.0074,                   0,                   0
        52,         4,      1.00,              0.5440,                   0,                   0
        52,         5,      1.00,              0.1323,                   0,              0.0221
        52,         6,      1.00,              0.9483,                   0,              0.0294
        52,         7,      1.00,              1.3453,                   0,              0.0368
        52,         8,      1.00,              1.8452,                   0,              0.1176
        52,         9,      1.00,              1.3233,                   0,              0.0294
        52,        10,      1.00,              0.2499,                   0,                   0
        52,        11,      1.00,              0.5587,                   0,              0.0147
        52,        12,      1.00,              0.7940,                   0,              0.0294
        52,        13,      1.00,              3.7198,                   0,              0.2426
        52,        14,      1.00,              3.7713,                   0,              0.4190
        52,        15,      1.00,              7.6455,                   0,              0.4631
        52,        16,      1.00,              0.6028,                   0,              0.0074
        52,        17,      1.00,              0.6102,                   0,              0.0588
        52,        18,      1.00,              0.4043,                   0,              0.0147
        52,        19,      1.00,              0.2132,                   0,              0.0662
        52,        20,      1.00,              0.3602,                   0,              0.0074
        52,        21,      1.00,                   0,                   0,              0.0147
        52,        22,      1.00,              0.5146,                   0,              0.0441
        52,        23,      1.00,              3.4625,                   0,              0.1911
        52,        24,      1.00,              3.5875,                   0,              0.1470
        52,        25,      1.00,              0.4705,                   0,              0.0368
        52,        26,      1.00,              4.3594,                   0,              0.0735
        52,        27,      1.00,              8.9100,                   0,              0.2132
        52,        28,      1.00,             10.6228,                   0,              0.3088
        52,        29,      1.00,              3.9257,                   0,              0.1103
        52,        30,      1.00,              2.7421,                   0,              0.0441
        52,        31,      1.00,              5.2710,                   0,              0.0662
        52,        32,      1.00,             14.3353,                   0,              0.2426
        52,        33,      1.00,             11.2404,                   0,              0.2058
        52,        34,      1.00,              3.8669,                   0,              0.0515
        52,        35,      1.00,              7.9175,                   0,              0.2132
        52,        36,      1.00,              6.3811,                   0,              0.1764
        52,        37,      1.00,              2.7274,                   0,              0.2058
        52,        38,      1.00,              3.7713,                   0,              0.1691
        52,        39,      1.00,             10.9316,                   0,              0.2647
        52,        40,      1.00,              6.5869,                   0,              0.1911
        52,        41,      1.00,             11.4609,                   0,              0.4337
        52,        42,      1.00,              2.7788,                   0,              0.0368
        52,        43,      1.00,              5.1534,                   0,              0.0809
        52,        44,      1.00,              8.0278,                   0,              0.1176
        52,        45,      1.00,             11.2110,                   0,              0.2058
        52,        46,      1.00,              2.3525,                   0,              0.0662
        52,        47,      1.00,              1.3380,                   0,              0.0147
        52,        48,      1.00,              0.4264,                   0,              0.0221
        52,        49,      1.00,             20.7678,                   0,              0.2132
        52,        50,      1.00,              2.4627,                   0,              0.1323
        52,        51,      1.00,              0.8748,                   0,                   0
        52,        52,      1.00,             45.0203,                   0,              0.1838
        52,        53,      1.00,              3.2567,                   0,              0.0147
        52,        54,      1.00,             14.2471,                   0,              0.0735
        52,        55,      1.00,             30.4423,                   0,              0.2426
        52,        56,      1.00,             24.5979,                   0,              0.3676
        52,        57,      1.00,              0.9336,                   0,              0.0147
        52,        58,      1.00,             20.8046,                   0,              0.3382
        52,        59,      1.00,             11.7476,                   0,              0.1103
        52,        60,      1.00,             12.4313,                   0,              0.1397
        52,        61,      1.00,              8.9835,                   0,              0.1397
        52,        62,      1.00,              6.5207,                   0,              0.0441
        52,        63,      1.00,              5.8370,                   0,              0.0515
        52,        64,      1.00,              1.8673,                   0,              0.0368
        52,        65,      1.00,             16.5408,                   0,              0.1911
        52,        66,      1.00,             14.0119,                   0,              0.1250
        52,        67,      1.00,              5.0431,                   0,              0.0588
        52,        68,      1.00,              2.3745,                   0,              0.0294
        52,        69,      1.00,              4.9034,                   0,              0.1029
        52,        70,      1.00,              3.2052,                   0,              0.0294
        52,        71,      1.00,              1.5953,                   0,              0.0147
        52,        72,      1.00,              2.1466,                   0,              0.0074
        52,        73,      1.00,              0.1323,                   0,              0.0221
        52,        74,      1.00,              0.5146,                   0,              0.0147
        52,        75,      1.00,              2.9038,                   0,              0.0441
        52,        76,      1.00,              3.0435,                   0,              0.0221
        52,        77,      1.00,              1.2424,                   0,              0.0147
        52,        79,      1.00,              2.2422,                   0,              0.0441
        52,        80,      1.00,              3.0509,                   0,              0.0294
        52,        81,      1.00,              2.6539,                   0,              0.0147
        52,        82,      1.00,              1.3012,                   0,              0.0147
        52,        83,      1.00,              2.7641,                   0,              0.0735
        52,        84,      1.00,              2.1834,                   0,              0.0441
        52,        85,      1.00,              3.1538,                   0,              0.0515
        52,        86,      1.00,              1.7864,                   0,              0.0441
        52,        87,      1.00,              0.4117,                   0,              0.0074
        52,        88,      1.00,              0.6102,                   0,                   0
        52,        89,      1.00,              0.2647,                   0,              0.0074
        52,        90,      1.00,              1.3380,                   0,              0.0221
        52,        91,      1.00,              0.2794,                   0,              0.0147
        52,        92,      1.00,              0.2352,                   0,              0.0662
        52,        93,      1.00,              0.3161,                   0,              0.0147
        52,        94,      1.00,              0.3235,                   0,              0.0221
        52,        95,      1.00,              0.6396,                   0,              0.0588
        52,        96,      1.00,                   0,                   0,              0.0147
        52,        97,      1.00,              0.6102,                   0,              0.0074
        52,        98,      1.00,              0.5146,                   0,              0.0074
        52,        99,      1.00,              1.2130,                   0,                   0
        52,       100,      1.00,              0.8307,                   0,              0.0221
        52,       101,      1.00,              1.4482,                   0,              0.0294
        52,       103,      1.00,              2.0584,                   0,              0.0147
        52,       104,      1.00,              0.6175,                   0,              0.0147
        52,       105,      1.00,              0.0074,                   0,              0.0074
        52,       106,      1.00,              0.6175,                   0,              0.0147
        52,       107,      1.00,              0.4705,                   0,              0.0074
        52,       108,      1.00,              0.0074,                   0,                   0
        52,       109,      1.00,              0.5146,                   0,              0.0074
        52,       110,      1.00,              0.1029,                   0,                   0
        52,       111,      1.00,                   0,                   0,              0.0074
        52,       112,      1.00,             19.1358,                   0,              0.5440
        52,       113,      1.00,              0.3014,                   0,              0.0074
        52,       114,      1.00,              0.7719,                   0,                   0
        52,       116,      1.00,              0.0074,                   0,              0.0221
        52,       117,      1.00,              0.5146,                   0,              0.0147
        52,       118,      1.00,              0.8234,                   0,              0.0368
        52,       119,      1.00,              0.4264,                   0,              0.0588
        52,       120,      1.00,              1.2792,                   0,              0.0294
        52,       121,      1.00,              0.4852,                   0,              0.0441
        52,       122,      1.00,              0.1397,                   0,              0.0368
        52,       123,      1.00,              0.1176,                   0,              0.0441
        52,       124,      1.00,              0.3235,                   0,              0.0294
        52,       125,      1.00,              0.3749,                   0,              0.0147
        52,       126,      1.00,              0.3308,                   0,              0.0809
        52,       127,      1.00,              0.5514,                   0,              0.0662
        52,       128,      1.00,              0.1103,                   0,              0.0294
        52,       129,      1.00,              0.1470,                   0,              0.0221
        52,       130,      1.00,              0.0809,                   0,              0.0147
        52,       131,      1.00,              0.1103,                   0,              0.0147
        52,       132,      1.00,              0.0147,                   0,              0.0147
        52,       133,      1.00,              0.0809,                   0,              0.0147
        52,       134,      1.00,              0.1103,                   0,              0.0147
        52,       135,      1.00,              0.2058,                   0,              0.0147
        52,       136,      1.00,              0.1544,                   0,              0.0147
        52,       137,      1.00,              0.0588,                   0,              0.0074
        52,       138,      1.00,                   0,                   0,              0.0074
        52,       139,      1.00,                   0,                   0,              0.0074
        52,       140,      1.00,              0.0662,                   0,              0.0221
        52,       141,      1.00,              0.1617,                   0,              0.0221
        52,       142,      1.00,              0.4705,                   0,              0.0221
        52,       143,      1.00,              0.2352,                   0,              0.0221
        52,       144,      1.00,              0.0074,                   0,              0.0074
        52,       145,      1.00,              0.0441,                   0,              0.0074
        52,       146,      1.00,              0.1764,                   0,              0.0368
        52,       147,      1.00,              0.0294,                   0,              0.0147
        52,       148,      1.00,              0.1911,                   0,              0.0221
        52,       149,      1.00,              0.0515,                   0,              0.0221
        52,       150,      1.00,              0.1029,                   0,              0.0294
        52,       151,      1.00,              0.0662,                   0,              0.0294
        52,       152,      1.00,              0.0294,                   0,              0.0147
        52,       153,      1.00,              0.0294,                   0,              0.0147
        52,       154,      1.00,              0.2058,                   0,              0.0588
        52,       155,      1.00,              0.2132,                   0,              0.0441
        52,       156,      1.00,              0.0147,                   0,              0.0074
        52,       160,      1.00,              0.0074,                   0,              0.0074
        52,       161,      1.00,              0.1544,                   0,              0.0368
        52,       162,      1.00,              0.0147,                   0,              0.0221
        52,       164,      1.00,              0.0147,                   0,              0.0147
        52,       165,      1.00,              0.1617,                   0,              0.0294
        52,       166,      1.00,              0.0441,                   0,              0.0294
        52,       167,      1.00,              0.1397,                   0,              0.0147
        52,       168,      1.00,              0.0221,                   0,              0.0074
        52,       170,      1.00,              0.1470,                   0,              0.0368
        52,       172,      1.00,              0.2058,                   0,              0.0147
        52,       175,      1.00,              0.0588,                   0,              0.0074
        52,       177,      1.00,              0.0515,                   0,              0.0074
        52,       178,      1.00,              0.0809,                   0,              0.0221
        52,       179,      1.00,              0.0956,                   0,              0.0294
        52,       181,      1.00,              0.0368,                   0,              0.0074
        52,       182,      1.00,              0.2867,                   0,              0.0074
        52,       183,      1.00,              0.0368,                   0,                   0
        52,       184,      1.00,              0.0662,                   0,                   0
        52,       185,      1.00,              0.0662,                   0,                   0
        52,       186,      1.00,              0.1985,                   0,                   0
        52,       188,      1.00,              0.4043,                   0,              0.0074
        52,       208,      1.00,              0.4631,                   0,              0.0074
        52,       209,      1.00,              5.4327,                   0,              0.1029
        52,       210,      1.00,              6.6972,                   0,              0.0662
        52,       211,      1.00,                   0,                   0,              0.0074
        52,       212,      1.00,              0.0074,                   0,                   0
        52,       213,      1.00,              0.0074,                   0,              0.0074
        52,       217,      1.00,                   0,                   0,              0.0074
        52,       218,      1.00,                   0,                   0,              0.0221
        52,       219,      1.00,                   0,                   0,              0.0294
        52,       224,      1.00,                   0,                   0,              0.0441
        52,       226,      1.00,              0.0074,                   0,              0.0368
        53,         5,      1.00,              0.1617,                   0,                   0
        53,         6,      1.00,              0.2058,                   0,                   0
        53,         7,      1.00,              0.1029,                   0,                   0
        53,         8,      1.00,              0.0074,                   0,                   0
        53,        11,      1.00,              0.0735,                   0,                   0
        53,        12,      1.00,              0.1397,                   0,                   0
        53,        13,      1.00,              0.0074,                   0,                   0
        53,        14,      1.00,              0.6249,                   0,              0.0074
        53,        15,      1.00,              0.7278,                   0,              0.0294
        53,        18,      1.00,              0.2058,                   0,                   0
        53,        19,      1.00,              0.2058,                   0,                   0
        53,        20,      1.00,              0.0441,                   0,                   0
        53,        23,      1.00,              0.6175,                   0,                   0
        53,        24,      1.00,              0.5146,                   0,                   0
        53,        25,      1.00,              0.5146,                   0,                   0
        53,        26,      1.00,              0.1029,                   0,              0.0074
        53,        27,      1.00,              0.8307,                   0,              0.0147
        53,        28,      1.00,              1.5659,                   0,              0.0221
        53,        29,      1.00,              0.4117,                   0,              0.0074
        53,        30,      1.00,                   0,                   0,              0.0074
        53,        31,      1.00,              1.0954,                   0,              0.0074
        53,        32,      1.00,              2.9038,                   0,              0.0221
        53,        33,      1.00,              1.6100,                   0,              0.0221
        53,        34,      1.00,              0.4117,                   0,                   0
        53,        35,      1.00,              0.8234,                   0,                   0
        53,        36,      1.00,              0.1029,                   0,                   0
        53,        37,      1.00,              0.1103,                   0,              0.0147
        53,        38,      1.00,              0.6175,                   0,              0.0147
        53,        39,      1.00,              1.7129,                   0,              0.0147
        53,        40,      1.00,              0.5220,                   0,              0.0074
        53,        41,      1.00,              0.2132,                   0,              0.0147
        53,        42,      1.00,              0.3676,                   0,                   0
        53,        44,      1.00,              0.4778,                   0,              0.0074
        53,        45,      1.00,              0.0074,                   0,              0.0147
        53,        46,      1.00,                   0,                   0,              0.0074
        53,        47,      1.00,              0.0882,                   0,                   0
        53,        48,      1.00,              0.0588,                   0,                   0
        53,        49,      1.00,              1.1027,                   0,              0.0147
        53,        50,      1.00,              0.3529,                   0,              0.0074
        53,        51,      1.00,              0.0368,                   0,                   0
        53,        52,      1.00,              2.0437,                   0,              0.0147
        53,        53,      1.00,              0.3088,                   0,                   0
        53,        54,      1.00,              2.3231,                   0,                   0
        53,        55,      1.00,              1.0366,                   0,              0.0074
        53,        56,      1.00,              1.1174,                   0,              0.0147
        53,        57,      1.00,              0.0441,                   0,                   0
        53,        58,      1.00,              0.3161,                   0,              0.0147
        53,        59,      1.00,              2.3672,                   0,              0.0074
        53,        60,      1.00,              2.3672,                   0,              0.0074
        53,        61,      1.00,              0.7278,                   0,              0.0147
        53,        62,      1.00,              0.6837,                   0,              0.0074
        53,        63,      1.00,              0.2058,                   0,              0.0074
        53,        64,      1.00,              0.2058,                   0,              0.0074
        53,        65,      1.00,              0.4778,                   0,              0.0147
        53,        66,      1.00,              1.7276,                   0,                   0
        53,        67,      1.00,              0.3235,                   0,                   0
        53,        68,      1.00,              0.0956,                   0,                   0
        53,        69,      1.00,              0.3088,                   0,                   0
        53,        70,      1.00,              0.4705,                   0,                   0
        53,        71,      1.00,              0.2058,                   0,                   0
        53,        74,      1.00,              0.2058,                   0,                   0
        53,        75,      1.00,              0.8234,                   0,                   0
        53,        79,      1.00,              0.2058,                   0,                   0
        53,        80,      1.00,              0.3088,                   0,                   0
        53,        81,      1.00,              0.1397,                   0,                   0
        53,        82,      1.00,              0.4117,                   0,                   0
        53,        83,      1.00,              0.2058,                   0,              0.0074
        53,        84,      1.00,              0.2058,                   0,              0.0074
        53,        85,      1.00,              0.2058,                   0,              0.0074
        53,        86,      1.00,              0.2058,                   0,                   0
        53,        92,      1.00,                   0,                   0,              0.0074
        53,        95,      1.00,                   0,                   0,              0.0074
        53,        97,      1.00,              0.0956,                   0,                   0
        53,        98,      1.00,              0.1103,                   0,              0.0074
        53,       100,      1.00,                   0,                   0,              0.0294
        53,       101,      1.00,              0.2058,                   0,              0.0147
        53,       104,      1.00,              0.1029,                   0,                   0
        53,       106,      1.00,              0.2058,                   0,                   0
        53,       109,      1.00,              0.2058,                   0,                   0
        53,       112,      1.00,              0.5220,                   0,              0.0368
        53,       114,      1.00,              0.1029,                   0,              0.0147
        53,       119,      1.00,                   0,                   0,              0.0074
        53,       121,      1.00,                   0,                   0,              0.0074
        53,       126,      1.00,              0.0368,                   0,              0.0074
        53,       127,      1.00,                   0,                   0,              0.0074
        53,       128,      1.00,                   0,                   0,              0.0074
        53,       129,      1.00,                   0,                   0,              0.0074
        53,       130,      1.00,              0.0147,                   0,                   0
        53,       132,      1.00,              0.0221,                   0,                   0
        53,       140,      1.00,              0.0221,                   0,              0.0074
        53,       146,      1.00,                   0,                   0,              0.0074
        53,       154,      1.00,                   0,                   0,              0.0074
        53,       155,      1.00,                   0,                   0,              0.0074
        53,       161,      1.00,              0.0074,                   0,                   0
        53,       170,      1.00,                   0,                   0,              0.0074
        53,       174,      1.00,              0.1029,                   0,                   0
        53,       177,      1.00,              0.0221,                   0,                   0
        53,       208,      1.00,              0.2058,                   0,                   0
        53,       209,      1.00,              0.4117,                   0,              0.0074
        53,       210,      1.00,              0.3308,                   0,                   0
        54,         5,      1.00,              0.2058,                   0,              0.0074
        54,         6,      1.00,              0.2352,                   0,              0.0147
        54,         7,      1.00,              0.1764,                   0,              0.0147
        54,         8,      1.00,              0.8013,                   0,              0.0441
        54,         9,      1.00,              0.3161,                   0,              0.0221
        54,        11,      1.00,              0.0441,                   0,              0.0074
        54,        12,      1.00,              0.3455,                   0,              0.0074
        54,        13,      1.00,              0.7131,                   0,              0.0515
        54,        14,      1.00,              1.2571,                   0,              0.1323
        54,        15,      1.00,              2.3084,                   0,              0.3161
        54,        17,      1.00,              0.2058,                   0,              0.0441
        54,        18,      1.00,                   0,                   0,              0.0074
        54,        19,      1.00,              0.2058,                   0,              0.0441
        54,        21,      1.00,                   0,                   0,              0.0074
        54,        22,      1.00,              0.4117,                   0,              0.0368
        54,        23,      1.00,              0.3161,                   0,              0.0515
        54,        24,      1.00,              0.6469,                   0,              0.0368
        54,        25,      1.00,                   0,                   0,              0.0074
        54,        26,      1.00,              0.5440,                   0,              0.0294
        54,        27,      1.00,              5.0210,                   0,              0.0956
        54,        28,      1.00,              7.3661,                   0,              0.1103
        54,        29,      1.00,              3.0067,                   0,              0.0294
        54,        30,      1.00,              1.4115,                   0,              0.0147
        54,        31,      1.00,              2.7274,                   0,              0.0221
        54,        32,      1.00,              7.2338,                   0,              0.0809
        54,        33,      1.00,              4.7343,                   0,              0.0588
        54,        34,      1.00,              2.2863,                   0,              0.0294
        54,        35,      1.00,              1.9702,                   0,              0.0368
        54,        36,      1.00,              1.2497,                   0,              0.0441
        54,        37,      1.00,              0.7498,                   0,              0.0441
        54,        38,      1.00,              1.0660,                   0,              0.0662
        54,        39,      1.00,              4.1021,                   0,              0.0882
        54,        40,      1.00,              1.5659,                   0,              0.0735
        54,        41,      1.00,              3.6022,                   0,              0.1250
        54,        42,      1.00,              1.0292,                   0,              0.0147
        54,        43,      1.00,              3.4625,                   0,              0.0221
        54,        44,      1.00,              1.8820,                   0,              0.0441
        54,        45,      1.00,              2.4848,                   0,              0.1103
        54,        46,      1.00,              0.5146,                   0,              0.0074
        54,        47,      1.00,              0.5514,                   0,              0.0074
        54,        48,      1.00,              0.1103,                   0,              0.0074
        54,        49,      1.00,              4.4256,                   0,              0.0662
        54,        50,      1.00,              0.6175,                   0,              0.0441
        54,        51,      1.00,              0.2279,                   0,                   0
        54,        52,      1.00,             11.6741,                   0,              0.0735
        54,        53,      1.00,              1.9775,                   0,                   0
        54,        54,      1.00,             14.0633,                   0,              0.0221
        54,        55,      1.00,              8.2924,                   0,              0.0809
        54,        56,      1.00,              3.7566,                   0,              0.1397
        54,        57,      1.00,              0.1397,                   0,              0.0074
        54,        58,      1.00,              5.6974,                   0,              0.1397
        54,        59,      1.00,              7.6014,                   0,              0.0515
        54,        60,      1.00,              9.9686,                   0,              0.0662
        54,        61,      1.00,              6.5060,                   0,              0.0588
        54,        62,      1.00,              5.9547,                   0,              0.0074
        54,        63,      1.00,              2.1246,                   0,              0.0221
        54,        64,      1.00,              0.5220,                   0,              0.0074
        54,        65,      1.00,              9.5201,                   0,              0.0809
        54,        66,      1.00,             14.2618,                   0,              0.0588
        54,        67,      1.00,              3.0803,                   0,              0.0294
        54,        68,      1.00,              2.0437,                   0,              0.0074
        54,        69,      1.00,              2.4627,                   0,              0.0441
        54,        70,      1.00,              1.5659,                   0,              0.0147
        54,        71,      1.00,              0.8895,                   0,              0.0147
        54,        72,      1.00,              1.0292,                   0,              0.0074
        54,        73,      1.00,              0.3161,                   0,              0.0147
        54,        74,      1.00,                   0,                   0,              0.0074
        54,        75,      1.00,              1.5144,                   0,              0.0294
        54,        76,      1.00,              2.2642,                   0,              0.0147
        54,        77,      1.00,              0.5146,                   0,              0.0074
        54,        79,      1.00,              0.4778,                   0,              0.0294
        54,        80,      1.00,              1.3012,                   0,              0.0147
        54,        81,      1.00,              0.3308,                   0,                   0
        54,        82,      1.00,              0.2132,                   0,              0.0074
        54,        83,      1.00,              1.0439,                   0,              0.0221
        54,        84,      1.00,              0.2132,                   0,              0.0074
        54,        85,      1.00,              0.6910,                   0,              0.0074
        54,        86,      1.00,              0.4190,                   0,              0.0221
        54,        87,      1.00,              0.1029,                   0,              0.0074
        54,        88,      1.00,              0.2058,                   0,                   0
        54,        90,      1.00,              0.2132,                   0,                   0
        54,        92,      1.00,              0.6249,                   0,              0.0074
        54,        94,      1.00,              0.0074,                   0,                   0
        54,        95,      1.00,              0.0074,                   0,              0.0074
        54,        96,      1.00,              0.3088,                   0,              0.0294
        54,        97,      1.00,              0.3602,                   0,                   0
        54,        98,      1.00,              0.2573,                   0,                   0
        54,        99,      1.00,              0.3088,                   0,                   0
        54,       100,      1.00,              0.0074,                   0,              0.0221
        54,       101,      1.00,              0.4190,                   0,              0.0147
        54,       103,      1.00,              0.4778,                   0,              0.0074
        54,       104,      1.00,              0.8234,                   0,              0.0221
        54,       105,      1.00,              0.4117,                   0,                   0
        54,       107,      1.00,              0.2058,                   0,                   0
        54,       108,      1.00,              0.3088,                   0,                   0
        54,       109,      1.00,              0.2058,                   0,                   0
        54,       111,      1.00,              0.1029,                   0,                   0
        54,       112,      1.00,              3.8301,                   0,              0.1397
        54,       113,      1.00,                   0,                   0,              0.0074
        54,       114,      1.00,              0.0662,                   0,                   0
        54,       116,      1.00,                   0,                   0,              0.0074
        54,       117,      1.00,              0.2132,                   0,                   0
        54,       118,      1.00,              0.0074,                   0,              0.0074
        54,       119,      1.00,              0.2132,                   0,              0.0074
        54,       120,      1.00,              0.2058,                   0,              0.0074
        54,       121,      1.00,              0.2132,                   0,              0.0074
        54,       122,      1.00,              0.6175,                   0,              0.0074
        54,       123,      1.00,              0.2132,                   0,              0.0074
        54,       124,      1.00,              0.0074,                   0,                   0
        54,       126,      1.00,              0.1323,                   0,              0.0074
        54,       127,      1.00,              0.2205,                   0,              0.0074
        54,       128,      1.00,              0.0588,                   0,                   0
        54,       132,      1.00,              0.0147,                   0,                   0
        54,       134,      1.00,              0.0735,                   0,                   0
        54,       135,      1.00,              0.2058,                   0,                   0
        54,       136,      1.00,              0.1691,                   0,                   0
        54,       137,      1.00,              0.0368,                   0,                   0
        54,       140,      1.00,              0.1176,                   0,                   0
        54,       141,      1.00,              0.0735,                   0,                   0
        54,       142,      1.00,              0.2058,                   0,              0.0074
        54,       143,      1.00,              0.1470,                   0,              0.0074
        54,       144,      1.00,              0.0074,                   0,                   0
        54,       145,      1.00,              0.0294,                   0,                   0
        54,       146,      1.00,              0.0515,                   0,              0.0074
        54,       148,      1.00,              0.1176,                   0,                   0
        54,       150,      1.00,              0.0588,                   0,              0.0074
        54,       151,      1.00,              0.0882,                   0,              0.0074
        54,       152,      1.00,              0.0221,                   0,              0.0074
        54,       153,      1.00,              0.0147,                   0,                   0
        54,       154,      1.00,              0.1397,                   0,              0.0074
        54,       155,      1.00,              0.0662,                   0,              0.0074
        54,       157,      1.00,              0.0588,                   0,                   0
        54,       160,      1.00,              0.0221,                   0,                   0
        54,       161,      1.00,              0.0515,                   0,              0.0147
        54,       162,      1.00,                   0,                   0,              0.0074
        54,       165,      1.00,              0.0147,                   0,              0.0074
        54,       166,      1.00,              0.0735,                   0,              0.0074
        54,       167,      1.00,              0.0221,                   0,                   0
        54,       168,      1.00,              0.0147,                   0,                   0
        54,       175,      1.00,              0.0221,                   0,                   0
        54,       177,      1.00,              0.0221,                   0,                   0
        54,       178,      1.00,              0.0294,                   0,              0.0074
        54,       179,      1.00,              0.0368,                   0,                   0
        54,       180,      1.00,              0.0147,                   0,                   0
        54,       181,      1.00,              0.0368,                   0,                   0
        54,       182,      1.00,              0.0515,                   0,                   0
        54,       183,      1.00,              0.0221,                   0,                   0
        54,       185,      1.00,              0.0221,                   0,                   0
        54,       209,      1.00,              2.4995,                   0,              0.0294
        54,       210,      1.00,              2.2348,                   0,              0.0294
        54,       218,      1.00,                   0,                   0,              0.0074
        54,       219,      1.00,                   0,                   0,              0.0074
        54,       224,      1.00,                   0,                   0,              0.0147
        54,       226,      1.00,                   0,                   0,              0.0147
        55,         1,      1.00,              0.4631,                   0,              0.0147
        55,         2,      1.00,              0.0662,                   0,              0.0221
        55,         3,      1.00,              0.1029,                   0,              0.0074
        55,         4,      1.00,              0.0074,                   0,              0.0074
        55,         5,      1.00,              0.3529,                   0,              0.0221
        55,         6,      1.00,              1.0660,                   0,              0.0294
        55,         7,      1.00,              0.8748,                   0,              0.0368
        55,         8,      1.00,              2.4186,                   0,              0.0662
        55,         9,      1.00,              1.3821,                   0,              0.0368
        55,        11,      1.00,              0.4117,                   0,              0.0221
        55,        12,      1.00,              0.5440,                   0,              0.0441
        55,        13,      1.00,              1.8746,                   0,              0.0956
        55,        14,      1.00,              1.9481,                   0,              0.1544
        55,        15,      1.00,              7.0500,                   0,              0.2867
        55,        16,      1.00,              0.0588,                   0,              0.0074
        55,        17,      1.00,              0.5808,                   0,              0.0221
        55,        18,      1.00,              0.2647,                   0,              0.0147
        55,        19,      1.00,              1.0807,                   0,              0.0221
        55,        20,      1.00,              0.3896,                   0,              0.0074
        55,        21,      1.00,                   0,                   0,              0.0221
        55,        22,      1.00,              0.0074,                   0,              0.0074
        55,        23,      1.00,              3.4405,                   0,              0.0515
        55,        24,      1.00,              1.2350,                   0,              0.0662
        55,        25,      1.00,              0.2132,                   0,              0.0147
        55,        26,      1.00,              2.3378,                   0,              0.0515
        55,        27,      1.00,              7.3809,                   0,              0.1617
        55,        28,      1.00,              8.1601,                   0,              0.2058
        55,        29,      1.00,              3.6831,                   0,              0.0662
        55,        30,      1.00,              2.0878,                   0,              0.0368
        55,        31,      1.00,              3.9624,                   0,              0.0515
        55,        32,      1.00,              9.4466,                   0,              0.1544
        55,        33,      1.00,              6.9692,                   0,              0.1544
        55,        34,      1.00,              3.8522,                   0,              0.0368
        55,        35,      1.00,              4.9549,                   0,              0.1397
        55,        36,      1.00,              4.4844,                   0,              0.1617
        55,        37,      1.00,              2.9406,                   0,              0.1397
        55,        38,      1.00,              1.4556,                   0,              0.1029
        55,        39,      1.00,             10.1671,                   0,              0.2279
        55,        40,      1.00,              2.9847,                   0,              0.1250
        55,        41,      1.00,              8.9908,                   0,              0.5881
        55,        42,      1.00,              6.6604,                   0,              0.0515
        55,        43,      1.00,             16.4158,                   0,              0.0882
        55,        44,      1.00,             12.2990,                   0,              0.2058
        55,        45,      1.00,             17.0921,                   0,              0.3676
        55,        46,      1.00,              4.5800,                   0,              0.0809
        55,        47,      1.00,              2.9700,                   0,              0.0294
        55,        48,      1.00,              0.1691,                   0,              0.0368
        55,        49,      1.00,              9.8215,                   0,              0.2058
        55,        50,      1.00,              0.9924,                   0,              0.1911
        55,        51,      1.00,              0.4705,                   0,              0.0074
        55,        52,      1.00,             23.9510,                   0,              0.2426
        55,        53,      1.00,              0.5220,                   0,              0.0074
        55,        54,      1.00,              8.5865,                   0,              0.0809
        55,        55,      1.00,             61.2449,                   0,              0.2573
        55,        56,      1.00,             14.5191,                   0,              0.6028
        55,        57,      1.00,              0.5514,                   0,              0.0221
        55,        58,      1.00,             20.5620,                   0,              0.4411
        55,        59,      1.00,             12.0196,                   0,              0.0735
        55,        60,      1.00,             10.4023,                   0,              0.1617
        55,        61,      1.00,              9.0129,                   0,              0.1250
        55,        62,      1.00,              6.9251,                   0,              0.1029
        55,        63,      1.00,              5.6606,                   0,              0.0735
        55,        64,      1.00,              1.4923,                   0,              0.0588
        55,        65,      1.00,             17.4303,                   0,              0.3014
        55,        66,      1.00,             33.7946,                   0,              0.1838
        55,        67,      1.00,              9.3437,                   0,              0.1691
        55,        68,      1.00,              3.8154,                   0,              0.0735
        55,        69,      1.00,              7.5205,                   0,              0.1838
        55,        70,      1.00,              8.6453,                   0,              0.0515
        55,        71,      1.00,              4.9990,                   0,              0.0515
        55,        72,      1.00,              3.2199,                   0,              0.0221
        55,        73,      1.00,              0.3088,                   0,              0.0515
        55,        74,      1.00,              0.9410,                   0,              0.0221
        55,        75,      1.00,              3.1317,                   0,              0.0956
        55,        76,      1.00,              2.8156,                   0,              0.0441
        55,        77,      1.00,              1.5512,                   0,              0.0294
        55,        79,      1.00,              2.4554,                   0,              0.1029
        55,        80,      1.00,              3.0656,                   0,              0.0662
        55,        81,      1.00,              2.7788,                   0,              0.0221
        55,        82,      1.00,              0.8234,                   0,              0.0294
        55,        83,      1.00,              6.0061,                   0,              0.0956
        55,        84,      1.00,              2.5804,                   0,              0.0515
        55,        85,      1.00,              4.6241,                   0,              0.0735
        55,        86,      1.00,              2.5436,                   0,              0.0662
        55,        87,      1.00,              0.0074,                   0,              0.0221
        55,        88,      1.00,              0.0074,                   0,              0.0074
        55,        89,      1.00,              0.5220,                   0,              0.0074
        55,        90,      1.00,              1.0586,                   0,              0.0294
        55,        91,      1.00,              0.3308,                   0,              0.0221
        55,        92,      1.00,              0.8601,                   0,              0.0662
        55,        93,      1.00,              0.0147,                   0,              0.0147
        55,        94,      1.00,              0.1323,                   0,              0.0221
        55,        95,      1.00,              1.1689,                   0,              0.0662
        55,        96,      1.00,              0.4117,                   0,              0.0368
        55,        97,      1.00,              0.4925,                   0,              0.0147
        55,        98,      1.00,              0.8601,                   0,              0.0147
        55,        99,      1.00,              0.2132,                   0,              0.0074
        55,       100,      1.00,              0.6028,                   0,              0.0441
        55,       101,      1.00,              1.3747,                   0,              0.0588
        55,       102,      1.00,              0.3088,                   0,              0.0074
        55,       103,      1.00,              1.9775,                   0,              0.0294
        55,       104,      1.00,              1.0439,                   0,              0.0515
        55,       105,      1.00,              0.4190,                   0,              0.0147
        55,       106,      1.00,              0.0147,                   0,              0.0221
        55,       107,      1.00,              0.4264,                   0,              0.0147
        55,       108,      1.00,              0.0074,                   0,              0.0074
        55,       109,      1.00,              0.4190,                   0,              0.0147
        55,       111,      1.00,                   0,                   0,              0.0074
        55,       112,      1.00,             10.4979,                   0,              0.8528
        55,       113,      1.00,              0.2058,                   0,                   0
        55,       114,      1.00,              0.3749,                   0,              0.0074
        55,       115,      1.00,                   0,                   0,              0.0074
        55,       116,      1.00,              0.0074,                   0,              0.0294
        55,       117,      1.00,              0.4264,                   0,              0.0221
        55,       118,      1.00,              0.7351,                   0,              0.0441
        55,       119,      1.00,              0.5440,                   0,              0.0662
        55,       120,      1.00,              1.1983,                   0,              0.0294
        55,       121,      1.00,              0.6028,                   0,              0.0515
        55,       122,      1.00,              1.1468,                   0,              0.0368
        55,       123,      1.00,              0.0147,                   0,              0.0515
        55,       124,      1.00,              0.0221,                   0,              0.0368
        55,       125,      1.00,              0.4264,                   0,              0.0147
        55,       126,      1.00,              0.5881,                   0,              0.0882
        55,       127,      1.00,              1.1248,                   0,              0.0662
        55,       128,      1.00,              0.1985,                   0,              0.0294
        55,       129,      1.00,              0.0515,                   0,              0.0221
        55,       130,      1.00,              0.1323,                   0,              0.0147
        55,       131,      1.00,              0.0074,                   0,              0.0147
        55,       132,      1.00,              0.0882,                   0,              0.0147
        55,       133,      1.00,              0.0735,                   0,              0.0147
        55,       134,      1.00,              0.0809,                   0,              0.0147
        55,       135,      1.00,              0.2279,                   0,              0.0147
        55,       136,      1.00,              0.0074,                   0,              0.0147
        55,       137,      1.00,              0.0074,                   0,              0.0074
        55,       138,      1.00,                   0,                   0,              0.0074
        55,       139,      1.00,              0.0221,                   0,              0.0074
        55,       140,      1.00,              0.1838,                   0,              0.0294
        55,       141,      1.00,              0.1691,                   0,              0.0294
        55,       142,      1.00,              0.5440,                   0,              0.0221
        55,       143,      1.00,              0.2647,                   0,              0.0294
        55,       144,      1.00,              0.0515,                   0,              0.0074
        55,       145,      1.00,              0.1250,                   0,              0.0147
        55,       146,      1.00,              0.2279,                   0,              0.0441
        55,       147,      1.00,              0.0882,                   0,              0.0147
        55,       148,      1.00,              0.2867,                   0,              0.0221
        55,       149,      1.00,              0.0147,                   0,              0.0221
        55,       150,      1.00,              0.0956,                   0,              0.0294
        55,       151,      1.00,              0.2941,                   0,              0.0368
        55,       152,      1.00,              0.0882,                   0,              0.0221
        55,       153,      1.00,              0.0441,                   0,              0.0147
        55,       154,      1.00,              0.2941,                   0,              0.0662
        55,       155,      1.00,              0.2499,                   0,              0.0441
        55,       156,      1.00,              0.0221,                   0,              0.0074
        55,       160,      1.00,              0.0735,                   0,              0.0074
        55,       161,      1.00,              0.1029,                   0,              0.0441
        55,       162,      1.00,              0.2205,                   0,              0.0294
        55,       164,      1.00,              0.0147,                   0,              0.0147
        55,       165,      1.00,              0.1617,                   0,              0.0294
        55,       166,      1.00,              0.0882,                   0,              0.0368
        55,       167,      1.00,              0.0735,                   0,              0.0221
        55,       168,      1.00,              0.0735,                   0,              0.0147
        55,       169,      1.00,              0.0074,                   0,              0.0074
        55,       170,      1.00,              0.0294,                   0,              0.0368
        55,       172,      1.00,              0.1029,                   0,              0.0147
        55,       174,      1.00,              0.0662,                   0,                   0
        55,       175,      1.00,              0.0662,                   0,              0.0074
        55,       177,      1.00,                   0,                   0,              0.0074
        55,       178,      1.00,              0.0735,                   0,              0.0221
        55,       179,      1.00,              0.1103,                   0,              0.0368
        55,       181,      1.00,              0.0294,                   0,              0.0074
        55,       182,      1.00,              0.1103,                   0,              0.0147
        55,       183,      1.00,              0.0221,                   0,                   0
        55,       184,      1.00,              0.1103,                   0,                   0
        55,       185,      1.00,              0.0221,                   0,                   0
        55,       188,      1.00,              0.2058,                   0,              0.0074
        55,       198,      1.00,              0.1029,                   0,                   0
        55,       207,      1.00,              0.0588,                   0,                   0
        55,       208,      1.00,              1.1101,                   0,              0.0147
        55,       209,      1.00,             10.0274,                   0,              0.1838
        55,       210,      1.00,             17.0774,                   0,              0.1323
        55,       211,      1.00,                   0,                   0,              0.0074
        55,       212,      1.00,              0.0074,                   0,              0.0074
        55,       213,      1.00,              0.0074,                   0,              0.0074
        55,       217,      1.00,                   0,                   0,              0.0074
        55,       218,      1.00,                   0,                   0,              0.0221
        55,       219,      1.00,                   0,                   0,              0.0294
        55,       224,      1.00,                   0,                   0,              0.0588
        55,       226,      1.00,              0.0074,                   0,              0.0441
        56,         1,      1.00,              0.2499,                   0,              0.0147
        56,         2,      1.00,              0.3088,                   0,              0.0221
        56,         3,      1.00,              0.6616,                   0,              0.0074
        56,         4,      1.00,              0.4117,                   0,              0.0074
        56,         5,      1.00,              0.1029,                   0,              0.0221
        56,         6,      1.00,              0.9189,                   0,              0.0368
        56,         7,      1.00,              2.0805,                   0,              0.0441
        56,         8,      1.00,              3.7198,                   0,              0.2279
        56,         9,      1.00,              2.1981,                   0,              0.0368
        56,        11,      1.00,              0.8675,                   0,              0.0368
        56,        12,      1.00,              1.2939,                   0,              0.0882
        56,        13,      1.00,              4.7931,                   0,              0.6322
        56,        14,      1.00,              7.7852,                   0,              0.8160
        56,        15,      1.00,              8.9320,                   0,              0.5367
        56,        16,      1.00,                   0,                   0,              0.0074
        56,        17,      1.00,              0.5955,                   0,              0.0147
        56,        18,      1.00,              1.0439,                   0,              0.0147
        56,        19,      1.00,              0.5220,                   0,              0.0368
        56,        20,      1.00,              0.2867,                   0,              0.0074
        56,        21,      1.00,              0.1029,                   0,              0.0147
        56,        22,      1.00,              0.2058,                   0,              0.0074
        56,        23,      1.00,              7.6382,                   0,              0.4117
        56,        24,      1.00,              2.9112,                   0,              0.2867
        56,        25,      1.00,              0.5072,                   0,              0.0515
        56,        26,      1.00,              1.8673,                   0,              0.1103
        56,        27,      1.00,              7.2338,                   0,              0.2352
        56,        28,      1.00,              6.7486,                   0,              0.2205
        56,        29,      1.00,              2.1099,                   0,              0.1397
        56,        30,      1.00,              2.1319,                   0,              0.0735
        56,        31,      1.00,              3.1317,                   0,              0.0735
        56,        32,      1.00,             10.6155,                   0,              0.2352
        56,        33,      1.00,              6.8221,                   0,              0.2720
        56,        34,      1.00,              3.6390,                   0,              0.0515
        56,        35,      1.00,             28.4722,                   0,              0.8601
        56,        36,      1.00,             12.3137,                   0,              0.5293
        56,        37,      1.00,              5.8959,                   0,              0.3823
        56,        38,      1.00,              4.4770,                   0,              0.2132
        56,        39,      1.00,             13.1003,                   0,              0.3308
        56,        40,      1.00,             15.3792,                   0,              0.2720
        56,        41,      1.00,             66.2733,                   0,              0.7866
        56,        42,      1.00,              7.1088,                   0,              0.1764
        56,        43,      1.00,              3.2640,                   0,              0.2499
        56,        44,      1.00,             11.7917,                   0,              0.3455
        56,        45,      1.00,             33.9122,                   0,              0.7351
        56,        46,      1.00,              5.4695,                   0,              0.1911
        56,        47,      1.00,              1.9922,                   0,              0.0147
        56,        48,      1.00,              0.6175,                   0,              0.0221
        56,        49,      1.00,             12.0343,                   0,              0.2499
        56,        50,      1.00,              3.5655,                   0,              0.1397
        56,        51,      1.00,              0.4778,                   0,              0.0074
        56,        52,      1.00,             24.6126,                   0,              0.3676
        56,        53,      1.00,              0.8969,                   0,              0.0147
        56,        54,      1.00,              6.0061,                   0,              0.1397
        56,        55,      1.00,             18.2169,                   0,              0.6028
        56,        56,      1.00,             93.3266,                   0,              0.5440
        56,        57,      1.00,              3.5581,                   0,              0.0221
        56,        58,      1.00,             56.9370,                   0,              0.9557
        56,        59,      1.00,              9.1526,                   0,              0.1250
        56,        60,      1.00,              7.2632,                   0,              0.2647
        56,        61,      1.00,              5.4107,                   0,              0.1838
        56,        62,      1.00,              4.2197,                   0,              0.2573
        56,        63,      1.00,              2.5583,                   0,              0.0662
        56,        64,      1.00,              1.2203,                   0,              0.0441
        56,        65,      1.00,              7.5279,                   0,              0.4631
        56,        66,      1.00,              7.6161,                   0,              0.4043
        56,        67,      1.00,              3.1538,                   0,              0.1176
        56,        68,      1.00,              1.3086,                   0,              0.0662
        56,        69,      1.00,              2.3231,                   0,              0.2058
        56,        70,      1.00,              3.1538,                   0,              0.0515
        56,        71,      1.00,              1.2277,                   0,              0.0221
        56,        72,      1.00,              0.9630,                   0,              0.0074
        56,        73,      1.00,              0.2426,                   0,              0.0368
        56,        74,      1.00,              1.0071,                   0,              0.0147
        56,        75,      1.00,              2.0143,                   0,              0.0735
        56,        76,      1.00,              2.5804,                   0,              0.0515
        56,        77,      1.00,              0.5072,                   0,              0.0368
        56,        79,      1.00,              1.2203,                   0,              0.0588
        56,        80,      1.00,              2.6024,                   0,              0.0294
        56,        81,      1.00,              2.9553,                   0,              0.0294
        56,        82,      1.00,              1.4335,                   0,              0.0221
        56,        83,      1.00,              4.2271,                   0,              0.1029
        56,        84,      1.00,              3.1317,                   0,              0.0735
        56,        85,      1.00,              3.4625,                   0,              0.0588
        56,        86,      1.00,              1.8526,                   0,              0.0368
        56,        87,      1.00,              0.0074,                   0,              0.0074
        56,        88,      1.00,              0.1029,                   0,                   0
        56,        89,      1.00,              0.3014,                   0,              0.0074
        56,        90,      1.00,              0.8307,                   0,              0.0294
        56,        91,      1.00,              0.4852,                   0,              0.0221
        56,        92,      1.00,              1.2350,                   0,              0.1103
        56,        93,      1.00,              0.4190,                   0,              0.0147
        56,        94,      1.00,              0.1323,                   0,              0.0221
        56,        95,      1.00,              1.1027,                   0,              0.0809
        56,        96,      1.00,              0.1985,                   0,                   0
        56,        97,      1.00,              0.3235,                   0,              0.0074
        56,        98,      1.00,              0.3088,                   0,              0.0147
        56,        99,      1.00,              0.3014,                   0,                   0
        56,       100,      1.00,              0.4778,                   0,              0.0588
        56,       101,      1.00,              0.8895,                   0,              0.0294
        56,       102,      1.00,              0.1985,                   0,              0.0074
        56,       103,      1.00,              2.1025,                   0,              0.0147
        56,       104,      1.00,              1.1615,                   0,              0.0221
        56,       105,      1.00,              0.6028,                   0,              0.0074
        56,       106,      1.00,              0.7057,                   0,              0.0515
        56,       107,      1.00,              0.8601,                   0,              0.0147
        56,       108,      1.00,              0.2647,                   0,                   0
        56,       109,      1.00,              0.4631,                   0,              0.0147
        56,       110,      1.00,              0.0588,                   0,                   0
        56,       111,      1.00,              0.1029,                   0,              0.0074
        56,       112,      1.00,             57.0693,                   0,              0.8013
        56,       113,      1.00,              0.1985,                   0,              0.0074
        56,       114,      1.00,              0.4631,                   0,              0.0074
        56,       115,      1.00,                   0,                   0,              0.0074
        56,       116,      1.00,              0.1029,                   0,              0.0294
        56,       117,      1.00,              0.2132,                   0,              0.0147
        56,       118,      1.00,              1.4997,                   0,              0.0441
        56,       119,      1.00,              0.7278,                   0,              0.0882
        56,       120,      1.00,              0.5293,                   0,              0.0294
        56,       121,      1.00,              0.8307,                   0,              0.0588
        56,       122,      1.00,              1.2056,                   0,              0.0441
        56,       123,      1.00,              0.4117,                   0,              0.0662
        56,       124,      1.00,              0.2279,                   0,              0.0294
        56,       125,      1.00,              0.3161,                   0,              0.0147
        56,       126,      1.00,              0.4558,                   0,              0.1103
        56,       127,      1.00,              0.9924,                   0,              0.1029
        56,       128,      1.00,              0.2720,                   0,              0.0441
        56,       129,      1.00,              0.0956,                   0,              0.0441
        56,       130,      1.00,              0.1176,                   0,              0.0147
        56,       131,      1.00,              0.0147,                   0,              0.0074
        56,       132,      1.00,              0.0735,                   0,              0.0147
        56,       133,      1.00,              0.0074,                   0,              0.0147
        56,       134,      1.00,              0.0809,                   0,              0.0074
        56,       135,      1.00,              0.4043,                   0,              0.0074
        56,       136,      1.00,              0.0074,                   0,              0.0147
        56,       137,      1.00,                   0,                   0,              0.0074
        56,       138,      1.00,              0.1985,                   0,                   0
        56,       139,      1.00,              0.0074,                   0,              0.0074
        56,       140,      1.00,              0.1323,                   0,              0.0221
        56,       141,      1.00,              0.0735,                   0,              0.0294
        56,       142,      1.00,              0.0147,                   0,              0.0294
        56,       143,      1.00,              0.3382,                   0,              0.0294
        56,       144,      1.00,              0.0588,                   0,              0.0074
        56,       145,      1.00,              0.1029,                   0,              0.0147
        56,       146,      1.00,              0.2205,                   0,              0.0368
        56,       147,      1.00,              0.0882,                   0,              0.0221
        56,       148,      1.00,              0.1470,                   0,              0.0294
        56,       149,      1.00,              0.0368,                   0,              0.0221
        56,       150,      1.00,              0.0588,                   0,              0.0368
        56,       151,      1.00,              0.0662,                   0,              0.0368
        56,       152,      1.00,              0.0294,                   0,              0.0221
        56,       153,      1.00,              0.0735,                   0,              0.0221
        56,       154,      1.00,              0.2279,                   0,              0.0735
        56,       155,      1.00,              0.1470,                   0,              0.0809
        56,       156,      1.00,              0.0662,                   0,              0.0074
        56,       159,      1.00,                   0,                   0,              0.0074
        56,       160,      1.00,              0.0588,                   0,              0.0074
        56,       161,      1.00,              0.1397,                   0,              0.0515
        56,       162,      1.00,              0.0147,                   0,              0.0221
        56,       164,      1.00,              0.0882,                   0,              0.0147
        56,       165,      1.00,              0.1323,                   0,              0.0368
        56,       166,      1.00,              0.0515,                   0,              0.0368
        56,       167,      1.00,              0.0294,                   0,              0.0221
        56,       168,      1.00,              0.0368,                   0,              0.0147
        56,       169,      1.00,              0.0147,                   0,              0.0074
        56,       170,      1.00,              0.0735,                   0,              0.0368
        56,       172,      1.00,              0.3161,                   0,              0.0074
        56,       173,      1.00,              0.0221,                   0,                   0
        56,       174,      1.00,              0.0368,                   0,                   0
        56,       175,      1.00,              0.0294,                   0,              0.0074
        56,       177,      1.00,              0.1397,                   0,              0.0147
        56,       178,      1.00,              0.0956,                   0,              0.0368
        56,       179,      1.00,              0.0588,                   0,              0.0294
        56,       180,      1.00,              0.0147,                   0,                   0
        56,       181,      1.00,              0.0588,                   0,              0.0074
        56,       182,      1.00,              0.0735,                   0,              0.0147
        56,       183,      1.00,              0.0221,                   0,              0.0074
        56,       184,      1.00,              0.0221,                   0,                   0
        56,       185,      1.00,              0.0662,                   0,                   0
        56,       186,      1.00,              0.0221,                   0,                   0
        56,       188,      1.00,              0.1985,                   0,              0.0074
        56,       189,      1.00,              0.0956,                   0,                   0
        56,       199,      1.00,              0.0441,                   0,                   0
        56,       202,      1.00,              0.1544,                   0,                   0
        56,       208,      1.00,              0.6175,                   0,              0.0368
        56,       209,      1.00,             12.2255,                   0,              0.4117
        56,       210,      1.00,              5.6018,                   0,              0.0515
        56,       211,      1.00,              0.0074,                   0,              0.0074
        56,       212,      1.00,              0.0074,                   0,                   0
        56,       213,      1.00,              0.0074,                   0,              0.0074
        56,       217,      1.00,                   0,                   0,              0.0074
        56,       218,      1.00,                   0,                   0,              0.0221
        56,       219,      1.00,                   0,                   0,              0.0294
        56,       224,      1.00,                   0,                   0,              0.0515
        56,       226,      1.00,              0.0074,                   0,              0.0441
        57,         1,      1.00,              0.0074,                   0,                   0
        57,         2,      1.00,              0.0147,                   0,                   0
        57,         3,      1.00,              0.0221,                   0,                   0
        57,         4,      1.00,              0.0147,                   0,                   0
        57,         6,      1.00,              0.0368,                   0,                   0
        57,         7,      1.00,              0.0809,                   0,                   0
        57,         8,      1.00,              0.1397,                   0,              0.0074
        57,         9,      1.00,              0.0809,                   0,                   0
        57,        11,      1.00,              0.0368,                   0,                   0
        57,        12,      1.00,              0.0515,                   0,                   0
        57,        13,      1.00,              0.1838,                   0,              0.0221
        57,        14,      1.00,              0.2941,                   0,              0.0294
        57,        15,      1.00,              0.3382,                   0,              0.0221
        57,        17,      1.00,              0.0221,                   0,                   0
        57,        18,      1.00,              0.0368,                   0,                   0
        57,        19,      1.00,              0.0221,                   0,                   0
        57,        20,      1.00,              0.0074,                   0,                   0
        57,        22,      1.00,              0.0074,                   0,                   0
        57,        23,      1.00,              0.2941,                   0,              0.0147
        57,        24,      1.00,              0.1103,                   0,              0.0074
        57,        25,      1.00,              0.0221,                   0,                   0
        57,        26,      1.00,              0.0735,                   0,              0.0074
        57,        27,      1.00,              0.2720,                   0,              0.0074
        57,        28,      1.00,              0.2573,                   0,              0.0074
        57,        29,      1.00,              0.0809,                   0,              0.0074
        57,        30,      1.00,              0.0809,                   0,                   0
        57,        31,      1.00,              0.1176,                   0,                   0
        57,        32,      1.00,              0.4043,                   0,              0.0074
        57,        33,      1.00,              0.2573,                   0,              0.0074
        57,        34,      1.00,              0.1397,                   0,                   0
        57,        35,      1.00,              1.0880,                   0,              0.0294
        57,        36,      1.00,              0.4705,                   0,              0.0221
        57,        37,      1.00,              0.2279,                   0,              0.0147
        57,        38,      1.00,              0.1691,                   0,              0.0074
        57,        39,      1.00,              0.4999,                   0,              0.0147
        57,        40,      1.00,              0.5881,                   0,              0.0074
        57,        41,      1.00,              2.5289,                   0,              0.0294
        57,        42,      1.00,              0.2720,                   0,              0.0074
        57,        43,      1.00,              0.1250,                   0,              0.0074
        57,        44,      1.00,              0.4484,                   0,              0.0147
        57,        45,      1.00,              1.2939,                   0,              0.0294
        57,        46,      1.00,              0.2058,                   0,              0.0074
        57,        47,      1.00,              0.0735,                   0,                   0
        57,        48,      1.00,              0.0221,                   0,                   0
        57,        49,      1.00,              0.4558,                   0,              0.0074
        57,        50,      1.00,              0.1397,                   0,              0.0074
        57,        51,      1.00,              0.0221,                   0,                   0
        57,        52,      1.00,              0.9410,                   0,              0.0147
        57,        53,      1.00,              0.0368,                   0,                   0
        57,        54,      1.00,              0.2279,                   0,              0.0074
        57,        55,      1.00,              0.6910,                   0,              0.0221
        57,        56,      1.00,              3.5581,                   0,              0.0221
        57,        57,      1.00,              0.1323,                   0,                   0
        57,        58,      1.00,              2.1687,                   0,              0.0368
        57,        59,      1.00,              0.3455,                   0,              0.0074
        57,        60,      1.00,              0.2794,                   0,              0.0074
        57,        61,      1.00,              0.2058,                   0,              0.0074
        57,        62,      1.00,              0.1617,                   0,              0.0074
        57,        63,      1.00,              0.0956,                   0,                   0
        57,        64,      1.00,              0.0441,                   0,                   0
        57,        65,      1.00,              0.2867,                   0,              0.0147
        57,        66,      1.00,              0.2867,                   0,              0.0147
        57,        67,      1.00,              0.1176,                   0,              0.0074
        57,        68,      1.00,              0.0515,                   0,                   0
        57,        69,      1.00,              0.0882,                   0,              0.0074
        57,        70,      1.00,              0.1176,                   0,                   0
        57,        71,      1.00,              0.0441,                   0,                   0
        57,        72,      1.00,              0.0368,                   0,                   0
        57,        73,      1.00,              0.0074,                   0,                   0
        57,        74,      1.00,              0.0368,                   0,                   0
        57,        75,      1.00,              0.0735,                   0,                   0
        57,        76,      1.00,              0.0956,                   0,                   0
        57,        77,      1.00,              0.0221,                   0,                   0
        57,        79,      1.00,              0.0441,                   0,                   0
        57,        80,      1.00,              0.0956,                   0,                   0
        57,        81,      1.00,              0.1103,                   0,                   0
        57,        82,      1.00,              0.0515,                   0,                   0
        57,        83,      1.00,              0.1617,                   0,              0.0074
        57,        84,      1.00,              0.1176,                   0,                   0
        57,        85,      1.00,              0.1323,                   0,                   0
        57,        86,      1.00,              0.0735,                   0,                   0
        57,        89,      1.00,              0.0147,                   0,                   0
        57,        90,      1.00,              0.0294,                   0,                   0
        57,        91,      1.00,              0.0147,                   0,                   0
        57,        92,      1.00,              0.0441,                   0,              0.0074
        57,        93,      1.00,              0.0147,                   0,                   0
        57,        94,      1.00,              0.0074,                   0,                   0
        57,        95,      1.00,              0.0441,                   0,                   0
        57,        96,      1.00,              0.0074,                   0,                   0
        57,        97,      1.00,              0.0147,                   0,                   0
        57,        98,      1.00,              0.0147,                   0,                   0
        57,        99,      1.00,              0.0147,                   0,                   0
        57,       100,      1.00,              0.0147,                   0,                   0
        57,       101,      1.00,              0.0368,                   0,                   0
        57,       102,      1.00,              0.0074,                   0,                   0
        57,       103,      1.00,              0.0809,                   0,                   0
        57,       104,      1.00,              0.0441,                   0,                   0
        57,       105,      1.00,              0.0221,                   0,                   0
        57,       106,      1.00,              0.0294,                   0,                   0
        57,       107,      1.00,              0.0294,                   0,                   0
        57,       108,      1.00,              0.0074,                   0,                   0
        57,       109,      1.00,              0.0147,                   0,                   0
        57,       112,      1.00,              2.1760,                   0,              0.0294
        57,       113,      1.00,              0.0074,                   0,                   0
        57,       114,      1.00,              0.0147,                   0,                   0
        57,       117,      1.00,              0.0074,                   0,                   0
        57,       118,      1.00,              0.0588,                   0,                   0
        57,       119,      1.00,              0.0294,                   0,                   0
        57,       120,      1.00,              0.0221,                   0,                   0
        57,       121,      1.00,              0.0294,                   0,                   0
        57,       122,      1.00,              0.0441,                   0,                   0
        57,       123,      1.00,              0.0147,                   0,                   0
        57,       124,      1.00,              0.0074,                   0,                   0
        57,       125,      1.00,              0.0147,                   0,                   0
        57,       126,      1.00,              0.0147,                   0,              0.0074
        57,       127,      1.00,              0.0368,                   0,              0.0074
        57,       128,      1.00,              0.0074,                   0,                   0
        57,       129,      1.00,              0.0074,                   0,                   0
        57,       130,      1.00,              0.0074,                   0,                   0
        57,       135,      1.00,              0.0147,                   0,                   0
        57,       138,      1.00,              0.0074,                   0,                   0
        57,       140,      1.00,              0.0074,                   0,                   0
        57,       143,      1.00,              0.0147,                   0,                   0
        57,       145,      1.00,              0.0074,                   0,                   0
        57,       146,      1.00,              0.0074,                   0,                   0
        57,       148,      1.00,              0.0074,                   0,                   0
        57,       154,      1.00,              0.0074,                   0,                   0
        57,       155,      1.00,              0.0074,                   0,                   0
        57,       161,      1.00,              0.0074,                   0,                   0
        57,       165,      1.00,              0.0074,                   0,                   0
        57,       172,      1.00,              0.0147,                   0,                   0
        57,       177,      1.00,              0.0074,                   0,                   0
        57,       188,      1.00,              0.0074,                   0,                   0
        57,       202,      1.00,              0.0074,                   0,                   0
        57,       208,      1.00,              0.0221,                   0,                   0
        57,       209,      1.00,              0.4631,                   0,              0.0147
        57,       210,      1.00,              0.2132,                   0,                   0
        58,         1,      1.00,              0.4411,                   0,              0.0147
        58,         2,      1.00,              0.6910,                   0,              0.0221
        58,         3,      1.00,                   0,                   0,              0.0074
        58,         4,      1.00,              0.3823,                   0,              0.0147
        58,         5,      1.00,              0.3161,                   0,              0.0221
        58,         6,      1.00,              0.5955,                   0,              0.0368
        58,         7,      1.00,              1.0513,                   0,              0.0515
        58,         8,      1.00,              1.7349,                   0,              0.1029
        58,         9,      1.00,              1.0954,                   0,              0.0441
        58,        10,      1.00,              0.4117,                   0,                   0
        58,        11,      1.00,              0.8087,                   0,              0.0368
        58,        12,      1.00,              0.5220,                   0,              0.0809
        58,        13,      1.00,              3.0950,                   0,              0.2426
        58,        14,      1.00,              4.8593,                   0,              0.4117
        58,        15,      1.00,              5.1534,                   0,              0.3602
        58,        16,      1.00,              0.2058,                   0,              0.0074
        58,        17,      1.00,              1.8085,                   0,              0.0147
        58,        18,      1.00,              0.2647,                   0,              0.0147
        58,        19,      1.00,              0.7793,                   0,              0.0221
        58,        20,      1.00,              0.4190,                   0,              0.0074
        58,        21,      1.00,              0.3088,                   0,              0.0147
        58,        22,      1.00,              0.8234,                   0,                   0
        58,        23,      1.00,              5.0946,                   0,              0.1911
        58,        24,      1.00,              2.5362,                   0,              0.1617
        58,        25,      1.00,              0.2132,                   0,              0.0221
        58,        26,      1.00,              1.7202,                   0,              0.0662
        58,        27,      1.00,              4.5579,                   0,              0.1617
        58,        28,      1.00,              6.6457,                   0,              0.2352
        58,        29,      1.00,              2.6024,                   0,              0.1176
        58,        30,      1.00,              0.9483,                   0,              0.0662
        58,        31,      1.00,              3.5581,                   0,              0.0956
        58,        32,      1.00,              5.2416,                   0,              0.2499
        58,        33,      1.00,              4.3227,                   0,              0.1985
        58,        34,      1.00,              3.0876,                   0,              0.0515
        58,        35,      1.00,             14.9381,                   0,              1.0145
        58,        36,      1.00,              8.0351,                   0,              0.5955
        58,        37,      1.00,              5.3224,                   0,              0.2794
        58,        38,      1.00,              4.4844,                   0,              0.1544
        58,        39,      1.00,              7.0206,                   0,              0.2352
        58,        40,      1.00,              6.8368,                   0,              0.2132
        58,        41,      1.00,             51.5704,                   0,              1.2865
        58,        42,      1.00,             14.7544,                   0,              0.1250
        58,        43,      1.00,              8.2998,                   0,              0.1617
        58,        44,      1.00,             34.1034,                   0,              0.3602
        58,        45,      1.00,             79.1677,                   0,              1.6467
        58,        46,      1.00,             12.2255,                   0,              0.5072
        58,        47,      1.00,              1.9040,                   0,              0.0221
        58,        48,      1.00,              0.3455,                   0,              0.0147
        58,        49,      1.00,              7.8587,                   0,              0.1617
        58,        50,      1.00,              2.0143,                   0,              0.0882
        58,        51,      1.00,              0.4558,                   0,              0.0074
        58,        52,      1.00,             23.2453,                   0,              0.3382
        58,        53,      1.00,              0.5146,                   0,              0.0147
        58,        54,      1.00,              3.7860,                   0,              0.1397
        58,        55,      1.00,             23.7452,                   0,              0.4411
        58,        56,      1.00,             49.6517,                   0,              0.9557
        58,        57,      1.00,              1.8893,                   0,              0.0368
        58,        58,      1.00,            129.3855,                   0,              0.9630
        58,        59,      1.00,              5.6753,                   0,              0.0809
        58,        60,      1.00,              7.6308,                   0,              0.2499
        58,        61,      1.00,              4.8078,                   0,              0.1176
        58,        62,      1.00,              5.0504,                   0,              0.2279
        58,        63,      1.00,              3.4111,                   0,              0.0588
        58,        64,      1.00,              0.3382,                   0,              0.0588
        58,        65,      1.00,             10.5199,                   0,              0.4264
        58,        66,      1.00,             10.9022,                   0,              0.3161
        58,        67,      1.00,              4.2418,                   0,              0.1544
        58,        68,      1.00,              2.0437,                   0,              0.0882
        58,        69,      1.00,              4.6461,                   0,              0.2205
        58,        70,      1.00,              2.5510,                   0,              0.0588
        58,        71,      1.00,              3.9477,                   0,              0.0221
        58,        72,      1.00,              2.5951,                   0,              0.0147
        58,        73,      1.00,              0.4484,                   0,              0.0441
        58,        74,      1.00,              1.1468,                   0,              0.0368
        58,        75,      1.00,              2.8083,                   0,              0.1176
        58,        76,      1.00,              2.3892,                   0,              0.0515
        58,        77,      1.00,              0.2205,                   0,              0.0294
        58,        79,      1.00,              2.9038,                   0,              0.0882
        58,        80,      1.00,              1.8746,                   0,              0.0588
        58,        81,      1.00,              7.0500,                   0,              0.0956
        58,        82,      1.00,              1.7864,                   0,              0.0294
        58,        83,      1.00,              5.4033,                   0,              0.1397
        58,        84,      1.00,              5.6533,                   0,              0.0809
        58,        85,      1.00,              5.4915,                   0,              0.1029
        58,        86,      1.00,              3.8228,                   0,              0.0662
        58,        87,      1.00,              0.2132,                   0,                   0
        58,        88,      1.00,              0.2132,                   0,              0.0074
        58,        89,      1.00,              0.9263,                   0,              0.0074
        58,        90,      1.00,              1.5732,                   0,              0.0515
        58,        91,      1.00,              0.8013,                   0,              0.0294
        58,        92,      1.00,              1.6835,                   0,              0.1176
        58,        93,      1.00,              0.2867,                   0,              0.0294
        58,        94,      1.00,              0.2352,                   0,              0.0441
        58,        95,      1.00,              1.4409,                   0,              0.1323
        58,        96,      1.00,              0.5146,                   0,              0.0074
        58,        97,      1.00,              0.3382,                   0,              0.0074
        58,        98,      1.00,              0.4043,                   0,              0.0074
        58,        99,      1.00,              0.0074,                   0,              0.0074
        58,       100,      1.00,              0.5587,                   0,              0.0221
        58,       101,      1.00,              0.9189,                   0,              0.0735
        58,       102,      1.00,              0.2058,                   0,                   0
        58,       103,      1.00,              1.0513,                   0,              0.0368
        58,       104,      1.00,              1.4115,                   0,              0.0147
        58,       105,      1.00,              0.2132,                   0,              0.0147
        58,       106,      1.00,              0.3823,                   0,              0.0515
        58,       107,      1.00,              0.8307,                   0,              0.0147
        58,       108,      1.00,              0.0074,                   0,              0.0074
        58,       109,      1.00,              0.2132,                   0,              0.0294
        58,       111,      1.00,                   0,                   0,              0.0147
        58,       112,      1.00,             30.1336,                   0,              0.9263
        58,       114,      1.00,              0.2352,                   0,              0.0074
        58,       115,      1.00,                   0,                   0,              0.0074
        58,       116,      1.00,              0.0074,                   0,              0.0294
        58,       117,      1.00,              0.4852,                   0,              0.0221
        58,       118,      1.00,              0.6322,                   0,              0.0662
        58,       119,      1.00,              0.5367,                   0,              0.0882
        58,       120,      1.00,              0.7719,                   0,              0.0441
        58,       121,      1.00,              2.0216,                   0,              0.0809
        58,       122,      1.00,              0.3235,                   0,              0.0662
        58,       123,      1.00,              0.8381,                   0,              0.0809
        58,       124,      1.00,              0.0294,                   0,              0.0662
        58,       125,      1.00,              0.3235,                   0,              0.0221
        58,       126,      1.00,              0.8307,                   0,              0.1691
        58,       127,      1.00,              1.1836,                   0,              0.1250
        58,       128,      1.00,              0.2132,                   0,              0.0515
        58,       129,      1.00,              0.1470,                   0,              0.0588
        58,       130,      1.00,              0.1029,                   0,              0.0221
        58,       131,      1.00,              0.3235,                   0,              0.0221
        58,       132,      1.00,              0.0294,                   0,              0.0221
        58,       133,      1.00,              0.0956,                   0,              0.0368
        58,       134,      1.00,              0.1176,                   0,              0.0294
        58,       135,      1.00,              0.2058,                   0,              0.0294
        58,       136,      1.00,              0.2058,                   0,              0.0221
        58,       137,      1.00,              0.1103,                   0,              0.0074
        58,       138,      1.00,              0.1029,                   0,                   0
        58,       139,      1.00,              0.0221,                   0,              0.0074
        58,       140,      1.00,              0.1985,                   0,              0.0515
        58,       141,      1.00,              0.2794,                   0,              0.0368
        58,       142,      1.00,              0.8307,                   0,              0.0294
        58,       143,      1.00,              0.2058,                   0,              0.0368
        58,       144,      1.00,              0.0441,                   0,              0.0074
        58,       145,      1.00,              0.1103,                   0,              0.0147
        58,       146,      1.00,              0.2279,                   0,              0.0735
        58,       147,      1.00,              0.1250,                   0,              0.0221
        58,       148,      1.00,              0.3602,                   0,              0.0368
        58,       149,      1.00,              0.0882,                   0,              0.0294
        58,       150,      1.00,              0.1691,                   0,              0.0368
        58,       151,      1.00,              0.1470,                   0,              0.0441
        58,       152,      1.00,              0.0662,                   0,              0.0294
        58,       153,      1.00,              0.1103,                   0,              0.0221
        58,       154,      1.00,              0.2867,                   0,              0.0956
        58,       155,      1.00,              0.2426,                   0,              0.0735
        58,       156,      1.00,              0.0735,                   0,              0.0074
        58,       159,      1.00,                   0,                   0,              0.0074
        58,       160,      1.00,              0.0368,                   0,              0.0221
        58,       161,      1.00,              0.2058,                   0,              0.0588
        58,       162,      1.00,              0.4852,                   0,              0.0294
        58,       164,      1.00,              0.1838,                   0,              0.0221
        58,       165,      1.00,              0.1985,                   0,              0.0441
        58,       166,      1.00,              0.2279,                   0,              0.0441
        58,       167,      1.00,              0.0735,                   0,              0.0221
        58,       168,      1.00,              0.0956,                   0,              0.0147
        58,       169,      1.00,              0.0809,                   0,              0.0074
        58,       170,      1.00,              0.0368,                   0,              0.0809
        58,       172,      1.00,              0.6175,                   0,              0.0294
        58,       174,      1.00,              0.1029,                   0,              0.0074
        58,       175,      1.00,              0.0956,                   0,              0.0074
        58,       177,      1.00,              0.0294,                   0,              0.0221
        58,       178,      1.00,              0.0956,                   0,              0.0294
        58,       179,      1.00,              0.1617,                   0,              0.0515
        58,       180,      1.00,              0.0368,                   0,                   0
        58,       181,      1.00,              0.0294,                   0,              0.0074
        58,       182,      1.00,              0.0956,                   0,              0.0147
        58,       183,      1.00,              0.0515,                   0,              0.0074
        58,       184,      1.00,              0.0221,                   0,                   0
        58,       186,      1.00,              0.0221,                   0,                   0
        58,       188,      1.00,              0.2058,                   0,              0.0074
        58,       196,      1.00,              0.2058,                   0,                   0
        58,       203,      1.00,              0.2058,                   0,                   0
        58,       208,      1.00,              1.3968,                   0,              0.0735
        58,       209,      1.00,             31.8979,                   0,              0.7866
        58,       210,      1.00,             10.2700,                   0,              0.0588
        58,       211,      1.00,                   0,                   0,              0.0147
        58,       212,      1.00,              0.0074,                   0,              0.0074
        58,       213,      1.00,              0.0074,                   0,              0.0147
        58,       217,      1.00,                   0,                   0,              0.0074
        58,       218,      1.00,                   0,                   0,              0.0221
        58,       219,      1.00,                   0,                   0,              0.0294
        58,       224,      1.00,                   0,                   0,              0.0588
        58,       226,      1.00,              0.0074,                   0,              0.0515
        59,         1,      1.00,              0.1323,                   0,              0.0074
        59,         2,      1.00,              0.4117,                   0,              0.0074
        59,         4,      1.00,              0.2499,                   0,                   0
        59,         5,      1.00,              0.0662,                   0,              0.0074
        59,         6,      1.00,              0.1764,                   0,              0.0147
        59,         7,      1.00,              0.5146,                   0,              0.0221
        59,         8,      1.00,              1.4409,                   0,              0.0735
        59,         9,      1.00,              0.6690,                   0,              0.0147
        59,        11,      1.00,              0.3529,                   0,              0.0074
        59,        12,      1.00,              1.0219,                   0,              0.0221
        59,        13,      1.00,              1.8526,                   0,              0.0956
        59,        14,      1.00,              2.3598,                   0,              0.1838
        59,        15,      1.00,              8.3512,                   0,              0.3602
        59,        16,      1.00,                   0,                   0,              0.0074
        59,        17,      1.00,              0.9851,                   0,              0.0221
        59,        18,      1.00,              0.0956,                   0,              0.0074
        59,        19,      1.00,              0.8087,                   0,              0.0221
        59,        20,      1.00,                   0,                   0,              0.0074
        59,        21,      1.00,              0.4705,                   0,              0.0147
        59,        22,      1.00,              0.2720,                   0,              0.0147
        59,        23,      1.00,              1.8893,                   0,              0.0588
        59,        24,      1.00,              1.5585,                   0,              0.0515
        59,        25,      1.00,              0.0662,                   0,              0.0147
        59,        26,      1.00,              2.8891,                   0,              0.0515
        59,        27,      1.00,             12.2328,                   0,              0.1691
        59,        28,      1.00,             22.2896,                   0,              0.2720
        59,        29,      1.00,              7.1750,                   0,              0.1029
        59,        30,      1.00,              5.9400,                   0,              0.0882
        59,        31,      1.00,             12.6665,                   0,              0.1323
        59,        32,      1.00,             35.2796,                   0,              0.2426
        59,        33,      1.00,             38.8450,                   0,              0.2867
        59,        34,      1.00,              7.7558,                   0,              0.0441
        59,        35,      1.00,              4.3962,                   0,              0.0662
        59,        36,      1.00,              3.0656,                   0,              0.0588
        59,        37,      1.00,              2.4113,                   0,              0.1397
        59,        38,      1.00,              1.8820,                   0,              0.0882
        59,        39,      1.00,              9.7627,                   0,              0.1838
        59,        40,      1.00,              3.3302,                   0,              0.1323
        59,        41,      1.00,              6.8368,                   0,              0.1250
        59,        42,      1.00,              1.0513,                   0,              0.0147
        59,        43,      1.00,              2.8671,                   0,              0.0221
        59,        44,      1.00,              2.8524,                   0,              0.0515
        59,        45,      1.00,              2.9038,                   0,              0.0735
        59,        46,      1.00,              0.7278,                   0,              0.0588
        59,        47,      1.00,              0.6469,                   0,              0.0074
        59,        48,      1.00,              0.0735,                   0,              0.0074
        59,        49,      1.00,              8.9541,                   0,              0.1323
        59,        50,      1.00,              0.4117,                   0,              0.0662
        59,        51,      1.00,              0.1617,                   0,                   0
        59,        52,      1.00,              8.4468,                   0,              0.1103
        59,        53,      1.00,              2.3672,                   0,              0.0074
        59,        54,      1.00,              7.3735,                   0,              0.0515
        59,        55,      1.00,             10.7405,                   0,              0.0735
        59,        56,      1.00,              6.3002,                   0,              0.1250
        59,        57,      1.00,              0.2426,                   0,              0.0074
        59,        58,      1.00,              3.9918,                   0,              0.0809
        59,        59,      1.00,             53.6950,                   0,              0.1250
        59,        60,      1.00,             27.4577,                   0,              0.1103
        59,        61,      1.00,             21.2751,                   0,              0.2205
        59,        62,      1.00,             11.7697,                   0,              0.1029
        59,        63,      1.00,              5.4695,                   0,              0.0956
        59,        64,      1.00,              2.3451,                   0,              0.0882
        59,        65,      1.00,             12.2475,                   0,              0.1103
        59,        66,      1.00,              9.7407,                   0,              0.0662
        59,        67,      1.00,              8.2924,                   0,              0.0662
        59,        68,      1.00,              3.9771,                   0,              0.0368
        59,        69,      1.00,              5.6018,                   0,              0.0441
        59,        70,      1.00,              2.5730,                   0,              0.0147
        59,        71,      1.00,              1.7570,                   0,              0.0074
        59,        72,      1.00,              1.2350,                   0,                   0
        59,        73,      1.00,              0.2794,                   0,              0.0074
        59,        74,      1.00,              1.2350,                   0,                   0
        59,        75,      1.00,              2.0878,                   0,              0.0956
        59,        76,      1.00,              0.9998,                   0,              0.0294
        59,        77,      1.00,              1.7496,                   0,              0.0368
        59,        78,      1.00,              0.0588,                   0,              0.0147
        59,        79,      1.00,              1.7570,                   0,              0.0368
        59,        80,      1.00,              1.5144,                   0,              0.0294
        59,        81,      1.00,              0.6690,                   0,              0.0147
        59,        82,      1.00,              0.0735,                   0,              0.0074
        59,        83,      1.00,              2.6539,                   0,              0.0588
        59,        84,      1.00,              0.6469,                   0,              0.0515
        59,        85,      1.00,              0.2867,                   0,              0.0515
        59,        86,      1.00,              0.4264,                   0,              0.0294
        59,        89,      1.00,              0.4117,                   0,                   0
        59,        90,      1.00,              0.2132,                   0,              0.0221
        59,        91,      1.00,              0.0074,                   0,              0.0221
        59,        92,      1.00,              0.2720,                   0,              0.0662
        59,        93,      1.00,              0.2058,                   0,              0.0147
        59,        94,      1.00,              0.0074,                   0,              0.0147
        59,        95,      1.00,              0.5220,                   0,              0.0662
        59,        96,      1.00,              0.6175,                   0,              0.0074
        59,        97,      1.00,              0.7057,                   0,              0.0515
        59,        98,      1.00,              0.5955,                   0,              0.0515
        59,        99,      1.00,              1.5438,                   0,              0.0221
        59,       100,      1.00,              0.9410,                   0,              0.1764
        59,       101,      1.00,              1.9996,                   0,              0.1470
        59,       102,      1.00,              0.2058,                   0,              0.0147
        59,       103,      1.00,              1.7202,                   0,              0.0221
        59,       104,      1.00,              0.6837,                   0,              0.0074
        59,       105,      1.00,              0.0074,                   0,              0.0147
        59,       106,      1.00,              0.4190,                   0,              0.0147
        59,       107,      1.00,              0.4190,                   0,              0.0147
        59,       108,      1.00,                   0,                   0,              0.0074
        59,       109,      1.00,              0.6175,                   0,              0.0074
        59,       110,      1.00,              0.2058,                   0,                   0
        59,       111,      1.00,              0.2058,                   0,              0.0074
        59,       112,      1.00,              5.0578,                   0,              0.2794
        59,       113,      1.00,              0.2058,                   0,              0.0074
        59,       114,      1.00,              0.7866,                   0,              0.0735
        59,       116,      1.00,              0.0074,                   0,              0.0221
        59,       117,      1.00,              0.2720,                   0,              0.0221
        59,       118,      1.00,              0.3161,                   0,              0.0294
        59,       119,      1.00,              0.4190,                   0,              0.0441
        59,       120,      1.00,              0.0074,                   0,              0.0294
        59,       121,      1.00,              0.0662,                   0,              0.0441
        59,       122,      1.00,              0.6837,                   0,              0.0221
        59,       123,      1.00,              0.2132,                   0,              0.0368
        59,       124,      1.00,              0.0074,                   0,              0.0294
        59,       125,      1.00,              0.0074,                   0,              0.0147
        59,       126,      1.00,              0.2647,                   0,              0.0735
        59,       127,      1.00,              0.5220,                   0,              0.0809
        59,       128,      1.00,              0.1544,                   0,              0.0294
        59,       129,      1.00,              0.1029,                   0,              0.0294
        59,       130,      1.00,              0.0294,                   0,              0.0147
        59,       131,      1.00,              0.0074,                   0,              0.0147
        59,       132,      1.00,              0.0515,                   0,              0.0147
        59,       133,      1.00,              0.0221,                   0,              0.0147
        59,       134,      1.00,              0.0147,                   0,              0.0074
        59,       135,      1.00,                   0,                   0,              0.0147
        59,       136,      1.00,              0.1397,                   0,              0.0221
        59,       137,      1.00,              0.1323,                   0,              0.0074
        59,       138,      1.00,                   0,                   0,              0.0074
        59,       140,      1.00,              0.1029,                   0,              0.0147
        59,       141,      1.00,              0.1985,                   0,              0.0294
        59,       142,      1.00,              0.3088,                   0,              0.0147
        59,       143,      1.00,              0.1544,                   0,              0.0221
        59,       144,      1.00,              0.0074,                   0,                   0
        59,       145,      1.00,              0.0294,                   0,              0.0074
        59,       146,      1.00,              0.1985,                   0,              0.0368
        59,       147,      1.00,              0.0368,                   0,              0.0221
        59,       148,      1.00,              0.1691,                   0,              0.0294
        59,       149,      1.00,              0.0588,                   0,              0.0221
        59,       150,      1.00,              0.0294,                   0,              0.0294
        59,       151,      1.00,              0.0074,                   0,              0.0368
        59,       152,      1.00,              0.0147,                   0,              0.0147
        59,       153,      1.00,              0.0221,                   0,              0.0147
        59,       154,      1.00,              0.3823,                   0,              0.0588
        59,       155,      1.00,              0.1250,                   0,              0.0588
        59,       156,      1.00,              0.0735,                   0,              0.0074
        59,       160,      1.00,              0.0441,                   0,              0.0074
        59,       161,      1.00,              0.0515,                   0,              0.0221
        59,       162,      1.00,              0.8307,                   0,              0.0221
        59,       164,      1.00,              0.0074,                   0,              0.0147
        59,       165,      1.00,              0.1176,                   0,              0.0221
        59,       166,      1.00,              0.0809,                   0,              0.0294
        59,       167,      1.00,              0.0441,                   0,              0.0074
        59,       168,      1.00,              0.0809,                   0,              0.0074
        59,       169,      1.00,              0.0588,                   0,              0.0074
        59,       170,      1.00,              0.0662,                   0,              0.0074
        59,       172,      1.00,                   0,                   0,              0.0074
        59,       175,      1.00,              0.0515,                   0,              0.0074
        59,       177,      1.00,              0.0221,                   0,              0.0074
        59,       178,      1.00,              0.0515,                   0,              0.0221
        59,       179,      1.00,              0.0809,                   0,              0.0221
        59,       180,      1.00,              0.0441,                   0,                   0
        59,       181,      1.00,              0.0956,                   0,              0.0074
        59,       182,      1.00,              0.0515,                   0,              0.0074
        59,       183,      1.00,              0.0147,                   0,                   0
        59,       184,      1.00,              0.0735,                   0,                   0
        59,       185,      1.00,              0.1029,                   0,                   0
        59,       186,      1.00,              0.3088,                   0,                   0
        59,       187,      1.00,              0.1029,                   0,                   0
        59,       188,      1.00,              0.2058,                   0,              0.0074
        59,       192,      1.00,              0.1029,                   0,              0.0147
        59,       195,      1.00,              0.1029,                   0,                   0
        59,       196,      1.00,                   0,                   0,              0.0074
        59,       200,      1.00,                   0,                   0,              0.0074
        59,       204,      1.00,                   0,                   0,              0.0074
        59,       205,      1.00,              0.2058,                   0,              0.0074
        59,       207,      1.00,                   0,                   0,              0.0147
        59,       208,      1.00,              0.3896,                   0,              0.0074
        59,       209,      1.00,              1.7423,                   0,              0.0515
        59,       210,      1.00,              2.3084,                   0,              0.0294
        59,       211,      1.00,                   0,                   0,              0.0074
        59,       213,      1.00,              0.1103,                   0,              0.0074
        59,       217,      1.00,                   0,                   0,              0.0074
        59,       218,      1.00,                   0,                   0,              0.0147
        59,       219,      1.00,                   0,                   0,              0.0221
        59,       224,      1.00,                   0,                   0,              0.0441
        59,       226,      1.00,                   0,                   0,              0.0368
        60,         1,      1.00,              0.4117,                   0,              0.0074
        60,         2,      1.00,                   0,                   0,              0.0074
        60,         3,      1.00,              0.1103,                   0,                   0
        60,         4,      1.00,              0.0956,                   0,                   0
        60,         5,      1.00,              0.0074,                   0,              0.0074
        60,         6,      1.00,              0.3602,                   0,              0.0147
        60,         7,      1.00,              0.3014,                   0,              0.0147
        60,         8,      1.00,              0.5072,                   0,              0.0588
        60,         9,      1.00,              0.7940,                   0,              0.0147
        60,        11,      1.00,              0.1176,                   0,              0.0074
        60,        12,      1.00,              0.3529,                   0,              0.0147
        60,        13,      1.00,              1.5365,                   0,              0.1323
        60,        14,      1.00,              2.4039,                   0,              0.2279
        60,        15,      1.00,              9.5716,                   0,              0.1544
        60,        16,      1.00,                   0,                   0,              0.0074
        60,        17,      1.00,              0.3088,                   0,              0.0294
        60,        18,      1.00,              0.4117,                   0,              0.0074
        60,        19,      1.00,              0.2058,                   0,              0.0147
        60,        20,      1.00,              0.2647,                   0,                   0
        60,        21,      1.00,              0.5146,                   0,              0.0147
        60,        22,      1.00,              1.0292,                   0,                   0
        60,        23,      1.00,              0.5367,                   0,              0.1250
        60,        24,      1.00,              1.4556,                   0,              0.0956
        60,        25,      1.00,              0.2132,                   0,              0.0074
        60,        26,      1.00,              1.9849,                   0,              0.0294
        60,        27,      1.00,              6.8295,                   0,              0.1103
        60,        28,      1.00,             14.7323,                   0,              0.1691
        60,        29,      1.00,              5.0431,                   0,              0.0662
        60,        30,      1.00,              3.7272,                   0,              0.0588
        60,        31,      1.00,             12.0196,                   0,              0.0735
        60,        32,      1.00,             19.6872,                   0,              0.1323
        60,        33,      1.00,             25.9653,                   0,              0.1985
        60,        34,      1.00,              2.2495,                   0,              0.0441
        60,        35,      1.00,              1.7349,                   0,              0.0956
        60,        36,      1.00,              3.2346,                   0,              0.0809
        60,        37,      1.00,              1.1836,                   0,              0.0956
        60,        38,      1.00,              1.2718,                   0,              0.0662
        60,        39,      1.00,              4.4623,                   0,              0.2352
        60,        40,      1.00,              2.6171,                   0,              0.2279
        60,        41,      1.00,              3.8742,                   0,              0.2426
        60,        42,      1.00,              2.1613,                   0,              0.0294
        60,        43,      1.00,              3.0729,                   0,              0.0588
        60,        44,      1.00,              2.5730,                   0,              0.1103
        60,        45,      1.00,              3.6978,                   0,              0.2058
        60,        46,      1.00,              1.6394,                   0,              0.0221
        60,        47,      1.00,              0.5881,                   0,              0.0147
        60,        48,      1.00,              0.1103,                   0,              0.0147
        60,        49,      1.00,              6.5354,                   0,              0.1397
        60,        50,      1.00,              0.6249,                   0,              0.1029
        60,        51,      1.00,              0.1764,                   0,                   0
        60,        52,      1.00,              8.9688,                   0,              0.1397
        60,        53,      1.00,              2.1613,                   0,              0.0074
        60,        54,      1.00,             12.5783,                   0,              0.0662
        60,        55,      1.00,             11.5932,                   0,              0.1617
        60,        56,      1.00,              3.8816,                   0,              0.2647
        60,        57,      1.00,              0.1470,                   0,              0.0074
        60,        58,      1.00,              5.6753,                   0,              0.2499
        60,        59,      1.00,             29.0603,                   0,              0.1103
        60,        60,      1.00,             59.1865,                   0,              0.1691
        60,        61,      1.00,             37.0954,                   0,              0.2426
        60,        62,      1.00,             20.9737,                   0,              0.0956
        60,        63,      1.00,              8.3218,                   0,              0.0882
        60,        64,      1.00,              3.1244,                   0,              0.0662
        60,        65,      1.00,             33.4491,                   0,              0.2132
        60,        66,      1.00,             15.7394,                   0,              0.1250
        60,        67,      1.00,             15.0484,                   0,              0.1029
        60,        68,      1.00,              7.4838,                   0,              0.0441
        60,        69,      1.00,              6.9398,                   0,              0.0735
        60,        70,      1.00,              4.5726,                   0,              0.0294
        60,        71,      1.00,              1.8232,                   0,              0.0221
        60,        72,      1.00,              2.2054,                   0,              0.0147
        60,        73,      1.00,              0.0221,                   0,              0.0221
        60,        74,      1.00,              0.8307,                   0,              0.0074
        60,        75,      1.00,              4.0212,                   0,              0.1617
        60,        76,      1.00,              4.1095,                   0,              0.0441
        60,        77,      1.00,              2.0216,                   0,              0.0294
        60,        78,      1.00,                   0,                   0,              0.0074
        60,        79,      1.00,              2.2863,                   0,              0.0294
        60,        80,      1.00,              2.9773,                   0,              0.0515
        60,        81,      1.00,              0.8822,                   0,              0.0074
        60,        82,      1.00,              0.4264,                   0,              0.0147
        60,        83,      1.00,              1.9849,                   0,              0.0441
        60,        84,      1.00,              0.3014,                   0,              0.0221
        60,        85,      1.00,              1.4262,                   0,              0.0221
        60,        86,      1.00,              1.2718,                   0,              0.0368
        60,        87,      1.00,              0.4190,                   0,              0.0147
        60,        88,      1.00,              0.2058,                   0,              0.0074
        60,        89,      1.00,              0.2058,                   0,              0.0074
        60,        90,      1.00,              0.6249,                   0,              0.0074
        60,        91,      1.00,              0.2132,                   0,              0.0074
        60,        92,      1.00,              0.2794,                   0,              0.0294
        60,        93,      1.00,              0.0074,                   0,              0.0074
        60,        94,      1.00,              0.0074,                   0,              0.0074
        60,        95,      1.00,              0.9410,                   0,              0.0221
        60,        96,      1.00,                   0,                   0,              0.0221
        60,        97,      1.00,              1.0880,                   0,              0.0294
        60,        98,      1.00,              1.2130,                   0,              0.0221
        60,        99,      1.00,              0.6249,                   0,              0.0147
        60,       100,      1.00,              0.7057,                   0,              0.0956
        60,       101,      1.00,              3.7198,                   0,              0.0809
        60,       102,      1.00,              0.2279,                   0,              0.0074
        60,       103,      1.00,              0.9042,                   0,              0.0147
        60,       104,      1.00,              1.0366,                   0,              0.0368
        60,       105,      1.00,              0.0735,                   0,              0.0147
        60,       106,      1.00,              1.0366,                   0,              0.0074
        60,       107,      1.00,              0.4190,                   0,              0.0147
        60,       109,      1.00,              0.0074,                   0,              0.0074
        60,       110,      1.00,              0.5146,                   0,              0.0074
        60,       111,      1.00,                   0,                   0,              0.0074
        60,       112,      1.00,              4.7123,                   0,              0.3088
        60,       113,      1.00,              0.6175,                   0,                   0
        60,       114,      1.00,              0.4190,                   0,              0.0294
        60,       116,      1.00,              0.0074,                   0,              0.0294
        60,       117,      1.00,              0.9336,                   0,              0.0147
        60,       118,      1.00,              0.9924,                   0,              0.0221
        60,       119,      1.00,              0.2132,                   0,              0.0221
        60,       120,      1.00,              0.4264,                   0,              0.0074
        60,       121,      1.00,              0.5808,                   0,              0.0147
        60,       122,      1.00,              0.4190,                   0,              0.0147
        60,       123,      1.00,              1.3453,                   0,              0.0221
        60,       124,      1.00,              0.0074,                   0,              0.0147
        60,       125,      1.00,              0.0074,                   0,              0.0074
        60,       126,      1.00,              0.1838,                   0,              0.0368
        60,       127,      1.00,              0.4999,                   0,              0.0294
        60,       128,      1.00,              0.0882,                   0,              0.0147
        60,       129,      1.00,              0.3088,                   0,              0.0147
        60,       130,      1.00,              0.0956,                   0,              0.0074
        60,       131,      1.00,              0.0074,                   0,              0.0074
        60,       132,      1.00,              0.0735,                   0,              0.0074
        60,       133,      1.00,              0.0294,                   0,              0.0074
        60,       135,      1.00,              0.0662,                   0,              0.0074
        60,       136,      1.00,              0.2132,                   0,              0.0147
        60,       137,      1.00,              0.0074,                   0,              0.0074
        60,       138,      1.00,              0.0074,                   0,              0.0074
        60,       140,      1.00,              0.0368,                   0,              0.0074
        60,       141,      1.00,              0.1103,                   0,              0.0147
        60,       142,      1.00,              0.0662,                   0,              0.0074
        60,       143,      1.00,              0.0588,                   0,              0.0074
        60,       144,      1.00,              0.0147,                   0,                   0
        60,       145,      1.00,              0.0074,                   0,              0.0074
        60,       146,      1.00,              0.0882,                   0,              0.0147
        60,       147,      1.00,              0.0221,                   0,              0.0074
        60,       148,      1.00,              0.1985,                   0,              0.0147
        60,       149,      1.00,              0.0515,                   0,              0.0074
        60,       150,      1.00,              0.0735,                   0,              0.0147
        60,       151,      1.00,              0.0662,                   0,              0.0294
        60,       152,      1.00,              0.1029,                   0,              0.0147
        60,       153,      1.00,              0.0221,                   0,              0.0074
        60,       154,      1.00,              0.1397,                   0,              0.0294
        60,       155,      1.00,              0.0809,                   0,              0.0294
        60,       156,      1.00,              0.0368,                   0,                   0
        60,       160,      1.00,              0.0147,                   0,                   0
        60,       161,      1.00,              0.0588,                   0,              0.0221
        60,       162,      1.00,              0.0147,                   0,              0.0221
        60,       163,      1.00,              0.0956,                   0,                   0
        60,       164,      1.00,              0.0147,                   0,              0.0074
        60,       165,      1.00,              0.0147,                   0,              0.0147
        60,       166,      1.00,              0.0368,                   0,              0.0147
        60,       167,      1.00,              0.0368,                   0,              0.0074
        60,       168,      1.00,              0.0368,                   0,              0.0074
        60,       169,      1.00,              0.0294,                   0,              0.0074
        60,       170,      1.00,              0.2058,                   0,              0.0074
        60,       172,      1.00,                   0,                   0,              0.0074
        60,       175,      1.00,              0.0588,                   0,              0.0074
        60,       177,      1.00,              0.0809,                   0,              0.0074
        60,       178,      1.00,              0.0588,                   0,              0.0074
        60,       179,      1.00,              0.1103,                   0,              0.0074
        60,       181,      1.00,                   0,                   0,              0.0074
        60,       182,      1.00,              0.0294,                   0,              0.0074
        60,       183,      1.00,              0.0147,                   0,                   0
        60,       184,      1.00,              0.0515,                   0,                   0
        60,       185,      1.00,              0.0882,                   0,                   0
        60,       188,      1.00,              0.4117,                   0,              0.0074
        60,       192,      1.00,              0.2058,                   0,              0.0074
        60,       195,      1.00,              0.0588,                   0,                   0
        60,       207,      1.00,                   0,                   0,              0.0074
        60,       208,      1.00,              0.3382,                   0,              0.0074
        60,       209,      1.00,              2.0290,                   0,              0.0662
        60,       210,      1.00,              3.1979,                   0,              0.0662
        60,       212,      1.00,              0.0074,                   0,                   0
        60,       213,      1.00,              0.2132,                   0,              0.0074
        60,       214,      1.00,              0.1103,                   0,                   0
        60,       217,      1.00,                   0,                   0,              0.0074
        60,       218,      1.00,                   0,                   0,              0.0147
        60,       219,      1.00,                   0,                   0,              0.0221
        60,       224,      1.00,                   0,                   0,              0.0515
        60,       226,      1.00,              0.0074,                   0,              0.0368
        61,         1,      1.00,              0.2058,                   0,              0.0074
        61,         2,      1.00,                   0,                   0,              0.0074
        61,         3,      1.00,              0.0588,                   0,                   0
        61,         4,      1.00,              0.2058,                   0,                   0
        61,         5,      1.00,              0.0147,                   0,              0.0147
        61,         6,      1.00,              0.7719,                   0,              0.0147
        61,         7,      1.00,              1.1248,                   0,              0.0221
        61,         8,      1.00,              1.3968,                   0,              0.0735
        61,         9,      1.00,              0.8748,                   0,              0.0147
        61,        11,      1.00,              0.5955,                   0,              0.0074
        61,        12,      1.00,              0.6396,                   0,              0.0147
        61,        13,      1.00,              1.1909,                   0,              0.1250
        61,        14,      1.00,              1.9334,                   0,              0.2058
        61,        15,      1.00,             13.4531,                   0,              0.2720
        61,        16,      1.00,              0.2058,                   0,              0.0074
        61,        17,      1.00,              1.7496,                   0,              0.0809
        61,        18,      1.00,                   0,                   0,              0.0074
        61,        19,      1.00,              1.1542,                   0,              0.0294
        61,        20,      1.00,              0.1985,                   0,              0.0074
        61,        21,      1.00,              0.2132,                   0,              0.0588
        61,        22,      1.00,              0.8895,                   0,              0.0074
        61,        23,      1.00,              1.9408,                   0,              0.0956
        61,        24,      1.00,              0.5440,                   0,              0.0735
        61,        25,      1.00,              0.4778,                   0,              0.0147
        61,        26,      1.00,              2.4848,                   0,              0.0662
        61,        27,      1.00,              6.2340,                   0,              0.1397
        61,        28,      1.00,             21.2751,                   0,              0.2941
        61,        29,      1.00,              6.8515,                   0,              0.1250
        61,        30,      1.00,             10.8728,                   0,              0.2720
        61,        31,      1.00,             19.2387,                   0,              0.2941
        61,        32,      1.00,             23.2453,                   0,              0.2279
        61,        33,      1.00,             71.5002,                   0,              0.5734
        61,        34,      1.00,              2.1687,                   0,              0.0294
        61,        35,      1.00,              3.1170,                   0,              0.0882
        61,        36,      1.00,              1.9922,                   0,              0.0882
        61,        37,      1.00,              1.7864,                   0,              0.1176
        61,        38,      1.00,              2.4407,                   0,              0.0956
        61,        39,      1.00,              7.0206,                   0,              0.1764
        61,        40,      1.00,              1.5732,                   0,              0.1103
        61,        41,      1.00,              3.1538,                   0,              0.1397
        61,        42,      1.00,              1.1395,                   0,              0.0147
        61,        43,      1.00,              1.4556,                   0,              0.0588
        61,        44,      1.00,              1.4776,                   0,              0.1250
        61,        45,      1.00,              3.4699,                   0,              0.1397
        61,        46,      1.00,              1.4188,                   0,              0.0662
        61,        47,      1.00,              0.6249,                   0,              0.0221
        61,        48,      1.00,              0.0515,                   0,              0.0147
        61,        49,      1.00,              2.6539,                   0,              0.1691
        61,        50,      1.00,              0.2794,                   0,              0.0735
        61,        51,      1.00,              0.1617,                   0,                   0
        61,        52,      1.00,              8.4174,                   0,              0.1397
        61,        53,      1.00,              0.9336,                   0,              0.0147
        61,        54,      1.00,              7.1015,                   0,              0.0588
        61,        55,      1.00,              6.3002,                   0,              0.1250
        61,        56,      1.00,              3.9036,                   0,              0.1838
        61,        57,      1.00,              0.1470,                   0,              0.0074
        61,        58,      1.00,              4.0506,                   0,              0.1176
        61,        59,      1.00,             25.9800,                   0,              0.2205
        61,        60,      1.00,             39.4552,                   0,              0.2426
        61,        61,      1.00,            137.6117,                   0,              0.5146
        61,        62,      1.00,             63.1489,                   0,              0.3970
        61,        63,      1.00,             37.1616,                   0,              0.2647
        61,        64,      1.00,             10.8948,                   0,              0.2132
        61,        65,      1.00,             27.8179,                   0,              0.2132
        61,        66,      1.00,             12.5342,                   0,              0.0882
        61,        67,      1.00,             27.0313,                   0,              0.3602
        61,        68,      1.00,             16.0409,                   0,              0.1691
        61,        69,      1.00,              9.0129,                   0,              0.1911
        61,        70,      1.00,              3.3082,                   0,              0.0441
        61,        71,      1.00,              1.3159,                   0,              0.0441
        61,        72,      1.00,              3.0361,                   0,              0.0515
        61,        73,      1.00,              0.6543,                   0,              0.0441
        61,        74,      1.00,              0.5293,                   0,              0.0147
        61,        75,      1.00,              4.6976,                   0,              0.2573
        61,        76,      1.00,              6.8515,                   0,              0.1176
        61,        77,      1.00,              2.6098,                   0,              0.0735
        61,        78,      1.00,                   0,                   0,              0.0147
        61,        79,      1.00,              6.5354,                   0,              0.1691
        61,        80,      1.00,              2.6612,                   0,              0.1323
        61,        81,      1.00,              0.8895,                   0,              0.0221
        61,        82,      1.00,              0.3308,                   0,              0.0294
        61,        83,      1.00,              1.9114,                   0,              0.1103
        61,        84,      1.00,              1.3453,                   0,              0.0662
        61,        85,      1.00,              2.2275,                   0,              0.0662
        61,        86,      1.00,              2.2937,                   0,              0.0809
        61,        87,      1.00,              0.4190,                   0,              0.0221
        61,        88,      1.00,              0.0074,                   0,              0.0074
        61,        89,      1.00,              0.0074,                   0,              0.0074
        61,        90,      1.00,              0.6396,                   0,              0.0294
        61,        91,      1.00,              0.2205,                   0,              0.0221
        61,        92,      1.00,              0.9042,                   0,              0.0809
        61,        93,      1.00,              0.2132,                   0,              0.0147
        61,        94,      1.00,              0.4264,                   0,              0.0221
        61,        95,      1.00,              0.8454,                   0,              0.0662
        61,        96,      1.00,              0.4117,                   0,                   0
        61,        97,      1.00,              3.2787,                   0,              0.0735
        61,        98,      1.00,              3.8742,                   0,              0.0662
        61,        99,      1.00,              3.8301,                   0,              0.0588
        61,       100,      1.00,              2.8303,                   0,              0.2573
        61,       101,      1.00,              8.9835,                   0,              0.2794
        61,       102,      1.00,              0.4264,                   0,              0.0221
        61,       103,      1.00,              4.3962,                   0,              0.1470
        61,       104,      1.00,              1.9261,                   0,              0.0515
        61,       105,      1.00,              1.3233,                   0,              0.0368
        61,       106,      1.00,              1.1542,                   0,              0.0662
        61,       107,      1.00,              0.7572,                   0,              0.0588
        61,       108,      1.00,              0.4190,                   0,              0.0074
        61,       109,      1.00,              0.1176,                   0,              0.0368
        61,       110,      1.00,                   0,                   0,              0.0074
        61,       111,      1.00,              0.4117,                   0,              0.0074
        61,       112,      1.00,              3.9257,                   0,              0.2132
        61,       113,      1.00,              0.1029,                   0,              0.0074
        61,       114,      1.00,              2.6024,                   0,              0.0882
        61,       116,      1.00,              0.2867,                   0,              0.0662
        61,       117,      1.00,              1.2718,                   0,              0.0294
        61,       118,      1.00,              1.8673,                   0,              0.0956
        61,       119,      1.00,              0.1176,                   0,              0.0588
        61,       120,      1.00,              0.1617,                   0,              0.0368
        61,       121,      1.00,              0.0735,                   0,              0.0515
        61,       122,      1.00,              1.1468,                   0,              0.0441
        61,       123,      1.00,              0.5293,                   0,              0.0368
        61,       124,      1.00,              0.0221,                   0,              0.0588
        61,       125,      1.00,              0.2352,                   0,              0.0294
        61,       126,      1.00,              0.4117,                   0,              0.0809
        61,       127,      1.00,              0.7278,                   0,              0.0956
        61,       128,      1.00,              0.1103,                   0,              0.0294
        61,       129,      1.00,              0.0074,                   0,              0.0294
        61,       130,      1.00,              0.4117,                   0,              0.0147
        61,       131,      1.00,              0.0074,                   0,              0.0147
        61,       132,      1.00,                   0,                   0,              0.0147
        61,       133,      1.00,              0.0074,                   0,              0.0147
        61,       134,      1.00,              0.2132,                   0,              0.0074
        61,       135,      1.00,              0.2205,                   0,              0.0294
        61,       136,      1.00,              0.1397,                   0,              0.0662
        61,       137,      1.00,              0.0147,                   0,              0.0221
        61,       138,      1.00,              0.0147,                   0,              0.0221
        61,       140,      1.00,              0.3235,                   0,              0.0221
        61,       141,      1.00,              0.1250,                   0,              0.0221
        61,       142,      1.00,              0.0074,                   0,              0.0147
        61,       143,      1.00,              0.2499,                   0,              0.0294
        61,       144,      1.00,              0.0147,                   0,              0.0074
        61,       145,      1.00,              0.0956,                   0,              0.0147
        61,       146,      1.00,              0.2205,                   0,              0.0294
        61,       147,      1.00,              0.0515,                   0,              0.0147
        61,       148,      1.00,              0.1838,                   0,              0.0221
        61,       149,      1.00,              0.0588,                   0,              0.0147
        61,       150,      1.00,              0.0515,                   0,              0.0294
        61,       151,      1.00,              0.0809,                   0,              0.0735
        61,       152,      1.00,              0.0441,                   0,              0.0221
        61,       153,      1.00,              0.0294,                   0,              0.0147
        61,       154,      1.00,              0.1544,                   0,              0.0588
        61,       155,      1.00,              0.2279,                   0,              0.0735
        61,       156,      1.00,              0.0221,                   0,              0.0074
        61,       159,      1.00,              0.0074,                   0,                   0
        61,       160,      1.00,              0.1103,                   0,              0.0074
        61,       161,      1.00,              0.0441,                   0,              0.0368
        61,       162,      1.00,              0.9263,                   0,              0.0588
        61,       163,      1.00,              0.0074,                   0,              0.0074
        61,       164,      1.00,              0.2499,                   0,              0.0294
        61,       165,      1.00,              0.1176,                   0,              0.0294
        61,       166,      1.00,              0.0074,                   0,              0.0294
        61,       167,      1.00,              0.0735,                   0,              0.0221
        61,       168,      1.00,              0.2573,                   0,              0.0147
        61,       169,      1.00,              0.0662,                   0,              0.0074
        61,       170,      1.00,              0.0074,                   0,              0.0147
        61,       172,      1.00,              0.2794,                   0,              0.0221
        61,       174,      1.00,              0.3161,                   0,              0.0074
        61,       175,      1.00,              0.2205,                   0,              0.0147
        61,       177,      1.00,              0.0662,                   0,              0.0147
        61,       178,      1.00,              0.0662,                   0,              0.0221
        61,       179,      1.00,              0.2132,                   0,              0.0221
        61,       180,      1.00,              0.2058,                   0,                   0
        61,       181,      1.00,              0.0074,                   0,              0.0147
        61,       182,      1.00,              0.1323,                   0,              0.0515
        61,       183,      1.00,                   0,                   0,              0.0074
        61,       184,      1.00,              0.3088,                   0,              0.0074
        61,       185,      1.00,              0.0074,                   0,              0.0074
        61,       186,      1.00,                   0,                   0,              0.0074
        61,       187,      1.00,              0.2058,                   0,                   0
        61,       188,      1.00,              0.0074,                   0,              0.0147
        61,       190,      1.00,              0.0074,                   0,                   0
        61,       192,      1.00,              0.2058,                   0,              0.0147
        61,       196,      1.00,                   0,                   0,              0.0074
        61,       198,      1.00,              0.2058,                   0,              0.0074
        61,       200,      1.00,                   0,                   0,              0.0074
        61,       201,      1.00,                   0,                   0,              0.0074
        61,       204,      1.00,                   0,                   0,              0.0074
        61,       207,      1.00,                   0,                   0,              0.0074
        61,       208,      1.00,              0.4043,                   0,              0.0147
        61,       209,      1.00,              1.8526,                   0,              0.0956
        61,       210,      1.00,              3.2714,                   0,              0.0882
        61,       211,      1.00,              0.0147,                   0,              0.0074
        61,       212,      1.00,              0.2279,                   0,              0.0074
        61,       213,      1.00,              0.1250,                   0,              0.0221
        61,       214,      1.00,              0.0074,                   0,              0.0074
        61,       217,      1.00,                   0,                   0,              0.0074
        61,       218,      1.00,                   0,                   0,              0.0221
        61,       219,      1.00,                   0,                   0,              0.0294
        61,       224,      1.00,                   0,                   0,              0.1250
        61,       226,      1.00,              0.0147,                   0,              0.1029
        62,         1,      1.00,              0.0221,                   0,                   0
        62,         5,      1.00,                   0,                   0,              0.0074
        62,         6,      1.00,              0.0735,                   0,              0.0074
        62,         7,      1.00,              0.2794,                   0,              0.0074
        62,         8,      1.00,              0.6175,                   0,              0.0147
        62,         9,      1.00,              0.6396,                   0,              0.0074
        62,        11,      1.00,              0.6102,                   0,              0.0074
        62,        12,      1.00,              0.9630,                   0,              0.0074
        62,        13,      1.00,              0.2279,                   0,              0.0074
        62,        14,      1.00,              1.5365,                   0,              0.0368
        62,        15,      1.00,              5.1093,                   0,              0.1103
        62,        16,      1.00,              0.2058,                   0,                   0
        62,        17,      1.00,              0.7425,                   0,              0.1103
        62,        18,      1.00,              0.0809,                   0,              0.0074
        62,        19,      1.00,              0.5146,                   0,              0.0147
        62,        21,      1.00,              0.3749,                   0,              0.0294
        62,        22,      1.00,              0.5146,                   0,                   0
        62,        23,      1.00,              0.6249,                   0,              0.0074
        62,        24,      1.00,              1.2056,                   0,              0.0147
        62,        25,      1.00,              0.2058,                   0,              0.0147
        62,        26,      1.00,              0.7866,                   0,              0.0441
        62,        27,      1.00,              2.7641,                   0,              0.0662
        62,        28,      1.00,             10.5052,                   0,              0.1250
        62,        29,      1.00,              2.4701,                   0,              0.0735
        62,        30,      1.00,              4.7123,                   0,              0.1544
        62,        31,      1.00,              7.2338,                   0,              0.1617
        62,        32,      1.00,             11.9829,                   0,              0.0735
        62,        33,      1.00,             25.7154,                   0,              0.3235
        62,        34,      1.00,              2.5730,                   0,              0.0074
        62,        35,      1.00,              2.5877,                   0,              0.0074
        62,        36,      1.00,              0.7351,                   0,              0.0515
        62,        37,      1.00,              0.2426,                   0,              0.0147
        62,        38,      1.00,              1.8305,                   0,              0.0221
        62,        39,      1.00,              2.0952,                   0,              0.0441
        62,        40,      1.00,              0.2352,                   0,              0.0368
        62,        41,      1.00,              3.3302,                   0,              0.1691
        62,        42,      1.00,              1.0292,                   0,              0.0221
        62,        43,      1.00,              3.0582,                   0,              0.0588
        62,        44,      1.00,              0.9116,                   0,              0.1323
        62,        45,      1.00,              3.6390,                   0,              0.1691
        62,        46,      1.00,              2.0069,                   0,              0.0294
        62,        47,      1.00,              0.5072,                   0,              0.0074
        62,        48,      1.00,                   0,                   0,              0.0294
        62,        49,      1.00,              2.1760,                   0,              0.0221
        62,        50,      1.00,              0.0074,                   0,              0.1470
        62,        51,      1.00,              0.0588,                   0,                   0
        62,        52,      1.00,              3.1611,                   0,              0.0441
        62,        53,      1.00,              1.2350,                   0,              0.0074
        62,        54,      1.00,              4.6829,                   0,              0.0074
        62,        55,      1.00,              7.1897,                   0,              0.1029
        62,        56,      1.00,              1.5512,                   0,              0.2573
        62,        57,      1.00,              0.0588,                   0,              0.0074
        62,        58,      1.00,              3.1611,                   0,              0.2279
        62,        59,      1.00,             13.1885,                   0,              0.1029
        62,        60,      1.00,             20.5620,                   0,              0.0956
        62,        61,      1.00,             56.5988,                   0,              0.3970
        62,        62,      1.00,             79.7558,                   0,              0.2720
        62,        63,      1.00,             31.5892,                   0,              0.1911
        62,        64,      1.00,             13.3723,                   0,              0.1691
        62,        65,      1.00,             27.8546,                   0,              0.1691
        62,        66,      1.00,              8.2557,                   0,              0.0588
        62,        67,      1.00,             36.0662,                   0,              0.3014
        62,        68,      1.00,             20.2018,                   0,              0.1397
        62,        69,      1.00,             17.3641,                   0,              0.1470
        62,        70,      1.00,              2.1760,                   0,              0.0368
        62,        71,      1.00,              1.8599,                   0,              0.0221
        62,        72,      1.00,              1.6761,                   0,              0.0515
        62,        73,      1.00,              0.1250,                   0,              0.0221
        62,        74,      1.00,              0.6249,                   0,              0.0074
        62,        75,      1.00,              5.6900,                   0,              0.2499
        62,        76,      1.00,              8.9394,                   0,              0.0956
        62,        77,      1.00,              5.8591,                   0,              0.0662
        62,        78,      1.00,              0.2647,                   0,              0.0221
        62,        79,      1.00,              6.7633,                   0,              0.1470
        62,        80,      1.00,              1.4629,                   0,              0.1544
        62,        81,      1.00,              1.1174,                   0,              0.0074
        62,        82,      1.00,              0.0221,                   0,              0.0147
        62,        83,      1.00,              2.5068,                   0,              0.0515
        62,        84,      1.00,              1.0733,                   0,              0.0368
        62,        85,      1.00,              1.8452,                   0,              0.0294
        62,        86,      1.00,              1.1542,                   0,              0.0441
        62,        87,      1.00,              0.6837,                   0,              0.0147
        62,        88,      1.00,              0.3088,                   0,              0.0074
        62,        89,      1.00,              0.1029,                   0,              0.0074
        62,        90,      1.00,              0.9410,                   0,              0.0147
        62,        91,      1.00,              0.4852,                   0,              0.0074
        62,        92,      1.00,              0.4264,                   0,              0.0515
        62,        93,      1.00,              0.2132,                   0,              0.0074
        62,        94,      1.00,              0.3235,                   0,              0.0074
        62,        95,      1.00,              0.8013,                   0,              0.0294
        62,        96,      1.00,              0.4117,                   0,                   0
        62,        97,      1.00,              3.3670,                   0,              0.0368
        62,        98,      1.00,              3.0435,                   0,              0.0294
        62,        99,      1.00,              2.5804,                   0,              0.0368
        62,       100,      1.00,              3.6096,                   0,              0.3382
        62,       101,      1.00,              8.1160,                   0,              0.1911
        62,       102,      1.00,              0.2720,                   0,              0.0147
        62,       103,      1.00,              4.8667,                   0,              0.1176
        62,       104,      1.00,              1.7570,                   0,              0.0294
        62,       105,      1.00,              1.1468,                   0,              0.0221
        62,       106,      1.00,              1.6173,                   0,              0.0809
        62,       107,      1.00,              1.1027,                   0,              0.0662
        62,       108,      1.00,              0.5220,                   0,                   0
        62,       109,      1.00,              0.6249,                   0,              0.0368
        62,       110,      1.00,              0.5146,                   0,              0.0074
        62,       111,      1.00,                   0,                   0,              0.0074
        62,       112,      1.00,              2.6024,                   0,              0.1911
        62,       113,      1.00,                   0,                   0,              0.0074
        62,       114,      1.00,              1.0439,                   0,              0.0956
        62,       116,      1.00,              0.2132,                   0,              0.0441
        62,       117,      1.00,              1.1542,                   0,              0.0074
        62,       118,      1.00,              1.5144,                   0,              0.1029
        62,       119,      1.00,              0.4190,                   0,              0.0368
        62,       120,      1.00,              0.3161,                   0,              0.0147
        62,       121,      1.00,              0.2205,                   0,              0.0221
        62,       122,      1.00,              0.7278,                   0,              0.0221
        62,       123,      1.00,              0.4264,                   0,              0.0294
        62,       124,      1.00,              0.6322,                   0,              0.0294
        62,       125,      1.00,              0.8969,                   0,              0.0074
        62,       126,      1.00,              0.5220,                   0,              0.0588
        62,       127,      1.00,              0.6690,                   0,              0.0515
        62,       128,      1.00,              0.1838,                   0,              0.0221
        62,       129,      1.00,                   0,                   0,              0.0221
        62,       130,      1.00,              0.0515,                   0,              0.0074
        62,       131,      1.00,              0.0074,                   0,              0.0074
        62,       132,      1.00,              0.0809,                   0,              0.0074
        62,       133,      1.00,                   0,                   0,              0.0147
        62,       134,      1.00,                   0,                   0,              0.0074
        62,       135,      1.00,              0.2720,                   0,              0.0147
        62,       136,      1.00,              0.1029,                   0,              0.0294
        62,       137,      1.00,              0.0294,                   0,              0.0147
        62,       138,      1.00,              0.2132,                   0,              0.0147
        62,       140,      1.00,              0.0074,                   0,              0.0147
        62,       141,      1.00,              0.2058,                   0,              0.0147
        62,       142,      1.00,                   0,                   0,              0.0147
        62,       143,      1.00,              0.1470,                   0,              0.0147
        62,       144,      1.00,              0.0147,                   0,                   0
        62,       145,      1.00,              0.0294,                   0,              0.0074
        62,       146,      1.00,              0.0074,                   0,              0.0147
        62,       147,      1.00,                   0,                   0,              0.0074
        62,       148,      1.00,              0.0588,                   0,              0.0147
        62,       149,      1.00,              0.0221,                   0,              0.0074
        62,       150,      1.00,              0.1397,                   0,              0.0147
        62,       151,      1.00,              0.0956,                   0,              0.0662
        62,       152,      1.00,                   0,                   0,              0.0147
        62,       153,      1.00,              0.0735,                   0,              0.0074
        62,       154,      1.00,              0.1470,                   0,              0.0368
        62,       155,      1.00,              0.1397,                   0,              0.0515
        62,       156,      1.00,              0.0294,                   0,                   0
        62,       160,      1.00,              0.2058,                   0,                   0
        62,       161,      1.00,              0.0294,                   0,              0.0221
        62,       162,      1.00,              0.3308,                   0,              0.0368
        62,       164,      1.00,              0.2279,                   0,              0.0147
        62,       165,      1.00,              0.0588,                   0,              0.0221
        62,       166,      1.00,              0.4117,                   0,              0.0147
        62,       167,      1.00,              0.0956,                   0,              0.0074
        62,       168,      1.00,                   0,                   0,              0.0147
        62,       169,      1.00,                   0,                   0,              0.0074
        62,       170,      1.00,                   0,                   0,              0.0074
        62,       172,      1.00,              0.3749,                   0,              0.0074
        62,       173,      1.00,              0.2058,                   0,                   0
        62,       174,      1.00,              0.3088,                   0,                   0
        62,       175,      1.00,              0.0074,                   0,              0.0074
        62,       176,      1.00,              0.1029,                   0,                   0
        62,       177,      1.00,              0.2058,                   0,              0.0074
        62,       178,      1.00,              0.1250,                   0,              0.0147
        62,       179,      1.00,              0.0515,                   0,              0.0147
        62,       181,      1.00,              0.2058,                   0,              0.0074
        62,       182,      1.00,              0.0074,                   0,              0.0588
        62,       183,      1.00,                   0,                   0,              0.0074
        62,       184,      1.00,              0.2058,                   0,                   0
        62,       185,      1.00,              0.2058,                   0,                   0
        62,       187,      1.00,              0.1029,                   0,                   0
        62,       188,      1.00,              0.3088,                   0,              0.0074
        62,       191,      1.00,              0.2058,                   0,                   0
        62,       192,      1.00,              0.2058,                   0,              0.0074
        62,       195,      1.00,              0.1029,                   0,                   0
        62,       196,      1.00,                   0,                   0,              0.0074
        62,       200,      1.00,              0.2058,                   0,              0.0074
        62,       204,      1.00,                   0,                   0,              0.0074
        62,       207,      1.00,                   0,                   0,              0.0074
        62,       208,      1.00,              1.0733,                   0,              0.0074
        62,       209,      1.00,              3.1023,                   0,              0.0515
        62,       210,      1.00,              2.5951,                   0,              0.0882
        62,       211,      1.00,              0.0074,                   0,                   0
        62,       212,      1.00,              0.0147,                   0,              0.0074
        62,       213,      1.00,              0.1176,                   0,              0.0147
        62,       218,      1.00,                   0,                   0,              0.0147
        62,       219,      1.00,                   0,                   0,              0.0147
        62,       224,      1.00,                   0,                   0,              0.0882
        62,       226,      1.00,              0.0074,                   0,              0.0662
        63,         1,      1.00,              0.3088,                   0,              0.0074
        63,         2,      1.00,              0.2058,                   0,                   0
        63,         3,      1.00,              0.0368,                   0,                   0
        63,         4,      1.00,              0.0294,                   0,                   0
        63,         5,      1.00,                   0,                   0,              0.0074
        63,         6,      1.00,              0.6763,                   0,              0.0074
        63,         7,      1.00,              0.8969,                   0,              0.0147
        63,         8,      1.00,              0.4631,                   0,              0.0368
        63,         9,      1.00,              0.7793,                   0,              0.0074
        63,        11,      1.00,                   0,                   0,              0.0074
        63,        12,      1.00,              0.4190,                   0,              0.0147
        63,        13,      1.00,              0.9116,                   0,              0.0294
        63,        14,      1.00,              2.1907,                   0,              0.0882
        63,        15,      1.00,              9.3657,                   0,              0.1911
        63,        17,      1.00,              3.0435,                   0,              0.0368
        63,        18,      1.00,                   0,                   0,              0.0074
        63,        19,      1.00,              0.5881,                   0,              0.0147
        63,        21,      1.00,              2.4774,                   0,              0.0368
        63,        22,      1.00,              0.4117,                   0,              0.0074
        63,        23,      1.00,              0.2132,                   0,              0.0147
        63,        24,      1.00,              0.4264,                   0,              0.0221
        63,        25,      1.00,              0.6175,                   0,              0.0074
        63,        26,      1.00,              1.4482,                   0,              0.0368
        63,        27,      1.00,              3.3302,                   0,              0.0735
        63,        28,      1.00,             11.5418,                   0,              0.1544
        63,        29,      1.00,              5.1166,                   0,              0.0735
        63,        30,      1.00,              7.7558,                   0,              0.1397
        63,        31,      1.00,             13.3355,                   0,              0.1470
        63,        32,      1.00,             10.5346,                   0,              0.1103
        63,        33,      1.00,             28.9720,                   0,              0.2573
        63,        34,      1.00,              1.4409,                   0,              0.0147
        63,        35,      1.00,              1.8599,                   0,              0.0147
        63,        36,      1.00,              1.7570,                   0,              0.0147
        63,        37,      1.00,              0.8381,                   0,              0.0294
        63,        38,      1.00,              0.6322,                   0,              0.0294
        63,        39,      1.00,              2.9038,                   0,              0.0735
        63,        40,      1.00,              1.6614,                   0,              0.0368
        63,        41,      1.00,              2.1393,                   0,              0.0588
        63,        42,      1.00,              1.6688,                   0,              0.0074
        63,        43,      1.00,              1.2424,                   0,              0.0294
        63,        44,      1.00,              2.3819,                   0,              0.0588
        63,        45,      1.00,              2.0878,                   0,              0.0588
        63,        46,      1.00,              1.6320,                   0,              0.0662
        63,        47,      1.00,              0.8087,                   0,              0.0221
        63,        48,      1.00,                   0,                   0,              0.0074
        63,        49,      1.00,              1.6835,                   0,              0.0662
        63,        50,      1.00,              0.0074,                   0,              0.0221
        63,        51,      1.00,              0.0735,                   0,                   0
        63,        52,      1.00,              3.6831,                   0,              0.0515
        63,        53,      1.00,              0.8234,                   0,              0.0074
        63,        54,      1.00,              2.8450,                   0,              0.0221
        63,        55,      1.00,              3.9551,                   0,              0.0735
        63,        56,      1.00,              2.9185,                   0,              0.0662
        63,        57,      1.00,              0.1103,                   0,                   0
        63,        58,      1.00,              2.6906,                   0,              0.0588
        63,        59,      1.00,              9.0276,                   0,              0.0956
        63,        60,      1.00,             11.9829,                   0,              0.0882
        63,        61,      1.00,             43.9616,                   0,              0.2647
        63,        62,      1.00,             42.2120,                   0,              0.1911
        63,        63,      1.00,            102.4792,                   0,              0.0735
        63,        64,      1.00,             47.3948,                   0,              0.1764
        63,        65,      1.00,             17.5994,                   0,              0.1103
        63,        66,      1.00,              4.9696,                   0,              0.0515
        63,        67,      1.00,             27.3400,                   0,              0.1911
        63,        68,      1.00,             18.1434,                   0,              0.0956
        63,        69,      1.00,              6.5428,                   0,              0.0956
        63,        70,      1.00,              2.6392,                   0,              0.0221
        63,        71,      1.00,              1.0366,                   0,              0.0294
        63,        72,      1.00,              3.0509,                   0,              0.0515
        63,        73,      1.00,              0.2279,                   0,              0.0368
        63,        74,      1.00,              0.8307,                   0,              0.0147
        63,        75,      1.00,              3.9330,                   0,              0.1691
        63,        76,      1.00,             12.1960,                   0,              0.1176
        63,        77,      1.00,              9.8068,                   0,              0.0515
        63,        78,      1.00,              0.2058,                   0,              0.0074
        63,        79,      1.00,              7.3000,                   0,              0.1617
        63,        80,      1.00,              2.9994,                   0,              0.0956
        63,        81,      1.00,              0.4264,                   0,              0.0221
        63,        82,      1.00,              0.3235,                   0,              0.0368
        63,        83,      1.00,              2.9112,                   0,              0.1103
        63,        84,      1.00,              1.3747,                   0,              0.0809
        63,        85,      1.00,              1.3674,                   0,              0.0882
        63,        86,      1.00,              2.4480,                   0,              0.0809
        63,        87,      1.00,              0.2132,                   0,              0.0221
        63,        88,      1.00,              0.2058,                   0,              0.0074
        63,        89,      1.00,              0.2058,                   0,              0.0074
        63,        90,      1.00,              0.3235,                   0,              0.0368
        63,        91,      1.00,              0.4190,                   0,              0.0294
        63,        92,      1.00,              0.2205,                   0,              0.0809
        63,        93,      1.00,              0.4190,                   0,              0.0221
        63,        94,      1.00,              0.0147,                   0,              0.0294
        63,        95,      1.00,              1.0439,                   0,              0.0735
        63,        96,      1.00,                   0,                   0,              0.0074
        63,        97,      1.00,             16.0409,                   0,              0.0588
        63,        98,      1.00,             12.7548,                   0,              0.0515
        63,        99,      1.00,             10.4758,                   0,              0.0441
        63,       100,      1.00,              9.6524,                   0,              0.1764
        63,       101,      1.00,             31.4715,                   0,              0.2132
        63,       102,      1.00,              2.1687,                   0,              0.0147
        63,       103,      1.00,              7.3367,                   0,              0.1250
        63,       104,      1.00,              0.6910,                   0,              0.0515
        63,       105,      1.00,              2.7568,                   0,              0.0368
        63,       106,      1.00,              2.9994,                   0,              0.0588
        63,       107,      1.00,              0.4264,                   0,              0.0368
        63,       108,      1.00,              0.2132,                   0,              0.0074
        63,       109,      1.00,              0.7278,                   0,              0.0147
        63,       110,      1.00,              0.4117,                   0,              0.0074
        63,       111,      1.00,                   0,                   0,              0.0074
        63,       112,      1.00,              2.6465,                   0,              0.0515
        63,       113,      1.00,              0.6175,                   0,              0.0074
        63,       114,      1.00,              5.0137,                   0,              0.0662
        63,       116,      1.00,              0.2205,                   0,              0.0441
        63,       117,      1.00,              3.8154,                   0,              0.0515
        63,       118,      1.00,              2.4774,                   0,              0.0294
        63,       119,      1.00,              1.3453,                   0,              0.0588
        63,       120,      1.00,              0.4190,                   0,              0.0441
        63,       121,      1.00,              0.7940,                   0,              0.0588
        63,       122,      1.00,              0.7278,                   0,              0.0441
        63,       123,      1.00,              1.0366,                   0,              0.0294
        63,       124,      1.00,              0.4264,                   0,              0.0441
        63,       125,      1.00,              0.8454,                   0,              0.0294
        63,       126,      1.00,              0.1323,                   0,              0.0662
        63,       127,      1.00,              0.6543,                   0,              0.1103
        63,       128,      1.00,              0.0882,                   0,              0.0294
        63,       129,      1.00,                   0,                   0,              0.0221
        63,       130,      1.00,              0.3088,                   0,              0.0147
        63,       131,      1.00,              0.0074,                   0,              0.0147
        63,       132,      1.00,                   0,                   0,              0.0147
        63,       133,      1.00,              0.1103,                   0,              0.0074
        63,       134,      1.00,              0.2132,                   0,              0.0074
        63,       135,      1.00,              0.8381,                   0,              0.0294
        63,       136,      1.00,              0.7204,                   0,              0.0662
        63,       137,      1.00,              0.3455,                   0,              0.0221
        63,       138,      1.00,              0.7351,                   0,              0.0294
        63,       140,      1.00,              0.4190,                   0,              0.0221
        63,       141,      1.00,              0.0588,                   0,              0.0294
        63,       142,      1.00,              0.2720,                   0,              0.0221
        63,       143,      1.00,              0.1250,                   0,              0.0368
        63,       144,      1.00,              0.0074,                   0,              0.0074
        63,       145,      1.00,              0.0588,                   0,              0.0147
        63,       146,      1.00,              0.2205,                   0,              0.0221
        63,       147,      1.00,              0.0515,                   0,              0.0074
        63,       148,      1.00,              0.0956,                   0,              0.0294
        63,       149,      1.00,              0.0735,                   0,              0.0147
        63,       150,      1.00,              0.0735,                   0,              0.0294
        63,       151,      1.00,              0.0294,                   0,              0.0588
        63,       152,      1.00,              0.0368,                   0,              0.0147
        63,       153,      1.00,              0.0294,                   0,              0.0147
        63,       154,      1.00,              0.1250,                   0,              0.0515
        63,       155,      1.00,              0.0809,                   0,              0.0515
        63,       156,      1.00,              0.0735,                   0,              0.0074
        63,       157,      1.00,                   0,                   0,              0.0074
        63,       159,      1.00,                   0,                   0,              0.0074
        63,       160,      1.00,              0.0074,                   0,              0.0074
        63,       161,      1.00,              0.0294,                   0,              0.0221
        63,       162,      1.00,              0.7572,                   0,              0.0662
        63,       163,      1.00,                   0,                   0,              0.0074
        63,       164,      1.00,              0.4411,                   0,              0.0515
        63,       165,      1.00,                   0,                   0,              0.0294
        63,       166,      1.00,                   0,                   0,              0.0294
        63,       167,      1.00,                   0,                   0,              0.0147
        63,       168,      1.00,              0.1176,                   0,              0.0147
        63,       169,      1.00,              0.1617,                   0,              0.0074
        63,       170,      1.00,              0.3749,                   0,              0.0147
        63,       172,      1.00,              0.9410,                   0,              0.0294
        63,       173,      1.00,              0.1029,                   0,                   0
        63,       174,      1.00,              0.2132,                   0,              0.0074
        63,       175,      1.00,              0.2132,                   0,              0.0147
        63,       176,      1.00,              0.1029,                   0,                   0
        63,       177,      1.00,              0.1103,                   0,              0.0147
        63,       178,      1.00,              0.0735,                   0,              0.0221
        63,       179,      1.00,              0.2132,                   0,              0.0221
        63,       181,      1.00,              0.0074,                   0,              0.0147
        63,       182,      1.00,              0.0735,                   0,              0.0368
        63,       183,      1.00,                   0,                   0,              0.0074
        63,       184,      1.00,              0.2058,                   0,              0.0074
        63,       185,      1.00,                   0,                   0,              0.0074
        63,       186,      1.00,                   0,                   0,              0.0074
        63,       188,      1.00,              0.2132,                   0,              0.0147
        63,       190,      1.00,              0.0074,                   0,              0.0074
        63,       192,      1.00,                   0,                   0,              0.0147
        63,       193,      1.00,              0.1103,                   0,                   0
        63,       195,      1.00,                   0,                   0,              0.0074
        63,       196,      1.00,              0.2058,                   0,              0.0074
        63,       199,      1.00,              0.0221,                   0,                   0
        63,       200,      1.00,                   0,                   0,              0.0074
        63,       201,      1.00,              0.0809,                   0,              0.0074
        63,       202,      1.00,              0.0809,                   0,                   0
        63,       203,      1.00,              0.0147,                   0,                   0
        63,       204,      1.00,                   0,                   0,              0.0074
        63,       207,      1.00,                   0,                   0,              0.0074
        63,       208,      1.00,              1.0145,                   0,              0.0221
        63,       209,      1.00,              1.1615,                   0,              0.0809
        63,       210,      1.00,              2.7347,                   0,              0.0588
        63,       211,      1.00,              0.0074,                   0,              0.0147
        63,       212,      1.00,              0.2205,                   0,              0.0221
        63,       213,      1.00,              0.3235,                   0,              0.0221
        63,       214,      1.00,              0.0074,                   0,              0.0074
        63,       218,      1.00,                   0,                   0,              0.0074
        63,       219,      1.00,                   0,                   0,              0.0147
        63,       224,      1.00,                   0,                   0,              0.0882
        63,       226,      1.00,              0.0074,                   0,              0.0662
        64,         5,      1.00,                   0,                   0,              0.0074
        64,         6,      1.00,              0.0368,                   0,              0.0074
        64,         7,      1.00,              0.1103,                   0,              0.0074
        64,         8,      1.00,              0.6028,                   0,              0.0147
        64,         9,      1.00,              0.7204,                   0,              0.0074
        64,        11,      1.00,              0.0662,                   0,              0.0074
        64,        12,      1.00,              0.0735,                   0,              0.0074
        64,        13,      1.00,              0.2279,                   0,              0.0147
        64,        14,      1.00,              0.7498,                   0,              0.0294
        64,        15,      1.00,              2.6318,                   0,              0.1397
        64,        17,      1.00,              0.4117,                   0,              0.0588
        64,        18,      1.00,                   0,                   0,              0.0074
        64,        19,      1.00,              0.2058,                   0,              0.0147
        64,        21,      1.00,              0.8307,                   0,              0.0735
        64,        22,      1.00,              0.3088,                   0,              0.0074
        64,        23,      1.00,              0.0074,                   0,              0.0074
        64,        24,      1.00,              0.0147,                   0,              0.0074
        64,        26,      1.00,              0.4190,                   0,              0.0294
        64,        27,      1.00,              1.2571,                   0,              0.0588
        64,        28,      1.00,              2.7274,                   0,              0.1250
        64,        29,      1.00,              2.2348,                   0,              0.0588
        64,        30,      1.00,              1.5070,                   0,              0.1103
        64,        31,      1.00,              3.1979,                   0,              0.1250
        64,        32,      1.00,              2.0069,                   0,              0.0956
        64,        33,      1.00,              9.4025,                   0,              0.2058
        64,        34,      1.00,              0.4117,                   0,              0.0147
        64,        35,      1.00,              0.4264,                   0,              0.0074
        64,        36,      1.00,              0.0147,                   0,              0.0147
        64,        37,      1.00,              0.0221,                   0,              0.0074
        64,        38,      1.00,              0.2794,                   0,              0.0074
        64,        39,      1.00,              0.9483,                   0,              0.0588
        64,        40,      1.00,              0.6396,                   0,              0.0147
        64,        41,      1.00,              0.0294,                   0,              0.0441
        64,        42,      1.00,              0.0074,                   0,              0.0074
        64,        43,      1.00,              0.4264,                   0,              0.0221
        64,        44,      1.00,              0.6469,                   0,              0.0662
        64,        45,      1.00,              1.4923,                   0,              0.0588
        64,        46,      1.00,              1.4776,                   0,              0.0882
        64,        47,      1.00,              0.5293,                   0,              0.0294
        64,        48,      1.00,                   0,                   0,              0.0074
        64,        49,      1.00,              0.2352,                   0,              0.0515
        64,        50,      1.00,              0.0074,                   0,              0.0294
        64,        51,      1.00,              0.0294,                   0,                   0
        64,        52,      1.00,              1.3600,                   0,              0.0368
        64,        53,      1.00,                   0,                   0,              0.0074
        64,        54,      1.00,              1.7129,                   0,              0.0074
        64,        55,      1.00,              1.4335,                   0,              0.0588
        64,        56,      1.00,              0.4264,                   0,              0.0441
        64,        57,      1.00,              0.0147,                   0,                   0
        64,        58,      1.00,              1.0586,                   0,              0.0588
        64,        59,      1.00,              4.3374,                   0,              0.0882
        64,        60,      1.00,              3.5140,                   0,              0.0662
        64,        61,      1.00,             10.0494,                   0,              0.2132
        64,        62,      1.00,             12.2181,                   0,              0.1691
        64,        63,      1.00,             35.4560,                   0,              0.1764
        64,        64,      1.00,             39.7272,                   0,              0.1176
        64,        65,      1.00,              6.6751,                   0,              0.1029
        64,        66,      1.00,              2.1393,                   0,              0.0441
        64,        67,      1.00,             15.6733,                   0,              0.2132
        64,        68,      1.00,             11.3580,                   0,              0.0956
        64,        69,      1.00,              5.9400,                   0,              0.0956
        64,        70,      1.00,              0.9336,                   0,              0.0147
        64,        71,      1.00,              0.8381,                   0,              0.0294
        64,        72,      1.00,              1.6541,                   0,              0.0662
        64,        73,      1.00,              0.0368,                   0,              0.0515
        64,        74,      1.00,              0.2205,                   0,              0.0221
        64,        75,      1.00,              3.0509,                   0,              0.2058
        64,        76,      1.00,              5.3960,                   0,              0.1470
        64,        77,      1.00,              8.0351,                   0,              0.0588
        64,        78,      1.00,                   0,                   0,              0.0147
        64,        79,      1.00,              4.3521,                   0,              0.1911
        64,        80,      1.00,              1.9408,                   0,              0.1176
        64,        81,      1.00,              1.0807,                   0,              0.0294
        64,        82,      1.00,              0.2279,                   0,              0.0441
        64,        83,      1.00,              1.2497,                   0,              0.1323
        64,        84,      1.00,              0.5367,                   0,              0.1029
        64,        85,      1.00,              1.3821,                   0,              0.1029
        64,        86,      1.00,              0.6543,                   0,              0.1029
        64,        87,      1.00,              0.0074,                   0,              0.0294
        64,        88,      1.00,              0.2132,                   0,              0.0147
        64,        89,      1.00,              0.2132,                   0,              0.0074
        64,        90,      1.00,              0.4337,                   0,              0.0515
        64,        91,      1.00,              0.4264,                   0,              0.0368
        64,        92,      1.00,              0.8454,                   0,              0.1029
        64,        93,      1.00,              0.0074,                   0,              0.0221
        64,        94,      1.00,              0.0221,                   0,              0.0368
        64,        95,      1.00,              0.4337,                   0,              0.0956
        64,        96,      1.00,              0.2058,                   0,              0.0074
        64,        97,      1.00,             10.7405,                   0,              0.0882
        64,        98,      1.00,              8.2189,                   0,              0.0662
        64,        99,      1.00,              4.8740,                   0,              0.0735
        64,       100,      1.00,              5.3592,                   0,              0.1764
        64,       101,      1.00,             21.8411,                   0,              0.3749
        64,       102,      1.00,              1.3527,                   0,              0.0147
        64,       103,      1.00,              5.5945,                   0,              0.1617
        64,       104,      1.00,              1.3527,                   0,              0.0662
        64,       105,      1.00,              1.3674,                   0,              0.0368
        64,       106,      1.00,              1.5659,                   0,              0.0662
        64,       107,      1.00,              0.4925,                   0,              0.0441
        64,       108,      1.00,              0.0147,                   0,              0.0074
        64,       109,      1.00,              0.5293,                   0,              0.0221
        64,       110,      1.00,              0.2058,                   0,              0.0074
        64,       111,      1.00,                   0,                   0,              0.0074
        64,       112,      1.00,              0.7057,                   0,              0.0294
        64,       113,      1.00,              0.2058,                   0,                   0
        64,       114,      1.00,              2.0437,                   0,              0.0515
        64,       115,      1.00,                   0,                   0,              0.0074
        64,       116,      1.00,              0.2279,                   0,              0.0515
        64,       117,      1.00,              1.6026,                   0,              0.0294
        64,       118,      1.00,              1.7643,                   0,              0.0294
        64,       119,      1.00,              0.0147,                   0,              0.0662
        64,       120,      1.00,              0.2205,                   0,              0.0515
        64,       121,      1.00,              0.2867,                   0,              0.0809
        64,       122,      1.00,              1.0439,                   0,              0.0588
        64,       123,      1.00,              0.2205,                   0,              0.0368
        64,       124,      1.00,              0.7425,                   0,              0.0441
        64,       125,      1.00,              0.2941,                   0,              0.0221
        64,       126,      1.00,              0.1764,                   0,              0.0956
        64,       127,      1.00,              0.3455,                   0,              0.1470
        64,       128,      1.00,              0.1103,                   0,              0.0515
        64,       129,      1.00,              0.2132,                   0,              0.0294
        64,       130,      1.00,                   0,                   0,              0.0221
        64,       131,      1.00,              0.0074,                   0,              0.0294
        64,       132,      1.00,                   0,                   0,              0.0221
        64,       133,      1.00,              0.0074,                   0,              0.0074
        64,       134,      1.00,              0.0074,                   0,              0.0074
        64,       135,      1.00,              0.4264,                   0,              0.0221
        64,       136,      1.00,              0.2720,                   0,              0.0515
        64,       137,      1.00,              0.2941,                   0,              0.0147
        64,       138,      1.00,              0.0147,                   0,              0.0221
        64,       140,      1.00,              0.0147,                   0,              0.0147
        64,       141,      1.00,              0.1029,                   0,              0.0515
        64,       142,      1.00,              0.2132,                   0,              0.0294
        64,       143,      1.00,              0.1985,                   0,              0.0588
        64,       144,      1.00,              0.0147,                   0,              0.0074
        64,       145,      1.00,              0.0588,                   0,              0.0294
        64,       146,      1.00,              0.0147,                   0,              0.0221
        64,       147,      1.00,              0.0515,                   0,              0.0074
        64,       148,      1.00,              0.1250,                   0,              0.0588
        64,       149,      1.00,              0.0735,                   0,              0.0221
        64,       150,      1.00,              0.0735,                   0,              0.0441
        64,       151,      1.00,              0.0956,                   0,              0.0956
        64,       152,      1.00,              0.0147,                   0,              0.0221
        64,       153,      1.00,              0.0956,                   0,              0.0221
        64,       154,      1.00,              0.1544,                   0,              0.0882
        64,       155,      1.00,              0.0588,                   0,              0.0662
        64,       156,      1.00,                   0,                   0,              0.0147
        64,       157,      1.00,              0.0074,                   0,                   0
        64,       159,      1.00,              0.0074,                   0,                   0
        64,       160,      1.00,              0.0074,                   0,              0.0074
        64,       161,      1.00,              0.0515,                   0,              0.0294
        64,       162,      1.00,              0.3529,                   0,              0.0515
        64,       163,      1.00,              0.0074,                   0,                   0
        64,       164,      1.00,              0.3088,                   0,              0.0294
        64,       165,      1.00,              0.0294,                   0,              0.0441
        64,       166,      1.00,              0.2132,                   0,              0.0368
        64,       167,      1.00,                   0,                   0,              0.0147
        64,       168,      1.00,              0.1544,                   0,              0.0147
        64,       169,      1.00,              0.1176,                   0,              0.0074
        64,       170,      1.00,              0.5440,                   0,              0.0074
        64,       171,      1.00,                   0,                   0,              0.0074
        64,       172,      1.00,              0.2205,                   0,              0.1250
        64,       174,      1.00,              0.0074,                   0,              0.0074
        64,       175,      1.00,              0.1176,                   0,              0.0147
        64,       177,      1.00,              0.3161,                   0,              0.0147
        64,       178,      1.00,              0.1544,                   0,              0.0368
        64,       179,      1.00,              0.3161,                   0,              0.0147
        64,       181,      1.00,              0.0074,                   0,              0.0074
        64,       182,      1.00,              0.0662,                   0,              0.0368
        64,       183,      1.00,              0.0074,                   0,              0.0074
        64,       184,      1.00,              0.0074,                   0,                   0
        64,       185,      1.00,              0.2132,                   0,                   0
        64,       188,      1.00,              0.5220,                   0,              0.0294
        64,       190,      1.00,              0.2132,                   0,                   0
        64,       191,      1.00,                   0,                   0,              0.0294
        64,       192,      1.00,              0.3088,                   0,              0.0588
        64,       193,      1.00,              0.0809,                   0,                   0
        64,       195,      1.00,              0.2720,                   0,                   0
        64,       196,      1.00,                   0,                   0,              0.0221
        64,       199,      1.00,                   0,                   0,              0.0074
        64,       200,      1.00,                   0,                   0,              0.0221
        64,       201,      1.00,              0.1250,                   0,              0.0074
        64,       202,      1.00,                   0,                   0,              0.0147
        64,       204,      1.00,                   0,                   0,              0.0074
        64,       205,      1.00,                   0,                   0,              0.0221
        64,       206,      1.00,                   0,                   0,              0.0221
        64,       207,      1.00,                   0,                   0,              0.0735
        64,       208,      1.00,              0.6396,                   0,              0.0294
        64,       209,      1.00,              0.9042,                   0,              0.0956
        64,       210,      1.00,              1.2644,                   0,              0.0735
        64,       211,      1.00,              0.0074,                   0,              0.0074
        64,       212,      1.00,              0.2279,                   0,              0.0074
        64,       213,      1.00,              0.1250,                   0,              0.0147
        64,       214,      1.00,              0.0074,                   0,                   0
        64,       218,      1.00,                   0,                   0,              0.0074
        64,       219,      1.00,                   0,                   0,              0.0074
        64,       224,      1.00,                   0,                   0,              0.0956
        64,       226,      1.00,              0.0147,                   0,              0.0735
        65,         1,      1.00,              0.3529,                   0,              0.0074
        65,         2,      1.00,              0.1029,                   0,              0.0074
        65,         5,      1.00,              0.0074,                   0,              0.0074
        65,         6,      1.00,              0.5661,                   0,              0.0147
        65,         7,      1.00,              0.7351,                   0,              0.0221
        65,         8,      1.00,              0.4190,                   0,              0.0441
        65,         9,      1.00,              0.1397,                   0,              0.0221
        65,        10,      1.00,              0.2058,                   0,                   0
        65,        11,      1.00,              0.3382,                   0,              0.0074
        65,        12,      1.00,              0.2867,                   0,              0.0147
        65,        13,      1.00,              0.5072,                   0,              0.0515
        65,        14,      1.00,              1.3821,                   0,              0.1764
        65,        15,      1.00,              5.9326,                   0,              0.3382
        65,        16,      1.00,              0.4117,                   0,              0.0074
        65,        17,      1.00,              0.1250,                   0,              0.0662
        65,        18,      1.00,              0.3602,                   0,              0.0074
        65,        19,      1.00,              0.4778,                   0,              0.0294
        65,        20,      1.00,              0.0588,                   0,                   0
        65,        21,      1.00,                   0,                   0,              0.0221
        65,        22,      1.00,              0.7866,                   0,              0.0074
        65,        23,      1.00,              1.8673,                   0,              0.1029
        65,        24,      1.00,              0.6396,                   0,              0.0809
        65,        25,      1.00,              0.4117,                   0,              0.0074
        65,        26,      1.00,              1.3086,                   0,              0.0441
        65,        27,      1.00,              6.1679,                   0,              0.1838
        65,        28,      1.00,             12.5416,                   0,              0.2058
        65,        29,      1.00,              5.1828,                   0,              0.0662
        65,        30,      1.00,              2.2569,                   0,              0.0588
        65,        31,      1.00,              6.0282,                   0,              0.0662
        65,        32,      1.00,             11.8873,                   0,              0.1691
        65,        33,      1.00,             17.2318,                   0,              0.1617
        65,        34,      1.00,              2.1687,                   0,              0.0441
        65,        35,      1.00,              2.1834,                   0,              0.0441
        65,        36,      1.00,              0.8307,                   0,              0.0735
        65,        37,      1.00,              1.8011,                   0,              0.0515
        65,        38,      1.00,              1.5365,                   0,              0.0662
        65,        39,      1.00,              5.6680,                   0,              0.1544
        65,        40,      1.00,              1.7570,                   0,              0.1029
        65,        41,      1.00,              6.6972,                   0,              0.3749
        65,        42,      1.00,              2.8818,                   0,              0.0588
        65,        43,      1.00,              6.2267,                   0,              0.1617
        65,        44,      1.00,              6.9324,                   0,              0.2647
        65,        45,      1.00,              6.1458,                   0,              0.3896
        65,        46,      1.00,              3.0509,                   0,              0.0441
        65,        47,      1.00,              2.0658,                   0,              0.0441
        65,        48,      1.00,              0.0809,                   0,              0.0221
        65,        49,      1.00,              3.4699,                   0,              0.1323
        65,        50,      1.00,              0.4484,                   0,              0.1470
        65,        51,      1.00,              0.2426,                   0,                   0
        65,        52,      1.00,             12.5122,                   0,              0.1911
        65,        53,      1.00,              0.8895,                   0,              0.0147
        65,        54,      1.00,             11.1007,                   0,              0.0809
        65,        55,      1.00,             12.9900,                   0,              0.3014
        65,        56,      1.00,              5.4915,                   0,              0.4631
        65,        57,      1.00,              0.2132,                   0,              0.0147
        65,        58,      1.00,              6.5134,                   0,              0.4264
        65,        59,      1.00,             13.6810,                   0,              0.1103
        65,        60,      1.00,             30.6555,                   0,              0.2132
        65,        61,      1.00,             26.4211,                   0,              0.2132
        65,        62,      1.00,             31.4127,                   0,              0.1691
        65,        63,      1.00,             10.2259,                   0,              0.1103
        65,        64,      1.00,              3.0214,                   0,              0.1029
        65,        65,      1.00,             71.8457,                   0,              0.2499
        65,        66,      1.00,             21.5691,                   0,              0.2573
        65,        67,      1.00,             28.6265,                   0,              0.2499
        65,        68,      1.00,             12.6004,                   0,              0.1029
        65,        69,      1.00,             25.0023,                   0,              0.1691
        65,        70,      1.00,              7.1530,                   0,              0.0662
        65,        71,      1.00,              4.8520,                   0,              0.0515
        65,        72,      1.00,              3.5287,                   0,              0.0441
        65,        73,      1.00,              0.0294,                   0,              0.0735
        65,        74,      1.00,              1.1468,                   0,              0.0294
        65,        75,      1.00,              7.3147,                   0,              0.3382
        65,        76,      1.00,              7.1456,                   0,              0.1470
        65,        77,      1.00,              3.5287,                   0,              0.0441
        65,        78,      1.00,                   0,                   0,              0.0074
        65,        79,      1.00,              4.7858,                   0,              0.0735
        65,        80,      1.00,              2.8818,                   0,              0.1250
        65,        81,      1.00,              1.5585,                   0,              0.0147
        65,        82,      1.00,              0.9042,                   0,              0.0588
        65,        83,      1.00,              3.6316,                   0,              0.1029
        65,        84,      1.00,              2.1466,                   0,              0.0221
        65,        85,      1.00,              1.5365,                   0,              0.0294
        65,        86,      1.00,              1.3674,                   0,              0.1250
        65,        87,      1.00,              0.3161,                   0,              0.0515
        65,        88,      1.00,              0.0074,                   0,              0.0221
        65,        89,      1.00,              0.0662,                   0,              0.0368
        65,        90,      1.00,              0.6396,                   0,              0.0221
        65,        91,      1.00,              0.9998,                   0,              0.0074
        65,        92,      1.00,              0.6322,                   0,              0.0294
        65,        93,      1.00,              0.2720,                   0,              0.0074
        65,        94,      1.00,              0.2205,                   0,              0.0147
        65,        95,      1.00,              0.3896,                   0,              0.0221
        65,        96,      1.00,              0.6175,                   0,              0.0294
        65,        97,      1.00,              2.0364,                   0,              0.0221
        65,        98,      1.00,              2.0731,                   0,              0.0221
        65,        99,      1.00,              1.1983,                   0,              0.0221
        65,       100,      1.00,              1.5291,                   0,              0.1764
        65,       101,      1.00,              3.7051,                   0,              0.1029
        65,       102,      1.00,              0.2132,                   0,              0.0074
        65,       103,      1.00,              5.5945,                   0,              0.0588
        65,       104,      1.00,              1.0660,                   0,              0.1250
        65,       105,      1.00,              0.3161,                   0,              0.0147
        65,       106,      1.00,              1.3086,                   0,              0.0294
        65,       107,      1.00,              0.2205,                   0,              0.0368
        65,       108,      1.00,              0.0074,                   0,              0.0074
        65,       109,      1.00,              0.1103,                   0,              0.0221
        65,       110,      1.00,              0.9263,                   0,              0.0221
        65,       111,      1.00,              0.0662,                   0,              0.0221
        65,       112,      1.00,              4.3888,                   0,              0.4264
        65,       113,      1.00,                   0,                   0,              0.0074
        65,       114,      1.00,              1.0366,                   0,              0.0441
        65,       116,      1.00,              0.1103,                   0,              0.0294
        65,       117,      1.00,              0.7940,                   0,              0.0221
        65,       118,      1.00,              1.7202,                   0,              0.0662
        65,       119,      1.00,              0.0147,                   0,              0.0294
        65,       120,      1.00,              0.5734,                   0,              0.0147
        65,       121,      1.00,              0.9557,                   0,              0.0147
        65,       122,      1.00,              0.6322,                   0,              0.0515
        65,       123,      1.00,              1.2718,                   0,              0.0515
        65,       124,      1.00,              0.2205,                   0,              0.0147
        65,       125,      1.00,              0.0147,                   0,              0.0074
        65,       126,      1.00,              0.5440,                   0,              0.0368
        65,       127,      1.00,              0.6837,                   0,              0.0294
        65,       128,      1.00,              0.0882,                   0,              0.0147
        65,       129,      1.00,              0.2132,                   0,              0.0074
        65,       130,      1.00,              0.0735,                   0,              0.0074
        65,       131,      1.00,              0.0074,                   0,              0.0074
        65,       132,      1.00,              0.1176,                   0,              0.0074
        65,       133,      1.00,              0.2352,                   0,              0.0074
        65,       134,      1.00,              0.0515,                   0,                   0
        65,       135,      1.00,              0.4190,                   0,              0.0074
        65,       136,      1.00,              0.2132,                   0,              0.0221
        65,       137,      1.00,              0.0074,                   0,              0.0074
        65,       138,      1.00,              0.6175,                   0,              0.0074
        65,       140,      1.00,              0.0956,                   0,              0.0074
        65,       141,      1.00,              0.1617,                   0,              0.0147
        65,       142,      1.00,              0.1691,                   0,              0.0147
        65,       143,      1.00,              0.2058,                   0,              0.0147
        65,       144,      1.00,              0.0441,                   0,                   0
        65,       145,      1.00,              0.0368,                   0,              0.0074
        65,       146,      1.00,              0.1250,                   0,              0.0147
        65,       147,      1.00,              0.0368,                   0,              0.0074
        65,       148,      1.00,              0.2720,                   0,              0.0147
        65,       149,      1.00,              0.1029,                   0,              0.0147
        65,       150,      1.00,              0.1470,                   0,              0.0221
        65,       151,      1.00,              0.1985,                   0,              0.0294
        65,       152,      1.00,              0.0294,                   0,              0.0147
        65,       153,      1.00,              0.0294,                   0,              0.0147
        65,       154,      1.00,              0.2205,                   0,              0.0368
        65,       155,      1.00,              0.2352,                   0,              0.0294
        65,       156,      1.00,              0.0221,                   0,                   0
        65,       160,      1.00,              0.0147,                   0,                   0
        65,       161,      1.00,              0.0882,                   0,              0.0368
        65,       162,      1.00,              0.2205,                   0,              0.0221
        65,       164,      1.00,              0.2794,                   0,              0.0147
        65,       165,      1.00,              0.0735,                   0,              0.0221
        65,       166,      1.00,              0.1397,                   0,              0.0221
        65,       167,      1.00,              0.0735,                   0,              0.0074
        65,       168,      1.00,              0.1323,                   0,              0.0074
        65,       169,      1.00,              0.0515,                   0,              0.0074
        65,       170,      1.00,                   0,                   0,              0.0074
        65,       172,      1.00,              0.1029,                   0,              0.0147
        65,       173,      1.00,              0.0368,                   0,                   0
        65,       175,      1.00,              0.0809,                   0,              0.0074
        65,       176,      1.00,              0.0147,                   0,                   0
        65,       177,      1.00,              0.0809,                   0,              0.0074
        65,       178,      1.00,              0.1323,                   0,              0.0147
        65,       179,      1.00,              0.1691,                   0,              0.0147
        65,       180,      1.00,              0.0221,                   0,                   0
        65,       181,      1.00,              0.0294,                   0,              0.0074
        65,       182,      1.00,              0.1176,                   0,              0.0074
        65,       183,      1.00,              0.0221,                   0,                   0
        65,       184,      1.00,              0.0294,                   0,                   0
        65,       185,      1.00,              0.1838,                   0,                   0
        65,       187,      1.00,              0.0588,                   0,                   0
        65,       188,      1.00,              0.4117,                   0,              0.0074
        65,       192,      1.00,              0.2058,                   0,              0.0074
        65,       193,      1.00,              0.0809,                   0,                   0
        65,       195,      1.00,              0.0588,                   0,                   0
        65,       201,      1.00,              0.1250,                   0,                   0
        65,       208,      1.00,              0.5220,                   0,              0.0147
        65,       209,      1.00,              4.5064,                   0,              0.1838
        65,       210,      1.00,              7.8146,                   0,              0.1617
        65,       212,      1.00,              0.0074,                   0,              0.0074
        65,       213,      1.00,              0.0074,                   0,              0.0074
        65,       217,      1.00,                   0,                   0,              0.0074
        65,       218,      1.00,                   0,                   0,              0.0147
        65,       219,      1.00,                   0,                   0,              0.0221
        65,       224,      1.00,                   0,                   0,              0.0588
        65,       226,      1.00,              0.0074,                   0,              0.0441
        66,         1,      1.00,              0.1029,                   0,              0.0074
        66,         2,      1.00,              0.2647,                   0,              0.0074
        66,         4,      1.00,                   0,                   0,              0.0074
        66,         5,      1.00,              0.0074,                   0,              0.0074
        66,         6,      1.00,              0.4999,                   0,              0.0147
        66,         7,      1.00,              0.3676,                   0,              0.0221
        66,         8,      1.00,              1.2571,                   0,              0.0294
        66,         9,      1.00,              1.0145,                   0,              0.0147
        66,        11,      1.00,              0.2647,                   0,              0.0074
        66,        12,      1.00,              0.7278,                   0,              0.0221
        66,        13,      1.00,              1.1248,                   0,              0.0515
        66,        14,      1.00,              1.8673,                   0,              0.0956
        66,        15,      1.00,              5.8885,                   0,              0.0809
        66,        16,      1.00,              0.2058,                   0,              0.0074
        66,        17,      1.00,              0.6175,                   0,              0.0147
        66,        18,      1.00,              0.1029,                   0,              0.0074
        66,        19,      1.00,              0.1691,                   0,              0.0147
        66,        21,      1.00,                   0,                   0,              0.0147
        66,        22,      1.00,              0.4117,                   0,                   0
        66,        23,      1.00,              2.2569,                   0,              0.0588
        66,        24,      1.00,              0.6322,                   0,              0.0515
        66,        25,      1.00,              0.2058,                   0,                   0
        66,        26,      1.00,              1.5512,                   0,              0.0147
        66,        27,      1.00,              4.3079,                   0,              0.0882
        66,        28,      1.00,              7.4985,                   0,              0.1397
        66,        29,      1.00,              0.9410,                   0,              0.0368
        66,        30,      1.00,              2.1319,                   0,              0.0221
        66,        31,      1.00,              2.1834,                   0,              0.0368
        66,        32,      1.00,              8.2483,                   0,              0.0882
        66,        33,      1.00,              6.9692,                   0,              0.0662
        66,        34,      1.00,              2.2642,                   0,              0.0147
        66,        35,      1.00,              2.8965,                   0,              0.0368
        66,        36,      1.00,              1.3821,                   0,              0.0735
        66,        37,      1.00,              1.8452,                   0,              0.0368
        66,        38,      1.00,              0.3970,                   0,              0.0441
        66,        39,      1.00,              6.8074,                   0,              0.1029
        66,        40,      1.00,              1.4335,                   0,              0.0515
        66,        41,      1.00,              6.2340,                   0,              0.3382
        66,        42,      1.00,              4.2785,                   0,              0.0368
        66,        43,      1.00,              8.8732,                   0,              0.0515
        66,        44,      1.00,              6.8368,                   0,              0.1176
        66,        45,      1.00,              8.6453,                   0,              0.2794
        66,        46,      1.00,              2.8891,                   0,              0.0294
        66,        47,      1.00,              1.4335,                   0,              0.0147
        66,        48,      1.00,              0.0735,                   0,              0.0221
        66,        49,      1.00,              4.1389,                   0,              0.0882
        66,        50,      1.00,              0.4117,                   0,              0.1470
        66,        51,      1.00,              0.2352,                   0,                   0
        66,        52,      1.00,             12.1740,                   0,              0.1250
        66,        53,      1.00,              1.2939,                   0,                   0
        66,        54,      1.00,             11.4830,                   0,              0.0588
        66,        55,      1.00,             28.7368,                   0,              0.1838
        66,        56,      1.00,              6.8001,                   0,              0.4043
        66,        57,      1.00,              0.2573,                   0,              0.0147
        66,        58,      1.00,              8.5571,                   0,              0.3161
        66,        59,      1.00,             10.3582,                   0,              0.0662
        66,        60,      1.00,             14.6955,                   0,              0.1250
        66,        61,      1.00,              9.1452,                   0,              0.0882
        66,        62,      1.00,              7.0500,                   0,              0.0588
        66,        63,      1.00,              4.0065,                   0,              0.0515
        66,        64,      1.00,              1.4776,                   0,              0.0441
        66,        65,      1.00,             22.3116,                   0,              0.2573
        66,        66,      1.00,             47.1963,                   0,              0.1176
        66,        67,      1.00,             12.8503,                   0,              0.1764
        66,        68,      1.00,              5.1901,                   0,              0.0882
        66,        69,      1.00,             11.8138,                   0,              0.1691
        66,        70,      1.00,              7.9102,                   0,              0.0368
        66,        71,      1.00,              5.9767,                   0,              0.0294
        66,        72,      1.00,              3.0067,                   0,              0.0294
        66,        73,      1.00,              0.7425,                   0,              0.0294
        66,        74,      1.00,              0.1764,                   0,              0.0147
        66,        75,      1.00,              2.4701,                   0,              0.1176
        66,        76,      1.00,              4.5138,                   0,              0.1470
        66,        77,      1.00,              2.9479,                   0,              0.0662
        66,        79,      1.00,              1.8305,                   0,              0.0956
        66,        80,      1.00,              2.5436,                   0,              0.0441
        66,        81,      1.00,              1.2718,                   0,              0.0074
        66,        82,      1.00,              0.2867,                   0,              0.0147
        66,        83,      1.00,              3.6978,                   0,              0.0441
        66,        84,      1.00,              2.3525,                   0,              0.0221
        66,        85,      1.00,              2.9259,                   0,              0.0294
        66,        86,      1.00,              3.2052,                   0,              0.0588
        66,        87,      1.00,              0.8895,                   0,              0.0221
        66,        88,      1.00,              0.5146,                   0,              0.0074
        66,        89,      1.00,              0.5808,                   0,                   0
        66,        90,      1.00,              0.3235,                   0,              0.0074
        66,        91,      1.00,              0.7278,                   0,              0.0074
        66,        92,      1.00,              0.6322,                   0,              0.0221
        66,        93,      1.00,              0.0074,                   0,              0.0074
        66,        94,      1.00,              0.2205,                   0,              0.0074
        66,        95,      1.00,              0.9630,                   0,              0.0147
        66,        96,      1.00,              0.1691,                   0,              0.0882
        66,        97,      1.00,              1.3012,                   0,              0.0147
        66,        98,      1.00,              1.1395,                   0,              0.0221
        66,        99,      1.00,              1.0292,                   0,              0.0074
        66,       100,      1.00,              1.8673,                   0,              0.0882
        66,       101,      1.00,              2.6171,                   0,              0.0294
        66,       102,      1.00,                   0,                   0,              0.0074
        66,       103,      1.00,              2.6906,                   0,              0.0221
        66,       104,      1.00,              1.5512,                   0,              0.0588
        66,       105,      1.00,              0.4190,                   0,              0.0147
        66,       106,      1.00,              0.8307,                   0,              0.0074
        66,       107,      1.00,              0.2132,                   0,              0.0074
        66,       108,      1.00,              0.0074,                   0,              0.0074
        66,       109,      1.00,              0.4190,                   0,              0.0074
        66,       112,      1.00,              5.7341,                   0,              0.4337
        66,       114,      1.00,              0.5220,                   0,              0.0221
        66,       116,      1.00,              0.0074,                   0,              0.0221
        66,       117,      1.00,              0.5220,                   0,              0.0147
        66,       118,      1.00,              0.4190,                   0,              0.0294
        66,       119,      1.00,              0.0074,                   0,              0.0294
        66,       120,      1.00,              0.3823,                   0,              0.0074
        66,       121,      1.00,              1.4850,                   0,              0.0147
        66,       122,      1.00,              0.7278,                   0,              0.0147
        66,       123,      1.00,              0.3235,                   0,              0.0294
        66,       124,      1.00,              0.1176,                   0,              0.0074
        66,       125,      1.00,              0.0074,                   0,              0.0074
        66,       126,      1.00,              0.3382,                   0,              0.0294
        66,       127,      1.00,              0.8160,                   0,              0.0221
        66,       128,      1.00,              0.1544,                   0,              0.0074
        66,       129,      1.00,              0.2058,                   0,                   0
        66,       130,      1.00,              0.0956,                   0,                   0
        66,       131,      1.00,              0.0074,                   0,                   0
        66,       132,      1.00,              0.0294,                   0,                   0
        66,       133,      1.00,              0.0368,                   0,                   0
        66,       134,      1.00,              0.0441,                   0,                   0
        66,       135,      1.00,              0.2058,                   0,              0.0074
        66,       136,      1.00,              0.1764,                   0,              0.0074
        66,       137,      1.00,              0.0368,                   0,              0.0074
        66,       138,      1.00,              0.0662,                   0,                   0
        66,       140,      1.00,              0.1103,                   0,              0.0074
        66,       141,      1.00,              0.3529,                   0,              0.0147
        66,       142,      1.00,              0.2132,                   0,              0.0147
        66,       143,      1.00,              0.1691,                   0,              0.0147
        66,       144,      1.00,              0.0221,                   0,                   0
        66,       145,      1.00,              0.0441,                   0,              0.0074
        66,       146,      1.00,              0.1470,                   0,              0.0147
        66,       147,      1.00,              0.0294,                   0,              0.0074
        66,       148,      1.00,              0.2573,                   0,              0.0074
        66,       149,      1.00,              0.0515,                   0,              0.0074
        66,       150,      1.00,              0.0588,                   0,              0.0147
        66,       151,      1.00,              0.1397,                   0,              0.0147
        66,       152,      1.00,              0.1250,                   0,              0.0147
        66,       153,      1.00,              0.0735,                   0,              0.0074
        66,       154,      1.00,              0.4264,                   0,              0.0294
        66,       155,      1.00,              0.2132,                   0,              0.0221
        66,       160,      1.00,              0.0735,                   0,                   0
        66,       161,      1.00,              0.0809,                   0,              0.0294
        66,       162,      1.00,              0.0074,                   0,              0.0147
        66,       164,      1.00,              0.0074,                   0,              0.0074
        66,       165,      1.00,              0.0956,                   0,              0.0147
        66,       166,      1.00,              0.1103,                   0,              0.0147
        66,       167,      1.00,              0.0809,                   0,              0.0074
        66,       168,      1.00,              0.0294,                   0,              0.0074
        66,       169,      1.00,              0.0368,                   0,                   0
        66,       172,      1.00,              0.6175,                   0,              0.0074
        66,       173,      1.00,              0.0147,                   0,                   0
        66,       174,      1.00,              0.2058,                   0,                   0
        66,       175,      1.00,              0.0147,                   0,              0.0074
        66,       176,      1.00,              0.0147,                   0,                   0
        66,       177,      1.00,              0.0588,                   0,              0.0074
        66,       178,      1.00,              0.0735,                   0,              0.0147
        66,       179,      1.00,              0.0882,                   0,              0.0147
        66,       181,      1.00,              0.0147,                   0,                   0
        66,       182,      1.00,              0.1029,                   0,              0.0074
        66,       183,      1.00,              0.0221,                   0,                   0
        66,       184,      1.00,              0.0221,                   0,                   0
        66,       185,      1.00,              0.0221,                   0,                   0
        66,       188,      1.00,              0.0588,                   0,              0.0074
        66,       195,      1.00,              0.2058,                   0,                   0
        66,       208,      1.00,              0.6102,                   0,              0.0074
        66,       209,      1.00,              7.4176,                   0,              0.0662
        66,       210,      1.00,              7.1383,                   0,              0.0662
        66,       213,      1.00,              0.0074,                   0,              0.0074
        66,       218,      1.00,                   0,                   0,              0.0147
        66,       219,      1.00,                   0,                   0,              0.0147
        66,       224,      1.00,                   0,                   0,              0.0441
        66,       226,      1.00,                   0,                   0,              0.0294
        67,         1,      1.00,              0.3161,                   0,              0.0074
        67,         2,      1.00,              0.2058,                   0,              0.0074
        67,         3,      1.00,              0.1764,                   0,                   0
        67,         4,      1.00,              0.2132,                   0,                   0
        67,         5,      1.00,              0.0074,                   0,              0.0074
        67,         6,      1.00,              0.1911,                   0,              0.0147
        67,         7,      1.00,              0.6322,                   0,              0.0147
        67,         8,      1.00,              1.6173,                   0,              0.0221
        67,         9,      1.00,              0.9189,                   0,              0.0147
        67,        11,      1.00,              0.2647,                   0,              0.0074
        67,        12,      1.00,              0.7646,                   0,              0.0147
        67,        13,      1.00,              1.1321,                   0,              0.0147
        67,        14,      1.00,              2.2716,                   0,              0.0221
        67,        15,      1.00,              6.8957,                   0,              0.1029
        67,        17,      1.00,              1.6688,                   0,              0.0441
        67,        18,      1.00,              0.1691,                   0,              0.0074
        67,        19,      1.00,              0.5734,                   0,              0.0221
        67,        21,      1.00,              0.4484,                   0,              0.0441
        67,        22,      1.00,              0.6690,                   0,              0.0074
        67,        23,      1.00,              1.8820,                   0,              0.0147
        67,        24,      1.00,              1.1983,                   0,              0.0221
        67,        25,      1.00,              0.2132,                   0,                   0
        67,        26,      1.00,              0.7057,                   0,              0.0294
        67,        27,      1.00,              3.7566,                   0,              0.0809
        67,        28,      1.00,              8.5938,                   0,              0.0809
        67,        29,      1.00,              3.4478,                   0,              0.0294
        67,        30,      1.00,              6.4399,                   0,              0.1323
        67,        31,      1.00,              7.8955,                   0,              0.1323
        67,        32,      1.00,             10.9610,                   0,              0.0368
        67,        33,      1.00,             19.5328,                   0,              0.3014
        67,        34,      1.00,              1.7643,                   0,              0.0074
        67,        35,      1.00,              3.6022,                   0,              0.0074
        67,        36,      1.00,              1.6835,                   0,              0.0294
        67,        37,      1.00,              0.9336,                   0,              0.0147
        67,        38,      1.00,              1.9849,                   0,              0.0074
        67,        39,      1.00,              2.4921,                   0,              0.0662
        67,        40,      1.00,              1.1468,                   0,              0.0221
        67,        41,      1.00,              4.3888,                   0,              0.1103
        67,        42,      1.00,              2.0143,                   0,              0.0221
        67,        43,      1.00,              6.1605,                   0,              0.1176
        67,        44,      1.00,              5.1975,                   0,              0.1911
        67,        45,      1.00,             10.6081,                   0,              0.2058
        67,        46,      1.00,              5.2195,                   0,              0.1103
        67,        47,      1.00,              2.7494,                   0,              0.0294
        67,        48,      1.00,              0.0515,                   0,              0.0147
        67,        49,      1.00,              1.2571,                   0,              0.0441
        67,        50,      1.00,              0.2867,                   0,              0.0956
        67,        51,      1.00,              0.1176,                   0,                   0
        67,        52,      1.00,              5.9620,                   0,              0.0588
        67,        53,      1.00,              0.1176,                   0,                   0
        67,        54,      1.00,              3.5802,                   0,              0.0294
        67,        55,      1.00,             11.1521,                   0,              0.1691
        67,        56,      1.00,              3.4699,                   0,              0.1176
        67,        57,      1.00,              0.1323,                   0,              0.0074
        67,        58,      1.00,              7.5720,                   0,              0.1544
        67,        59,      1.00,             12.2108,                   0,              0.0662
        67,        60,      1.00,             21.4589,                   0,              0.1029
        67,        61,      1.00,             29.8983,                   0,              0.3602
        67,        62,      1.00,             46.4832,                   0,              0.3014
        67,        63,      1.00,             27.1783,                   0,              0.1911
        67,        64,      1.00,             18.5551,                   0,              0.2132
        67,        65,      1.00,             34.9047,                   0,              0.2499
        67,        66,      1.00,             14.2986,                   0,              0.1764
        67,        67,      1.00,            156.6079,                   0,              0.4337
        67,        68,      1.00,             57.3927,                   0,              0.1911
        67,        69,      1.00,             38.4995,                   0,              0.2426
        67,        70,      1.00,              4.1536,                   0,              0.0515
        67,        71,      1.00,              6.8883,                   0,              0.0588
        67,        72,      1.00,             21.1428,                   0,              0.0809
        67,        73,      1.00,              0.5514,                   0,              0.0735
        67,        74,      1.00,              0.9630,                   0,              0.0294
        67,        75,      1.00,             27.1342,                   0,              0.3970
        67,        76,      1.00,             45.3878,                   0,              0.1838
        67,        77,      1.00,             22.5469,                   0,              0.1029
        67,        78,      1.00,                   0,                   0,              0.0074
        67,        79,      1.00,             16.2614,                   0,              0.2132
        67,        80,      1.00,             12.9018,                   0,              0.2132
        67,        81,      1.00,              5.8812,                   0,              0.0368
        67,        82,      1.00,              2.4848,                   0,              0.0515
        67,        83,      1.00,              8.5718,                   0,              0.1838
        67,        84,      1.00,              4.1609,                   0,              0.1250
        67,        85,      1.00,              6.0429,                   0,              0.1323
        67,        86,      1.00,              4.8373,                   0,              0.1323
        67,        87,      1.00,              0.8601,                   0,              0.0368
        67,        88,      1.00,              0.9042,                   0,              0.0147
        67,        89,      1.00,              1.4629,                   0,              0.0221
        67,        90,      1.00,              2.2422,                   0,              0.0588
        67,        91,      1.00,              0.9630,                   0,              0.0441
        67,        92,      1.00,              4.6314,                   0,              0.1470
        67,        93,      1.00,              0.4337,                   0,              0.0294
        67,        94,      1.00,              0.6763,                   0,              0.0368
        67,        95,      1.00,              3.0509,                   0,              0.1103
        67,        96,      1.00,              1.1027,                   0,              0.0074
        67,        97,      1.00,              9.4907,                   0,              0.0515
        67,        98,      1.00,              7.9837,                   0,              0.0441
        67,        99,      1.00,              5.5283,                   0,              0.0294
        67,       100,      1.00,              5.7415,                   0,              0.1691
        67,       101,      1.00,             22.2822,                   0,              0.1911
        67,       102,      1.00,              1.7129,                   0,              0.0147
        67,       103,      1.00,             13.8575,                   0,              0.1838
        67,       104,      1.00,              7.9910,                   0,              0.0956
        67,       105,      1.00,              2.1907,                   0,              0.0221
        67,       106,      1.00,              5.5209,                   0,              0.1029
        67,       107,      1.00,              4.9769,                   0,              0.0809
        67,       108,      1.00,              0.5881,                   0,              0.0074
        67,       109,      1.00,              1.2497,                   0,              0.0515
        67,       110,      1.00,              1.3600,                   0,              0.0147
        67,       111,      1.00,              0.0074,                   0,              0.0147
        67,       112,      1.00,              3.2346,                   0,              0.0662
        67,       113,      1.00,                   0,                   0,              0.0074
        67,       114,      1.00,              3.5655,                   0,              0.0221
        67,       116,      1.00,              0.1323,                   0,              0.0662
        67,       117,      1.00,              3.4478,                   0,              0.0294
        67,       118,      1.00,              5.3224,                   0,              0.1029
        67,       119,      1.00,              1.5438,                   0,              0.1029
        67,       120,      1.00,              1.7717,                   0,              0.0662
        67,       121,      1.00,              1.8967,                   0,              0.0882
        67,       122,      1.00,              3.7786,                   0,              0.0735
        67,       123,      1.00,              3.3890,                   0,              0.0735
        67,       124,      1.00,              0.3529,                   0,              0.0735
        67,       125,      1.00,              0.2867,                   0,              0.0368
        67,       126,      1.00,              0.6690,                   0,              0.1323
        67,       127,      1.00,              1.5291,                   0,              0.1617
        67,       128,      1.00,              0.2941,                   0,              0.0588
        67,       129,      1.00,              0.5220,                   0,              0.0441
        67,       130,      1.00,              0.2426,                   0,              0.0221
        67,       131,      1.00,              0.0221,                   0,              0.0294
        67,       132,      1.00,              0.2647,                   0,              0.0221
        67,       133,      1.00,              0.1176,                   0,              0.0294
        67,       134,      1.00,              0.0074,                   0,              0.0147
        67,       135,      1.00,              0.1323,                   0,              0.0221
        67,       136,      1.00,              0.9189,                   0,              0.0441
        67,       137,      1.00,              0.2499,                   0,              0.0147
        67,       138,      1.00,              0.1838,                   0,              0.0147
        67,       139,      1.00,              0.1176,                   0,                   0
        67,       140,      1.00,              0.3896,                   0,              0.0294
        67,       141,      1.00,              0.3161,                   0,              0.0515
        67,       142,      1.00,              0.7646,                   0,              0.0368
        67,       143,      1.00,              0.3970,                   0,              0.0515
        67,       144,      1.00,              0.0368,                   0,              0.0074
        67,       145,      1.00,              0.0882,                   0,              0.0221
        67,       146,      1.00,              0.2794,                   0,              0.0662
        67,       147,      1.00,              0.0735,                   0,              0.0294
        67,       148,      1.00,              0.3970,                   0,              0.0515
        67,       149,      1.00,              0.1470,                   0,              0.0441
        67,       150,      1.00,              0.2794,                   0,              0.0515
        67,       151,      1.00,              0.1176,                   0,              0.1176
        67,       152,      1.00,              0.0956,                   0,              0.0294
        67,       153,      1.00,              0.0588,                   0,              0.0294
        67,       154,      1.00,              0.4411,                   0,              0.1176
        67,       155,      1.00,              0.3970,                   0,              0.1103
        67,       156,      1.00,              0.0882,                   0,              0.0074
        67,       159,      1.00,              0.0074,                   0,                   0
        67,       160,      1.00,              0.1250,                   0,              0.0147
        67,       161,      1.00,              0.3088,                   0,              0.0588
        67,       162,      1.00,              0.4043,                   0,              0.0441
        67,       163,      1.00,              0.0074,                   0,                   0
        67,       164,      1.00,              0.2205,                   0,              0.0221
        67,       165,      1.00,              0.1617,                   0,              0.0515
        67,       166,      1.00,              0.2205,                   0,              0.0588
        67,       167,      1.00,              0.0956,                   0,              0.0221
        67,       168,      1.00,              0.0809,                   0,              0.0221
        67,       169,      1.00,              0.0074,                   0,              0.0074
        67,       170,      1.00,              0.6175,                   0,              0.0074
        67,       172,      1.00,              0.8601,                   0,              0.0147
        67,       174,      1.00,              0.2132,                   0,              0.0074
        67,       175,      1.00,              0.1691,                   0,              0.0147
        67,       177,      1.00,              0.2132,                   0,              0.0147
        67,       178,      1.00,              0.1764,                   0,              0.0441
        67,       179,      1.00,              0.0882,                   0,              0.0441
        67,       180,      1.00,              0.0147,                   0,                   0
        67,       181,      1.00,              0.0074,                   0,              0.0074
        67,       182,      1.00,              0.1617,                   0,              0.0368
        67,       183,      1.00,              0.0074,                   0,              0.0074
        67,       184,      1.00,              0.5293,                   0,                   0
        67,       185,      1.00,              0.4117,                   0,                   0
        67,       188,      1.00,              0.9557,                   0,              0.0147
        67,       190,      1.00,              0.1176,                   0,                   0
        67,       192,      1.00,              0.2058,                   0,              0.0074
        67,       196,      1.00,                   0,                   0,              0.0074
        67,       197,      1.00,              0.2058,                   0,                   0
        67,       198,      1.00,                   0,                   0,              0.0074
        67,       199,      1.00,              0.0147,                   0,                   0
        67,       200,      1.00,                   0,                   0,              0.0074
        67,       201,      1.00,                   0,                   0,              0.0074
        67,       204,      1.00,                   0,                   0,              0.0074
        67,       207,      1.00,                   0,                   0,              0.0074
        67,       208,      1.00,              1.4923,                   0,              0.0294
        67,       209,      1.00,              6.6457,                   0,              0.1691
        67,       210,      1.00,             12.1593,                   0,              0.1470
        67,       211,      1.00,              0.0147,                   0,                   0
        67,       212,      1.00,              0.0221,                   0,              0.0074
        67,       213,      1.00,              0.1544,                   0,              0.0147
        67,       214,      1.00,              0.0074,                   0,                   0
        67,       217,      1.00,                   0,                   0,              0.0074
        67,       218,      1.00,                   0,                   0,              0.0147
        67,       219,      1.00,                   0,                   0,              0.0221
        67,       224,      1.00,                   0,                   0,              0.1323
        67,       226,      1.00,              0.0147,                   0,              0.1029
        67,       227,      1.00,                   0,                   0,              0.0074
        68,         1,      1.00,              0.0956,                   0,                   0
        68,         3,      1.00,              0.0956,                   0,                   0
        68,         4,      1.00,              0.0956,                   0,                   0
        68,         6,      1.00,              0.1544,                   0,                   0
        68,         7,      1.00,              0.3529,                   0,              0.0074
        68,         8,      1.00,              0.5440,                   0,              0.0074
        68,         9,      1.00,              0.3676,                   0,              0.0074
        68,        11,      1.00,              0.1838,                   0,                   0
        68,        12,      1.00,              0.6984,                   0,              0.0074
        68,        13,      1.00,              0.3235,                   0,              0.0074
        68,        14,      1.00,              0.6763,                   0,              0.0074
        68,        15,      1.00,              3.3376,                   0,              0.0441
        68,        17,      1.00,              0.3088,                   0,              0.0221
        68,        18,      1.00,              0.1397,                   0,                   0
        68,        19,      1.00,              0.0956,                   0,              0.0074
        68,        21,      1.00,              0.2867,                   0,              0.0147
        68,        22,      1.00,              0.2132,                   0,                   0
        68,        23,      1.00,              0.6175,                   0,              0.0074
        68,        24,      1.00,              0.4778,                   0,              0.0074
        68,        26,      1.00,              0.2426,                   0,              0.0221
        68,        27,      1.00,              1.4041,                   0,              0.0368
        68,        28,      1.00,              3.4258,                   0,              0.0368
        68,        29,      1.00,              1.6247,                   0,              0.0221
        68,        30,      1.00,              2.5877,                   0,              0.0662
        68,        31,      1.00,              3.6610,                   0,              0.0662
        68,        32,      1.00,              4.4697,                   0,              0.0147
        68,        33,      1.00,              8.8144,                   0,              0.1397
        68,        34,      1.00,              0.8160,                   0,                   0
        68,        35,      1.00,              1.3747,                   0,                   0
        68,        36,      1.00,              0.5367,                   0,              0.0147
        68,        37,      1.00,              0.5808,                   0,              0.0074
        68,        38,      1.00,              0.4337,                   0,                   0
        68,        39,      1.00,              0.7719,                   0,              0.0221
        68,        40,      1.00,              0.6763,                   0,              0.0147
        68,        41,      1.00,              1.5659,                   0,              0.0588
        68,        42,      1.00,              1.0807,                   0,              0.0147
        68,        43,      1.00,              2.7274,                   0,              0.0662
        68,        44,      1.00,              2.1099,                   0,              0.0956
        68,        45,      1.00,              3.0067,                   0,              0.1029
        68,        46,      1.00,              2.1540,                   0,              0.0294
        68,        47,      1.00,              0.7131,                   0,              0.0074
        68,        48,      1.00,              0.0147,                   0,              0.0074
        68,        49,      1.00,              0.4484,                   0,              0.0147
        68,        50,      1.00,              0.0882,                   0,              0.0588
        68,        51,      1.00,              0.0588,                   0,                   0
        68,        52,      1.00,              2.9259,                   0,              0.0294
        68,        53,      1.00,              0.0956,                   0,                   0
        68,        54,      1.00,              1.6688,                   0,              0.0074
        68,        55,      1.00,              3.8154,                   0,              0.0735
        68,        56,      1.00,              1.1689,                   0,              0.0662
        68,        57,      1.00,              0.0441,                   0,                   0
        68,        58,      1.00,              2.1025,                   0,              0.0882
        68,        59,      1.00,              5.4254,                   0,              0.0368
        68,        60,      1.00,              7.7117,                   0,              0.0441
        68,        61,      1.00,             16.7098,                   0,              0.1691
        68,        62,      1.00,             22.5028,                   0,              0.1397
        68,        63,      1.00,             14.6147,                   0,              0.0956
        68,        64,      1.00,              9.7039,                   0,              0.0956
        68,        65,      1.00,             13.1370,                   0,              0.1029
        68,        66,      1.00,              5.0284,                   0,              0.0882
        68,        67,      1.00,             50.7103,                   0,              0.1911
        68,        68,      1.00,             26.6637,                   0,              0.0809
        68,        69,      1.00,             14.1368,                   0,              0.1029
        68,        70,      1.00,              1.2277,                   0,              0.0221
        68,        71,      1.00,              1.4923,                   0,              0.0221
        68,        72,      1.00,              3.5875,                   0,              0.0368
        68,        73,      1.00,              0.2426,                   0,              0.0221
        68,        74,      1.00,              0.6837,                   0,              0.0074
        68,        75,      1.00,              7.0574,                   0,              0.1617
        68,        76,      1.00,             12.3578,                   0,              0.0809
        68,        77,      1.00,             10.5714,                   0,              0.0441
        68,        79,      1.00,              5.3298,                   0,              0.1029
        68,        80,      1.00,              2.6686,                   0,              0.0956
        68,        81,      1.00,              1.3747,                   0,              0.0074
        68,        82,      1.00,              0.5367,                   0,              0.0147
        68,        83,      1.00,              2.3598,                   0,              0.0515
        68,        84,      1.00,              1.5585,                   0,              0.0368
        68,        85,      1.00,              2.1834,                   0,              0.0294
        68,        86,      1.00,              1.8085,                   0,              0.0441
        68,        87,      1.00,              0.1911,                   0,              0.0147
        68,        88,      1.00,              0.2352,                   0,              0.0074
        68,        89,      1.00,              0.1911,                   0,              0.0074
        68,        90,      1.00,              0.3896,                   0,              0.0147
        68,        91,      1.00,              0.6175,                   0,              0.0074
        68,        92,      1.00,              0.6690,                   0,              0.0515
        68,        93,      1.00,              0.0074,                   0,              0.0074
        68,        94,      1.00,              0.1985,                   0,              0.0074
        68,        95,      1.00,              0.9263,                   0,              0.0294
        68,        96,      1.00,              0.3896,                   0,                   0
        68,        97,      1.00,              3.8007,                   0,              0.0221
        68,        98,      1.00,              4.2197,                   0,              0.0147
        68,        99,      1.00,              2.6245,                   0,              0.0147
        68,       100,      1.00,              2.4627,                   0,              0.0956
        68,       101,      1.00,              8.6821,                   0,              0.0809
        68,       102,      1.00,              0.7719,                   0,              0.0074
        68,       103,      1.00,              3.9404,                   0,              0.0809
        68,       104,      1.00,              2.7494,                   0,              0.0294
        68,       105,      1.00,              0.5293,                   0,              0.0147
        68,       106,      1.00,              2.4701,                   0,              0.0515
        68,       107,      1.00,              1.3012,                   0,              0.0441
        68,       108,      1.00,              0.0515,                   0,                   0
        68,       109,      1.00,              0.6396,                   0,              0.0221
        68,       110,      1.00,              0.4484,                   0,              0.0074
        68,       111,      1.00,                   0,                   0,              0.0074
        68,       112,      1.00,              1.4776,                   0,              0.0368
        68,       114,      1.00,              1.9114,                   0,              0.0147
        68,       116,      1.00,              0.1029,                   0,              0.0294
        68,       117,      1.00,              1.7349,                   0,              0.0074
        68,       118,      1.00,              0.7719,                   0,              0.0368
        68,       119,      1.00,              0.4117,                   0,              0.0294
        68,       120,      1.00,              0.4043,                   0,              0.0147
        68,       121,      1.00,              0.4631,                   0,              0.0221
        68,       122,      1.00,              1.2056,                   0,              0.0221
        68,       123,      1.00,              1.1836,                   0,              0.0221
        68,       124,      1.00,              0.1323,                   0,              0.0147
        68,       125,      1.00,              0.2279,                   0,              0.0147
        68,       126,      1.00,              0.2499,                   0,              0.0515
        68,       127,      1.00,              0.5440,                   0,              0.0515
        68,       128,      1.00,              0.0662,                   0,              0.0221
        68,       129,      1.00,              0.1691,                   0,              0.0147
        68,       130,      1.00,              0.0662,                   0,              0.0074
        68,       131,      1.00,              0.0074,                   0,              0.0074
        68,       132,      1.00,              0.0809,                   0,              0.0074
        68,       133,      1.00,                   0,                   0,              0.0074
        68,       134,      1.00,                   0,                   0,              0.0074
        68,       135,      1.00,              0.1029,                   0,              0.0074
        68,       136,      1.00,              0.3308,                   0,              0.0147
        68,       137,      1.00,              0.0147,                   0,              0.0074
        68,       138,      1.00,              0.1470,                   0,              0.0074
        68,       139,      1.00,              0.0956,                   0,                   0
        68,       140,      1.00,              0.1470,                   0,              0.0074
        68,       141,      1.00,              0.1176,                   0,              0.0147
        68,       142,      1.00,              0.2867,                   0,              0.0147
        68,       143,      1.00,              0.1397,                   0,              0.0147
        68,       144,      1.00,              0.0147,                   0,                   0
        68,       145,      1.00,              0.0588,                   0,              0.0074
        68,       146,      1.00,              0.1470,                   0,              0.0147
        68,       147,      1.00,              0.0368,                   0,              0.0074
        68,       148,      1.00,              0.1029,                   0,              0.0147
        68,       149,      1.00,              0.0368,                   0,              0.0074
        68,       150,      1.00,              0.1103,                   0,              0.0147
        68,       151,      1.00,              0.0368,                   0,              0.0441
        68,       152,      1.00,              0.0441,                   0,              0.0074
        68,       153,      1.00,              0.0221,                   0,              0.0074
        68,       154,      1.00,              0.0735,                   0,              0.0368
        68,       155,      1.00,              0.1176,                   0,              0.0441
        68,       156,      1.00,              0.0147,                   0,                   0
        68,       157,      1.00,              0.2058,                   0,                   0
        68,       161,      1.00,              0.0956,                   0,              0.0221
        68,       162,      1.00,              0.2647,                   0,              0.0221
        68,       164,      1.00,              0.1617,                   0,              0.0074
        68,       165,      1.00,              0.0588,                   0,              0.0147
        68,       166,      1.00,              0.0735,                   0,              0.0147
        68,       167,      1.00,              0.0809,                   0,              0.0074
        68,       168,      1.00,                   0,                   0,              0.0074
        68,       169,      1.00,                   0,                   0,              0.0074
        68,       170,      1.00,              0.1691,                   0,              0.0074
        68,       172,      1.00,              0.4558,                   0,              0.0074
        68,       175,      1.00,              0.0515,                   0,              0.0074
        68,       177,      1.00,                   0,                   0,              0.0074
        68,       178,      1.00,              0.0441,                   0,              0.0147
        68,       179,      1.00,              0.0515,                   0,              0.0147
        68,       180,      1.00,              0.0147,                   0,                   0
        68,       182,      1.00,              0.0368,                   0,              0.0221
        68,       184,      1.00,              0.0956,                   0,                   0
        68,       188,      1.00,              0.2867,                   0,              0.0074
        68,       190,      1.00,              0.0956,                   0,                   0
        68,       192,      1.00,              0.3823,                   0,                   0
        68,       199,      1.00,              0.0147,                   0,                   0
        68,       208,      1.00,              0.4925,                   0,              0.0074
        68,       209,      1.00,              2.5362,                   0,              0.0662
        68,       210,      1.00,              3.0950,                   0,              0.0662
        68,       212,      1.00,              0.2132,                   0,                   0
        68,       213,      1.00,              0.1176,                   0,              0.0074
        68,       218,      1.00,                   0,                   0,              0.0074
        68,       219,      1.00,                   0,                   0,              0.0074
        68,       224,      1.00,                   0,                   0,              0.0515
        68,       226,      1.00,              0.0074,                   0,              0.0441
        69,         1,      1.00,              0.2647,                   0,                   0
        69,         2,      1.00,              0.2058,                   0,                   0
        69,         3,      1.00,              0.2058,                   0,                   0
        69,         4,      1.00,              0.2058,                   0,                   0
        69,         5,      1.00,              0.0147,                   0,              0.0074
        69,         6,      1.00,              0.3896,                   0,              0.0074
        69,         7,      1.00,              0.5440,                   0,              0.0147
        69,         8,      1.00,              0.9042,                   0,              0.0294
        69,         9,      1.00,              0.6910,                   0,              0.0147
        69,        11,      1.00,              0.1691,                   0,              0.0074
        69,        12,      1.00,              0.2132,                   0,              0.0074
        69,        13,      1.00,              0.7498,                   0,              0.0147
        69,        14,      1.00,              2.2937,                   0,              0.0588
        69,        15,      1.00,              2.0805,                   0,              0.2132
        69,        17,      1.00,              0.7204,                   0,              0.0441
        69,        18,      1.00,              0.4117,                   0,              0.0074
        69,        19,      1.00,              0.6469,                   0,              0.0294
        69,        20,      1.00,              0.1911,                   0,                   0
        69,        21,      1.00,              0.4117,                   0,              0.0221
        69,        22,      1.00,              0.4117,                   0,              0.0074
        69,        23,      1.00,              0.5881,                   0,              0.0441
        69,        24,      1.00,              0.0147,                   0,              0.0368
        69,        26,      1.00,              0.8307,                   0,              0.0368
        69,        27,      1.00,              1.9481,                   0,              0.1250
        69,        28,      1.00,              3.5434,                   0,              0.0735
        69,        29,      1.00,              1.5585,                   0,              0.0147
        69,        30,      1.00,              1.6761,                   0,              0.0515
        69,        31,      1.00,              1.9040,                   0,              0.0515
        69,        32,      1.00,              5.8885,                   0,              0.0368
        69,        33,      1.00,              9.3584,                   0,              0.1250
        69,        34,      1.00,              1.2424,                   0,              0.0221
        69,        35,      1.00,              1.4556,                   0,              0.0147
        69,        36,      1.00,              0.2867,                   0,              0.0368
        69,        37,      1.00,              0.7646,                   0,              0.0221
        69,        38,      1.00,              0.5440,                   0,              0.0147
        69,        39,      1.00,              1.5365,                   0,              0.0956
        69,        40,      1.00,              0.8601,                   0,              0.0515
        69,        41,      1.00,              2.0952,                   0,              0.1544
        69,        42,      1.00,              1.4409,                   0,              0.0368
        69,        43,      1.00,              4.5652,                   0,              0.0956
        69,        44,      1.00,              2.5289,                   0,              0.1617
        69,        45,      1.00,              6.5575,                   0,              0.2573
        69,        46,      1.00,              1.2130,                   0,              0.0809
        69,        47,      1.00,              1.3306,                   0,              0.0294
        69,        48,      1.00,              0.1103,                   0,              0.0147
        69,        49,      1.00,              2.4113,                   0,              0.0735
        69,        50,      1.00,              0.6249,                   0,              0.0956
        69,        51,      1.00,              0.0809,                   0,                   0
        69,        52,      1.00,              4.0359,                   0,              0.1029
        69,        53,      1.00,              0.4117,                   0,                   0
        69,        54,      1.00,              3.0950,                   0,              0.0441
        69,        55,      1.00,              7.6234,                   0,              0.1838
        69,        56,      1.00,              3.8080,                   0,              0.2058
        69,        57,      1.00,              0.1470,                   0,              0.0074
        69,        58,      1.00,              3.8228,                   0,              0.2205
        69,        59,      1.00,              5.8223,                   0,              0.0441
        69,        60,      1.00,             11.4021,                   0,              0.0735
        69,        61,      1.00,             12.2549,                   0,              0.1911
        69,        62,      1.00,             14.1221,                   0,              0.1470
        69,        63,      1.00,              6.5648,                   0,              0.0956
        69,        64,      1.00,              5.2195,                   0,              0.0956
        69,        65,      1.00,             28.6633,                   0,              0.1691
        69,        66,      1.00,             11.0786,                   0,              0.1691
        69,        67,      1.00,             34.5886,                   0,              0.2426
        69,        68,      1.00,             14.6147,                   0,              0.1029
        69,        69,      1.00,             46.2479,                   0,              0.1250
        69,        70,      1.00,              3.5728,                   0,              0.0368
        69,        71,      1.00,              3.2493,                   0,              0.0441
        69,        72,      1.00,              8.0131,                   0,              0.0368
        69,        73,      1.00,              0.2352,                   0,              0.0515
        69,        74,      1.00,              0.6322,                   0,              0.0221
        69,        75,      1.00,              8.8585,                   0,              0.3455
        69,        76,      1.00,              9.4907,                   0,              0.1544
        69,        77,      1.00,              5.1387,                   0,              0.0441
        69,        79,      1.00,              6.1679,                   0,              0.0735
        69,        80,      1.00,              2.9920,                   0,              0.1617
        69,        81,      1.00,              1.9996,                   0,              0.0294
        69,        82,      1.00,              1.1101,                   0,              0.0515
        69,        83,      1.00,              2.6465,                   0,              0.1470
        69,        84,      1.00,              1.4262,                   0,              0.0882
        69,        85,      1.00,              1.7496,                   0,              0.0809
        69,        86,      1.00,              2.2937,                   0,              0.1250
        69,        87,      1.00,              0.2132,                   0,              0.0441
        69,        88,      1.00,              0.4190,                   0,              0.0147
        69,        89,      1.00,              0.1250,                   0,              0.0221
        69,        90,      1.00,              1.4556,                   0,              0.0368
        69,        91,      1.00,              0.1176,                   0,              0.0294
        69,        92,      1.00,              0.3308,                   0,              0.1103
        69,        93,      1.00,              0.2794,                   0,              0.0221
        69,        94,      1.00,              0.0147,                   0,              0.0294
        69,        95,      1.00,              0.9483,                   0,              0.0809
        69,        96,      1.00,              0.6175,                   0,              0.0074
        69,        97,      1.00,              1.8673,                   0,              0.0221
        69,        98,      1.00,              1.7790,                   0,              0.0147
        69,        99,      1.00,              0.8307,                   0,              0.0147
        69,       100,      1.00,              1.2644,                   0,              0.0882
        69,       101,      1.00,              4.0874,                   0,              0.0882
        69,       102,      1.00,              0.1103,                   0,              0.0074
        69,       103,      1.00,              3.6904,                   0,              0.0662
        69,       104,      1.00,              2.1319,                   0,              0.0882
        69,       105,      1.00,              0.3235,                   0,              0.0074
        69,       106,      1.00,              1.1468,                   0,              0.0294
        69,       107,      1.00,              0.5293,                   0,              0.0294
        69,       108,      1.00,              0.3161,                   0,                   0
        69,       109,      1.00,              0.2132,                   0,              0.0221
        69,       110,      1.00,              0.4117,                   0,              0.0147
        69,       111,      1.00,                   0,                   0,              0.0147
        69,       112,      1.00,              1.8452,                   0,              0.1250
        69,       113,      1.00,              0.2058,                   0,                   0
        69,       114,      1.00,              0.8307,                   0,              0.0147
        69,       116,      1.00,              0.0074,                   0,              0.0294
        69,       117,      1.00,              0.7351,                   0,              0.0221
        69,       118,      1.00,              1.2056,                   0,              0.0441
        69,       119,      1.00,              0.2205,                   0,              0.0662
        69,       120,      1.00,              0.7057,                   0,              0.0441
        69,       121,      1.00,              0.2499,                   0,              0.0662
        69,       122,      1.00,              1.1468,                   0,              0.0588
        69,       123,      1.00,              0.0147,                   0,              0.0368
        69,       124,      1.00,              0.0147,                   0,              0.0368
        69,       125,      1.00,              0.1103,                   0,              0.0221
        69,       126,      1.00,              0.3823,                   0,              0.1103
        69,       127,      1.00,              0.4411,                   0,              0.1323
        69,       128,      1.00,              0.0368,                   0,              0.0515
        69,       129,      1.00,              0.2132,                   0,              0.0441
        69,       130,      1.00,              0.1103,                   0,              0.0221
        69,       131,      1.00,              0.3161,                   0,              0.0221
        69,       132,      1.00,                   0,                   0,              0.0221
        69,       133,      1.00,              0.1176,                   0,              0.0294
        69,       134,      1.00,              0.0221,                   0,              0.0074
        69,       135,      1.00,              0.0074,                   0,              0.0147
        69,       136,      1.00,              0.3823,                   0,              0.0147
        69,       137,      1.00,              0.2499,                   0,              0.0074
        69,       138,      1.00,              0.0074,                   0,              0.0074
        69,       140,      1.00,              0.0147,                   0,              0.0147
        69,       141,      1.00,              0.0882,                   0,              0.0441
        69,       142,      1.00,              0.2132,                   0,              0.0221
        69,       143,      1.00,              0.1838,                   0,              0.0441
        69,       144,      1.00,                   0,                   0,              0.0074
        69,       145,      1.00,              0.0221,                   0,              0.0221
        69,       146,      1.00,              0.2058,                   0,              0.0515
        69,       147,      1.00,              0.0294,                   0,              0.0221
        69,       148,      1.00,              0.0809,                   0,              0.0441
        69,       149,      1.00,              0.0882,                   0,              0.0294
        69,       150,      1.00,              0.1691,                   0,              0.0294
        69,       151,      1.00,              0.0809,                   0,              0.0809
        69,       152,      1.00,              0.0588,                   0,              0.0221
        69,       153,      1.00,              0.0221,                   0,              0.0147
        69,       154,      1.00,              0.1617,                   0,              0.0809
        69,       155,      1.00,              0.1397,                   0,              0.0956
        69,       156,      1.00,                   0,                   0,              0.0074
        69,       160,      1.00,              0.0294,                   0,              0.0074
        69,       161,      1.00,              0.0882,                   0,              0.0368
        69,       162,      1.00,              0.4264,                   0,              0.0147
        69,       164,      1.00,              0.2205,                   0,              0.0074
        69,       165,      1.00,              0.0515,                   0,              0.0368
        69,       166,      1.00,              0.0735,                   0,              0.0368
        69,       167,      1.00,              0.0588,                   0,              0.0147
        69,       168,      1.00,              0.0441,                   0,              0.0074
        69,       169,      1.00,              0.0515,                   0,              0.0074
        69,       170,      1.00,                   0,                   0,              0.0074
        69,       172,      1.00,              0.4117,                   0,              0.0074
        69,       174,      1.00,              0.0662,                   0,                   0
        69,       175,      1.00,              0.0735,                   0,              0.0074
        69,       177,      1.00,              0.0515,                   0,              0.0074
        69,       178,      1.00,              0.0735,                   0,              0.0368
        69,       179,      1.00,              0.0588,                   0,              0.0294
        69,       181,      1.00,              0.0515,                   0,              0.0074
        69,       182,      1.00,              0.0809,                   0,              0.0147
        69,       183,      1.00,              0.0221,                   0,                   0
        69,       185,      1.00,              0.0441,                   0,                   0
        69,       188,      1.00,                   0,                   0,              0.0074
        69,       189,      1.00,              0.0588,                   0,                   0
        69,       191,      1.00,              0.2058,                   0,                   0
        69,       192,      1.00,                   0,                   0,              0.0074
        69,       193,      1.00,              0.1103,                   0,                   0
        69,       196,      1.00,              0.2058,                   0,                   0
        69,       201,      1.00,              0.1544,                   0,                   0
        69,       203,      1.00,              0.0074,                   0,                   0
        69,       208,      1.00,              0.8748,                   0,              0.0221
        69,       209,      1.00,              4.6608,                   0,              0.1323
        69,       210,      1.00,              8.2189,                   0,              0.1250
        69,       212,      1.00,              0.0074,                   0,                   0
        69,       213,      1.00,              0.1103,                   0,              0.0074
        69,       218,      1.00,                   0,                   0,              0.0147
        69,       219,      1.00,                   0,                   0,              0.0147
        69,       224,      1.00,                   0,                   0,              0.0515
        69,       226,      1.00,              0.0074,                   0,              0.0441
        70,         1,      1.00,              0.0515,                   0,                   0
        70,         4,      1.00,              0.2058,                   0,                   0
        70,         5,      1.00,              0.1029,                   0,                   0
        70,         6,      1.00,              0.1029,                   0,              0.0074
        70,         7,      1.00,              0.4558,                   0,              0.0074
        70,         8,      1.00,              0.2205,                   0,              0.0074
        70,         9,      1.00,              0.0662,                   0,              0.0074
        70,        11,      1.00,              0.0735,                   0,                   0
        70,        12,      1.00,              0.5514,                   0,              0.0074
        70,        13,      1.00,              0.2205,                   0,              0.0074
        70,        14,      1.00,              0.4852,                   0,              0.0147
        70,        15,      1.00,              1.3086,                   0,              0.0294
        70,        17,      1.00,              0.6175,                   0,              0.0074
        70,        18,      1.00,              0.1544,                   0,                   0
        70,        19,      1.00,              0.4117,                   0,              0.0074
        70,        21,      1.00,                   0,                   0,              0.0074
        70,        23,      1.00,              0.5220,                   0,              0.0074
        70,        24,      1.00,              0.7278,                   0,              0.0074
        70,        26,      1.00,              0.1029,                   0,              0.0074
        70,        27,      1.00,              1.8820,                   0,              0.0294
        70,        28,      1.00,              2.2495,                   0,              0.0294
        70,        29,      1.00,              0.6175,                   0,              0.0074
        70,        30,      1.00,              0.2132,                   0,              0.0074
        70,        31,      1.00,              1.8526,                   0,              0.0074
        70,        32,      1.00,              2.1246,                   0,              0.0221
        70,        33,      1.00,              2.1687,                   0,              0.0147
        70,        34,      1.00,              0.5146,                   0,              0.0074
        70,        35,      1.00,              0.8969,                   0,              0.0074
        70,        36,      1.00,              0.9336,                   0,              0.0147
        70,        37,      1.00,              0.4264,                   0,              0.0074
        70,        38,      1.00,              0.7278,                   0,              0.0074
        70,        39,      1.00,              0.9410,                   0,              0.0294
        70,        40,      1.00,              0.9410,                   0,              0.0147
        70,        41,      1.00,              1.2130,                   0,              0.0441
        70,        42,      1.00,              1.5659,                   0,              0.0074
        70,        43,      1.00,              4.6976,                   0,              0.0147
        70,        44,      1.00,              2.9185,                   0,              0.0368
        70,        45,      1.00,              3.6904,                   0,              0.0588
        70,        46,      1.00,              0.6396,                   0,              0.0147
        70,        47,      1.00,              1.0733,                   0,              0.0074
        70,        48,      1.00,                   0,                   0,              0.0074
        70,        49,      1.00,              1.6908,                   0,              0.0221
        70,        50,      1.00,              0.0074,                   0,              0.0221
        70,        51,      1.00,              0.0441,                   0,                   0
        70,        52,      1.00,              2.1981,                   0,              0.0294
        70,        53,      1.00,              0.1029,                   0,                   0
        70,        54,      1.00,              2.0805,                   0,              0.0147
        70,        55,      1.00,              7.7190,                   0,              0.0515
        70,        56,      1.00,              1.4335,                   0,              0.0515
        70,        57,      1.00,              0.0515,                   0,                   0
        70,        58,      1.00,              3.0214,                   0,              0.0588
        70,        59,      1.00,              2.8450,                   0,              0.0147
        70,        60,      1.00,              2.1907,                   0,              0.0294
        70,        61,      1.00,              1.8673,                   0,              0.0441
        70,        62,      1.00,              2.3745,                   0,              0.0368
        70,        63,      1.00,              1.7570,                   0,              0.0221
        70,        64,      1.00,              1.2424,                   0,              0.0147
        70,        65,      1.00,              6.1458,                   0,              0.0662
        70,        66,      1.00,              9.0570,                   0,              0.0368
        70,        67,      1.00,              4.6902,                   0,              0.0515
        70,        68,      1.00,              2.0731,                   0,              0.0221
        70,        69,      1.00,              4.2491,                   0,              0.0368
        70,        70,      1.00,              6.9839,                   0,              0.0074
        70,        71,      1.00,              1.7349,                   0,              0.0147
        70,        72,      1.00,              0.3161,                   0,              0.0074
        70,        73,      1.00,              0.6322,                   0,              0.0147
        70,        74,      1.00,              0.1103,                   0,              0.0074
        70,        75,      1.00,              0.6396,                   0,              0.0294
        70,        76,      1.00,              1.5512,                   0,              0.0221
        70,        77,      1.00,              0.6175,                   0,              0.0074
        70,        79,      1.00,              1.2424,                   0,              0.0221
        70,        80,      1.00,              1.4041,                   0,              0.0147
        70,        81,      1.00,              0.7131,                   0,              0.0074
        70,        82,      1.00,              0.4190,                   0,              0.0074
        70,        83,      1.00,              1.7055,                   0,              0.0221
        70,        84,      1.00,              1.1174,                   0,              0.0147
        70,        85,      1.00,              0.7940,                   0,              0.0147
        70,        86,      1.00,              0.4264,                   0,              0.0147
        70,        87,      1.00,                   0,                   0,              0.0074
        70,        89,      1.00,              0.2058,                   0,                   0
        70,        90,      1.00,              0.8307,                   0,              0.0074
        70,        91,      1.00,              0.2132,                   0,                   0
        70,        92,      1.00,              0.0074,                   0,              0.0147
        70,        93,      1.00,              0.2058,                   0,                   0
        70,        94,      1.00,              0.2132,                   0,                   0
        70,        95,      1.00,              0.8307,                   0,              0.0074
        70,        96,      1.00,              0.2058,                   0,              0.0147
        70,        98,      1.00,              0.2058,                   0,                   0
        70,        99,      1.00,              0.2058,                   0,                   0
        70,       100,      1.00,              0.4190,                   0,              0.0147
        70,       101,      1.00,              1.1395,                   0,              0.0074
        70,       103,      1.00,              0.3161,                   0,              0.0074
        70,       104,      1.00,              0.5220,                   0,              0.0147
        70,       105,      1.00,              0.2058,                   0,                   0
        70,       106,      1.00,              0.2132,                   0,                   0
        70,       107,      1.00,              0.3088,                   0,                   0
        70,       109,      1.00,              0.2720,                   0,                   0
        70,       112,      1.00,              1.5585,                   0,              0.0368
        70,       114,      1.00,              0.2058,                   0,                   0
        70,       116,      1.00,                   0,                   0,              0.0074
        70,       117,      1.00,              0.5146,                   0,                   0
        70,       118,      1.00,              0.4190,                   0,              0.0074
        70,       119,      1.00,              0.8307,                   0,              0.0147
        70,       120,      1.00,              0.0074,                   0,              0.0074
        70,       121,      1.00,              0.2132,                   0,              0.0074
        70,       122,      1.00,              0.2720,                   0,              0.0074
        70,       123,      1.00,              0.2132,                   0,              0.0074
        70,       124,      1.00,              0.1103,                   0,              0.0074
        70,       126,      1.00,              0.0882,                   0,              0.0147
        70,       127,      1.00,              0.3382,                   0,              0.0147
        70,       128,      1.00,              0.0588,                   0,              0.0074
        70,       129,      1.00,                   0,                   0,              0.0074
        70,       130,      1.00,              0.0956,                   0,                   0
        70,       132,      1.00,              0.0735,                   0,                   0
        70,       133,      1.00,              0.0074,                   0,                   0
        70,       136,      1.00,              0.0882,                   0,                   0
        70,       137,      1.00,              0.0221,                   0,                   0
        70,       141,      1.00,              0.0515,                   0,              0.0074
        70,       142,      1.00,                   0,                   0,              0.0074
        70,       143,      1.00,              0.1176,                   0,              0.0074
        70,       144,      1.00,              0.0221,                   0,                   0
        70,       145,      1.00,              0.0294,                   0,                   0
        70,       146,      1.00,              0.0588,                   0,              0.0074
        70,       147,      1.00,              0.0515,                   0,                   0
        70,       148,      1.00,              0.0735,                   0,              0.0074
        70,       149,      1.00,              0.0221,                   0,                   0
        70,       150,      1.00,              0.0515,                   0,              0.0074
        70,       151,      1.00,              0.0074,                   0,              0.0147
        70,       152,      1.00,                   0,                   0,              0.0074
        70,       153,      1.00,              0.0221,                   0,                   0
        70,       154,      1.00,              0.0368,                   0,              0.0147
        70,       155,      1.00,              0.0956,                   0,              0.0147
        70,       161,      1.00,              0.0294,                   0,              0.0074
        70,       162,      1.00,              0.0074,                   0,              0.0074
        70,       164,      1.00,              0.0074,                   0,                   0
        70,       165,      1.00,              0.0735,                   0,              0.0074
        70,       166,      1.00,                   0,                   0,              0.0074
        70,       167,      1.00,              0.0368,                   0,              0.0074
        70,       168,      1.00,              0.0221,                   0,                   0
        70,       172,      1.00,              0.1029,                   0,                   0
        70,       174,      1.00,              0.2058,                   0,                   0
        70,       178,      1.00,              0.0221,                   0,              0.0074
        70,       179,      1.00,                   0,                   0,              0.0074
        70,       182,      1.00,              0.0221,                   0,                   0
        70,       185,      1.00,              0.0221,                   0,                   0
        70,       208,      1.00,              0.2279,                   0,                   0
        70,       209,      1.00,              3.3964,                   0,              0.0221
        70,       210,      1.00,              5.7121,                   0,              0.0221
        70,       219,      1.00,                   0,                   0,              0.0074
        70,       224,      1.00,                   0,                   0,              0.0147
        70,       226,      1.00,                   0,                   0,              0.0074
        71,         2,      1.00,                   0,                   0,              0.0074
        71,         5,      1.00,                   0,                   0,              0.0074
        71,         6,      1.00,              0.0074,                   0,              0.0074
        71,         7,      1.00,              0.1397,                   0,              0.0074
        71,         8,      1.00,              0.8160,                   0,              0.0074
        71,         9,      1.00,              0.2279,                   0,              0.0074
        71,        11,      1.00,              0.0221,                   0,              0.0074
        71,        12,      1.00,              0.2132,                   0,              0.0074
        71,        13,      1.00,              0.4264,                   0,              0.0147
        71,        14,      1.00,              0.4264,                   0,              0.0074
        71,        15,      1.00,              1.6541,                   0,              0.0221
        71,        17,      1.00,              0.2058,                   0,              0.0074
        71,        19,      1.00,              0.1250,                   0,              0.0074
        71,        21,      1.00,                   0,                   0,              0.0074
        71,        22,      1.00,              0.0588,                   0,                   0
        71,        23,      1.00,              0.0074,                   0,              0.0074
        71,        24,      1.00,              0.4190,                   0,              0.0074
        71,        26,      1.00,              0.2058,                   0,                   0
        71,        27,      1.00,              0.3823,                   0,              0.0221
        71,        28,      1.00,              1.8820,                   0,              0.0221
        71,        29,      1.00,              0.2132,                   0,              0.0074
        71,        30,      1.00,              0.4190,                   0,              0.0074
        71,        31,      1.00,              0.3161,                   0,              0.0074
        71,        32,      1.00,              3.6022,                   0,              0.0147
        71,        33,      1.00,              0.7940,                   0,              0.0147
        71,        34,      1.00,              0.9263,                   0,              0.0074
        71,        35,      1.00,              0.9336,                   0,              0.0074
        71,        36,      1.00,              0.4190,                   0,              0.0074
        71,        37,      1.00,              0.5293,                   0,              0.0074
        71,        38,      1.00,              0.0735,                   0,              0.0074
        71,        39,      1.00,              1.3527,                   0,              0.0294
        71,        40,      1.00,              0.1176,                   0,              0.0074
        71,        41,      1.00,              1.3159,                   0,              0.0221
        71,        42,      1.00,              0.5146,                   0,                   0
        71,        43,      1.00,              4.5505,                   0,              0.0221
        71,        44,      1.00,              2.7127,                   0,              0.0441
        71,        45,      1.00,              5.6092,                   0,              0.0809
        71,        46,      1.00,              3.0950,                   0,              0.0515
        71,        47,      1.00,              4.4917,                   0,              0.0221
        71,        49,      1.00,              0.9483,                   0,              0.0147
        71,        50,      1.00,              0.0074,                   0,              0.0147
        71,        51,      1.00,              0.0515,                   0,                   0
        71,        52,      1.00,              2.6171,                   0,              0.0147
        71,        54,      1.00,              1.4041,                   0,              0.0147
        71,        55,      1.00,              4.2197,                   0,              0.0515
        71,        56,      1.00,              1.7055,                   0,              0.0221
        71,        57,      1.00,              0.0662,                   0,                   0
        71,        58,      1.00,              2.6539,                   0,              0.0221
        71,        59,      1.00,              2.4333,                   0,              0.0074
        71,        60,      1.00,              2.1246,                   0,              0.0221
        71,        61,      1.00,              1.4556,                   0,              0.0441
        71,        62,      1.00,              1.1027,                   0,              0.0221
        71,        63,      1.00,              0.8307,                   0,              0.0294
        71,        64,      1.00,              0.6322,                   0,              0.0294
        71,        65,      1.00,              3.6537,                   0,              0.0515
        71,        66,      1.00,              6.5722,                   0,              0.0294
        71,        67,      1.00,              3.2126,                   0,              0.0588
        71,        68,      1.00,              1.6541,                   0,              0.0221
        71,        69,      1.00,              2.4848,                   0,              0.0441
        71,        70,      1.00,              2.0216,                   0,              0.0147
        71,        71,      1.00,             15.7836,                   0,              0.0147
        71,        72,      1.00,              3.9110,                   0,              0.0147
        71,        73,      1.00,              0.9483,                   0,              0.0294
        71,        74,      1.00,              0.9924,                   0,              0.0147
        71,        75,      1.00,              3.3890,                   0,              0.0735
        71,        76,      1.00,              2.4407,                   0,              0.0441
        71,        77,      1.00,              0.6249,                   0,              0.0221
        71,        79,      1.00,              2.1540,                   0,              0.0515
        71,        80,      1.00,              3.7125,                   0,              0.0368
        71,        81,      1.00,              1.2718,                   0,              0.0221
        71,        82,      1.00,              0.8381,                   0,              0.0294
        71,        83,      1.00,              2.7274,                   0,              0.0809
        71,        84,      1.00,              1.9849,                   0,              0.0588
        71,        85,      1.00,              1.6100,                   0,              0.0588
        71,        86,      1.00,              1.9922,                   0,              0.0588
        71,        87,      1.00,              0.7278,                   0,              0.0147
        71,        88,      1.00,                   0,                   0,              0.0074
        71,        89,      1.00,              0.6837,                   0,              0.0074
        71,        90,      1.00,              0.4264,                   0,              0.0221
        71,        91,      1.00,              0.7866,                   0,              0.0221
        71,        92,      1.00,              1.0439,                   0,              0.0588
        71,        93,      1.00,              0.6249,                   0,              0.0147
        71,        94,      1.00,              0.0735,                   0,              0.0221
        71,        95,      1.00,              0.8381,                   0,              0.0515
        71,        96,      1.00,              0.2058,                   0,              0.0221
        71,        97,      1.00,              0.3455,                   0,              0.0074
        71,        98,      1.00,              0.5955,                   0,              0.0074
        71,        99,      1.00,              0.4117,                   0,              0.0074
        71,       100,      1.00,              0.4264,                   0,              0.0294
        71,       101,      1.00,              1.4556,                   0,              0.0368
        71,       103,      1.00,              0.7351,                   0,              0.0294
        71,       104,      1.00,              1.4482,                   0,              0.0441
        71,       105,      1.00,              0.0074,                   0,              0.0074
        71,       106,      1.00,              0.2132,                   0,              0.0147
        71,       107,      1.00,              0.3161,                   0,              0.0147
        71,       108,      1.00,              0.2058,                   0,              0.0074
        71,       109,      1.00,              0.2132,                   0,              0.0074
        71,       110,      1.00,                   0,                   0,              0.0074
        71,       112,      1.00,              2.5436,                   0,              0.0147
        71,       113,      1.00,              0.2058,                   0,                   0
        71,       114,      1.00,              0.2058,                   0,              0.0074
        71,       116,      1.00,                   0,                   0,              0.0147
        71,       117,      1.00,              0.6249,                   0,              0.0147
        71,       118,      1.00,              0.8895,                   0,              0.0368
        71,       119,      1.00,              0.8307,                   0,              0.0368
        71,       120,      1.00,              0.3088,                   0,              0.0294
        71,       121,      1.00,              0.6396,                   0,              0.0368
        71,       122,      1.00,              1.5512,                   0,              0.0294
        71,       123,      1.00,              0.3382,                   0,              0.0294
        71,       124,      1.00,              0.0074,                   0,              0.0294
        71,       125,      1.00,              0.1103,                   0,              0.0147
        71,       126,      1.00,              0.3676,                   0,              0.0515
        71,       127,      1.00,              0.6175,                   0,              0.0735
        71,       128,      1.00,              0.1176,                   0,              0.0294
        71,       129,      1.00,              0.4117,                   0,              0.0147
        71,       130,      1.00,              0.0735,                   0,              0.0147
        71,       131,      1.00,              0.0074,                   0,              0.0147
        71,       132,      1.00,              0.1029,                   0,              0.0147
        71,       133,      1.00,              0.1397,                   0,              0.0147
        71,       134,      1.00,              0.0221,                   0,              0.0147
        71,       135,      1.00,                   0,                   0,              0.0074
        71,       136,      1.00,              0.0515,                   0,              0.0074
        71,       137,      1.00,              0.0147,                   0,                   0
        71,       138,      1.00,              0.2058,                   0,                   0
        71,       140,      1.00,              0.0956,                   0,              0.0221
        71,       141,      1.00,              0.1764,                   0,              0.0294
        71,       142,      1.00,              0.2132,                   0,              0.0147
        71,       143,      1.00,              0.1838,                   0,              0.0294
        71,       144,      1.00,              0.0147,                   0,              0.0074
        71,       145,      1.00,              0.0588,                   0,              0.0147
        71,       146,      1.00,              0.1470,                   0,              0.0368
        71,       147,      1.00,              0.0735,                   0,              0.0221
        71,       148,      1.00,              0.1764,                   0,              0.0294
        71,       149,      1.00,              0.1176,                   0,              0.0221
        71,       150,      1.00,              0.0956,                   0,              0.0221
        71,       151,      1.00,              0.0294,                   0,              0.0515
        71,       152,      1.00,                   0,                   0,              0.0147
        71,       153,      1.00,              0.0221,                   0,              0.0147
        71,       154,      1.00,              0.3088,                   0,              0.0515
        71,       155,      1.00,              0.1029,                   0,              0.0441
        71,       156,      1.00,              0.0147,                   0,              0.0074
        71,       160,      1.00,              0.0221,                   0,              0.0074
        71,       161,      1.00,              0.0662,                   0,              0.0221
        71,       162,      1.00,              0.0662,                   0,              0.0074
        71,       164,      1.00,              0.0074,                   0,              0.0147
        71,       165,      1.00,              0.0956,                   0,              0.0221
        71,       166,      1.00,              0.1103,                   0,              0.0221
        71,       167,      1.00,                   0,                   0,              0.0147
        71,       168,      1.00,              0.0441,                   0,              0.0074
        71,       169,      1.00,              0.0294,                   0,              0.0074
        71,       172,      1.00,              0.2058,                   0,                   0
        71,       175,      1.00,              0.0441,                   0,                   0
        71,       177,      1.00,                   0,                   0,              0.0074
        71,       178,      1.00,              0.1029,                   0,              0.0221
        71,       179,      1.00,              0.0515,                   0,              0.0294
        71,       182,      1.00,              0.0515,                   0,              0.0147
        71,       183,      1.00,              0.0221,                   0,                   0
        71,       185,      1.00,              0.0221,                   0,                   0
        71,       192,      1.00,              0.0588,                   0,                   0
        71,       208,      1.00,              0.6543,                   0,              0.0147
        71,       209,      1.00,              6.6457,                   0,              0.0588
        71,       210,      1.00,             15.0484,                   0,              0.0588
        71,       213,      1.00,              0.0074,                   0,                   0
        71,       218,      1.00,                   0,                   0,              0.0074
        71,       219,      1.00,                   0,                   0,              0.0074
        71,       224,      1.00,                   0,                   0,              0.0221
        71,       226,      1.00,                   0,                   0,              0.0147
        72,         2,      1.00,              0.2058,                   0,                   0
        72,         5,      1.00,              0.2058,                   0,                   0
        72,         6,      1.00,              0.0662,                   0,                   0
        72,         7,      1.00,              0.3455,                   0,                   0
        72,         8,      1.00,              0.1544,                   0,                   0
        72,         9,      1.00,              0.0588,                   0,                   0
        72,        13,      1.00,              0.0074,                   0,                   0
        72,        14,      1.00,              0.3161,                   0,                   0
        72,        15,      1.00,              0.2499,                   0,              0.0147
        72,        17,      1.00,                   0,                   0,              0.0074
        72,        18,      1.00,              0.1029,                   0,                   0
        72,        19,      1.00,              0.0662,                   0,                   0
        72,        21,      1.00,              0.2058,                   0,              0.0074
        72,        22,      1.00,              0.2058,                   0,                   0
        72,        23,      1.00,              0.0662,                   0,                   0
        72,        25,      1.00,              0.2058,                   0,                   0
        72,        27,      1.00,              0.5220,                   0,              0.0147
        72,        28,      1.00,              1.0366,                   0,              0.0147
        72,        29,      1.00,              0.7204,                   0,                   0
        72,        30,      1.00,              0.4190,                   0,              0.0147
        72,        31,      1.00,              1.0954,                   0,              0.0147
        72,        32,      1.00,              1.4041,                   0,              0.0074
        72,        33,      1.00,              1.5512,                   0,              0.0294
        72,        34,      1.00,              0.3088,                   0,                   0
        72,        35,      1.00,              0.5808,                   0,                   0
        72,        36,      1.00,              0.2132,                   0,              0.0074
        72,        37,      1.00,              0.1691,                   0,                   0
        72,        38,      1.00,              0.0074,                   0,                   0
        72,        39,      1.00,              0.0662,                   0,              0.0074
        72,        40,      1.00,              0.1103,                   0,                   0
        72,        41,      1.00,              0.7278,                   0,              0.0147
        72,        42,      1.00,              0.7204,                   0,                   0
        72,        43,      1.00,              1.5438,                   0,              0.0294
        72,        44,      1.00,              0.8528,                   0,              0.0441
        72,        45,      1.00,              1.6173,                   0,              0.0956
        72,        46,      1.00,              0.7204,                   0,              0.0294
        72,        47,      1.00,              1.1615,                   0,              0.0074
        72,        48,      1.00,                   0,                   0,              0.0074
        72,        49,      1.00,              0.2132,                   0,              0.0074
        72,        50,      1.00,                   0,                   0,              0.0368
        72,        51,      1.00,              0.0147,                   0,                   0
        72,        52,      1.00,              0.8381,                   0,              0.0074
        72,        54,      1.00,              0.5808,                   0,              0.0074
        72,        55,      1.00,              2.8450,                   0,              0.0221
        72,        56,      1.00,              0.6616,                   0,              0.0074
        72,        57,      1.00,              0.0221,                   0,                   0
        72,        58,      1.00,              1.1395,                   0,              0.0147
        72,        59,      1.00,              0.5808,                   0,                   0
        72,        60,      1.00,              1.5291,                   0,              0.0147
        72,        61,      1.00,              1.6982,                   0,              0.0515
        72,        62,      1.00,              3.6684,                   0,              0.0515
        72,        63,      1.00,              1.8599,                   0,              0.0515
        72,        64,      1.00,              1.5512,                   0,              0.0662
        72,        65,      1.00,              4.8814,                   0,              0.0441
        72,        66,      1.00,              1.9555,                   0,              0.0294
        72,        67,      1.00,             13.9751,                   0,              0.0809
        72,        68,      1.00,              3.7492,                   0,              0.0368
        72,        69,      1.00,              5.8738,                   0,              0.0368
        72,        70,      1.00,              0.6175,                   0,              0.0074
        72,        71,      1.00,              3.6022,                   0,              0.0147
        72,        72,      1.00,              7.2338,                   0,              0.0074
        72,        73,      1.00,              0.0074,                   0,              0.0221
        72,        74,      1.00,                   0,                   0,              0.0074
        72,        75,      1.00,              2.9038,                   0,              0.1544
        72,        76,      1.00,              5.1681,                   0,              0.1103
        72,        77,      1.00,              1.6100,                   0,              0.0882
        72,        78,      1.00,                   0,                   0,              0.0074
        72,        79,      1.00,              1.7349,                   0,              0.1029
        72,        80,      1.00,              1.9775,                   0,              0.0588
        72,        81,      1.00,              1.1101,                   0,              0.0074
        72,        82,      1.00,              0.3161,                   0,              0.0147
        72,        83,      1.00,              1.7864,                   0,              0.0588
        72,        84,      1.00,              1.0366,                   0,              0.0368
        72,        85,      1.00,              1.3086,                   0,              0.0221
        72,        86,      1.00,              0.6249,                   0,              0.0588
        72,        87,      1.00,              0.5146,                   0,              0.0221
        72,        88,      1.00,              0.3088,                   0,              0.0074
        72,        89,      1.00,              0.4117,                   0,              0.0074
        72,        90,      1.00,              0.0074,                   0,              0.0147
        72,        91,      1.00,                   0,                   0,              0.0074
        72,        92,      1.00,              0.6249,                   0,              0.0515
        72,        93,      1.00,                   0,                   0,              0.0074
        72,        94,      1.00,              0.4190,                   0,              0.0074
        72,        95,      1.00,              1.3012,                   0,              0.0294
        72,        96,      1.00,                   0,                   0,              0.0074
        72,        97,      1.00,              0.5808,                   0,              0.0662
        72,        98,      1.00,              0.6175,                   0,              0.1103
        72,        99,      1.00,              0.4778,                   0,              0.0368
        72,       100,      1.00,              0.6249,                   0,              0.1470
        72,       101,      1.00,              1.2056,                   0,              0.1985
        72,       102,      1.00,                   0,                   0,              0.0368
        72,       103,      1.00,              1.5512,                   0,              0.1029
        72,       104,      1.00,              0.6837,                   0,              0.0441
        72,       105,      1.00,              0.6175,                   0,              0.0441
        72,       106,      1.00,              0.6175,                   0,              0.0441
        72,       107,      1.00,              0.7204,                   0,              0.0515
        72,       108,      1.00,              0.3088,                   0,              0.0147
        72,       109,      1.00,              0.1691,                   0,              0.0294
        72,       110,      1.00,              0.2058,                   0,              0.0074
        72,       111,      1.00,                   0,                   0,              0.0074
        72,       112,      1.00,              0.7278,                   0,                   0
        72,       113,      1.00,              0.1029,                   0,                   0
        72,       114,      1.00,              0.2058,                   0,              0.0956
        72,       115,      1.00,                   0,                   0,              0.0074
        72,       116,      1.00,                   0,                   0,              0.0074
        72,       117,      1.00,              0.8895,                   0,              0.1397
        72,       118,      1.00,              1.6467,                   0,              0.1397
        72,       119,      1.00,              0.1103,                   0,              0.0294
        72,       120,      1.00,              0.4778,                   0,              0.0147
        72,       121,      1.00,              0.1470,                   0,              0.0221
        72,       122,      1.00,              0.4117,                   0,              0.0221
        72,       123,      1.00,              0.3749,                   0,              0.0147
        72,       124,      1.00,              0.0074,                   0,              0.0441
        72,       125,      1.00,                   0,                   0,              0.0147
        72,       126,      1.00,              0.1176,                   0,              0.0515
        72,       127,      1.00,              0.4190,                   0,              0.0515
        72,       128,      1.00,              0.0294,                   0,              0.0221
        72,       129,      1.00,                   0,                   0,              0.0221
        72,       130,      1.00,              0.0441,                   0,              0.0074
        72,       131,      1.00,              0.2058,                   0,              0.0074
        72,       132,      1.00,              0.0441,                   0,              0.0074
        72,       133,      1.00,              0.0221,                   0,              0.0147
        72,       134,      1.00,              0.0221,                   0,              0.0221
        72,       135,      1.00,                   0,                   0,              0.0147
        72,       136,      1.00,                   0,                   0,              0.0221
        72,       137,      1.00,              0.2058,                   0,              0.0074
        72,       138,      1.00,                   0,                   0,              0.0147
        72,       139,      1.00,              0.0368,                   0,                   0
        72,       140,      1.00,              0.0221,                   0,              0.0368
        72,       141,      1.00,              0.0515,                   0,              0.0147
        72,       142,      1.00,                   0,                   0,              0.0074
        72,       143,      1.00,              0.0662,                   0,              0.0147
        72,       145,      1.00,              0.0074,                   0,              0.0074
        72,       146,      1.00,              0.0294,                   0,              0.0221
        72,       147,      1.00,                   0,                   0,              0.0074
        72,       148,      1.00,              0.0515,                   0,              0.0147
        72,       149,      1.00,              0.0221,                   0,              0.0074
        72,       150,      1.00,              0.0515,                   0,              0.0074
        72,       151,      1.00,              0.0147,                   0,              0.0368
        72,       152,      1.00,              0.0221,                   0,              0.0074
        72,       153,      1.00,              0.0221,                   0,              0.0074
        72,       154,      1.00,              0.0662,                   0,              0.0294
        72,       155,      1.00,              0.0956,                   0,              0.0441
        72,       156,      1.00,              0.0221,                   0,                   0
        72,       159,      1.00,                   0,                   0,              0.0074
        72,       160,      1.00,              0.0221,                   0,              0.0074
        72,       161,      1.00,              0.0441,                   0,              0.0147
        72,       162,      1.00,                   0,                   0,              0.0221
        72,       164,      1.00,                   0,                   0,              0.0074
        72,       165,      1.00,              0.0221,                   0,              0.0147
        72,       166,      1.00,              0.0735,                   0,              0.0147
        72,       167,      1.00,              0.0588,                   0,              0.0074
        72,       168,      1.00,              0.0221,                   0,              0.0074
        72,       170,      1.00,                   0,                   0,              0.0074
        72,       174,      1.00,              0.2058,                   0,                   0
        72,       175,      1.00,              0.0441,                   0,                   0
        72,       177,      1.00,                   0,                   0,              0.0074
        72,       178,      1.00,                   0,                   0,              0.0147
        72,       179,      1.00,                   0,                   0,              0.0147
        72,       181,      1.00,              0.0221,                   0,                   0
        72,       185,      1.00,              0.0221,                   0,                   0
        72,       188,      1.00,              0.1029,                   0,                   0
        72,       192,      1.00,              0.2058,                   0,              0.0074
        72,       200,      1.00,                   0,                   0,              0.0074
        72,       207,      1.00,                   0,                   0,              0.0074
        72,       208,      1.00,              0.0662,                   0,              0.0074
        72,       209,      1.00,              2.1246,                   0,              0.0368
        72,       210,      1.00,              4.0948,                   0,              0.0368
        72,       211,      1.00,                   0,                   0,              0.0074
        72,       213,      1.00,                   0,                   0,              0.0074
        72,       214,      1.00,                   0,                   0,              0.0074
        72,       224,      1.00,                   0,                   0,              0.0147
        72,       226,      1.00,                   0,                   0,              0.0147
        73,         5,      1.00,                   0,                   0,              0.0074
        73,         6,      1.00,              0.1250,                   0,              0.0074
        73,         7,      1.00,              0.6028,                   0,              0.0074
        73,         8,      1.00,              0.0221,                   0,              0.0074
        73,         9,      1.00,              0.0074,                   0,              0.0074
        73,        11,      1.00,              0.0074,                   0,              0.0074
        73,        12,      1.00,              0.0147,                   0,              0.0074
        73,        13,      1.00,              0.0221,                   0,              0.0074
        73,        14,      1.00,              0.3308,                   0,              0.0074
        73,        15,      1.00,              0.4999,                   0,              0.0294
        73,        17,      1.00,                   0,                   0,              0.0147
        73,        19,      1.00,                   0,                   0,              0.0074
        73,        20,      1.00,              0.2058,                   0,                   0
        73,        21,      1.00,                   0,                   0,              0.0147
        73,        23,      1.00,              0.4264,                   0,                   0
        73,        24,      1.00,              0.0074,                   0,              0.0074
        73,        26,      1.00,              0.2132,                   0,                   0
        73,        27,      1.00,              0.4337,                   0,              0.0294
        73,        28,      1.00,              0.5367,                   0,              0.0294
        73,        29,      1.00,              0.3161,                   0,              0.0074
        73,        30,      1.00,              0.2205,                   0,              0.0147
        73,        31,      1.00,              0.2132,                   0,              0.0147
        73,        32,      1.00,              1.4556,                   0,              0.0221
        73,        33,      1.00,              1.4629,                   0,              0.0294
        73,        34,      1.00,                   0,                   0,              0.0074
        73,        35,      1.00,              0.2205,                   0,                   0
        73,        36,      1.00,              0.6322,                   0,              0.0074
        73,        37,      1.00,              0.0294,                   0,              0.0074
        73,        38,      1.00,              0.2205,                   0,              0.0074
        73,        39,      1.00,              0.3382,                   0,              0.0515
        73,        40,      1.00,              0.6469,                   0,              0.0074
        73,        41,      1.00,              0.4484,                   0,              0.0368
        73,        42,      1.00,              0.0074,                   0,              0.0074
        73,        43,      1.00,              0.9998,                   0,              0.0221
        73,        44,      1.00,              0.8601,                   0,              0.0662
        73,        45,      1.00,              2.8009,                   0,              0.0515
        73,        46,      1.00,              0.8160,                   0,              0.0882
        73,        47,      1.00,              1.0513,                   0,              0.0294
        73,        48,      1.00,                   0,                   0,              0.0074
        73,        49,      1.00,              0.0368,                   0,              0.0294
        73,        50,      1.00,              0.0074,                   0,              0.0294
        73,        51,      1.00,              0.0221,                   0,                   0
        73,        52,      1.00,              0.9410,                   0,              0.0221
        73,        54,      1.00,              0.5220,                   0,              0.0147
        73,        55,      1.00,              1.5365,                   0,              0.0515
        73,        56,      1.00,              0.2426,                   0,              0.0368
        73,        57,      1.00,              0.0074,                   0,                   0
        73,        58,      1.00,              0.4484,                   0,              0.0441
        73,        59,      1.00,              0.2205,                   0,              0.0074
        73,        60,      1.00,              0.4337,                   0,              0.0221
        73,        61,      1.00,              0.2426,                   0,              0.0441
        73,        62,      1.00,              0.4337,                   0,              0.0221
        73,        63,      1.00,              1.5659,                   0,              0.0368
        73,        64,      1.00,              0.4484,                   0,              0.0515
        73,        65,      1.00,              1.4703,                   0,              0.0735
        73,        66,      1.00,              1.0513,                   0,              0.0294
        73,        67,      1.00,              1.9555,                   0,              0.0735
        73,        68,      1.00,              0.8895,                   0,              0.0221
        73,        69,      1.00,              1.4703,                   0,              0.0515
        73,        70,      1.00,              0.6322,                   0,              0.0147
        73,        71,      1.00,              1.5659,                   0,              0.0294
        73,        72,      1.00,              0.6249,                   0,              0.0221
        73,        73,      1.00,              1.4629,                   0,              0.0221
        73,        74,      1.00,              1.0513,                   0,              0.0221
        73,        75,      1.00,              2.4186,                   0,              0.1103
        73,        76,      1.00,              1.6320,                   0,              0.0735
        73,        77,      1.00,              0.6910,                   0,              0.0441
        73,        78,      1.00,              0.2058,                   0,              0.0147
        73,        79,      1.00,              2.4113,                   0,              0.1176
        73,        80,      1.00,              2.1246,                   0,              0.0735
        73,        81,      1.00,              1.1983,                   0,              0.0368
        73,        82,      1.00,              0.8234,                   0,              0.0515
        73,        83,      1.00,              4.3741,                   0,              0.1470
        73,        84,      1.00,              1.1542,                   0,              0.0588
        73,        85,      1.00,              2.3819,                   0,              0.0662
        73,        86,      1.00,              1.1909,                   0,              0.1029
        73,        87,      1.00,              0.7351,                   0,              0.0294
        73,        88,      1.00,              0.2132,                   0,              0.0147
        73,        89,      1.00,              0.2132,                   0,              0.0147
        73,        90,      1.00,              0.6028,                   0,              0.0368
        73,        91,      1.00,              0.4264,                   0,              0.0221
        73,        92,      1.00,              0.4411,                   0,              0.0588
        73,        93,      1.00,              0.2205,                   0,              0.0147
        73,        94,      1.00,              0.6469,                   0,              0.0221
        73,        95,      1.00,              0.9630,                   0,              0.0735
        73,        96,      1.00,              0.4190,                   0,              0.0294
        73,        97,      1.00,              0.6837,                   0,              0.0294
        73,        98,      1.00,              0.7793,                   0,              0.0809
        73,        99,      1.00,              0.4190,                   0,              0.0147
        73,       100,      1.00,              0.9483,                   0,              0.1029
        73,       101,      1.00,              0.7646,                   0,              0.0662
        73,       102,      1.00,              0.4190,                   0,              0.0221
        73,       103,      1.00,              2.6686,                   0,              0.1029
        73,       104,      1.00,              1.3600,                   0,              0.0809
        73,       105,      1.00,              0.4264,                   0,              0.0368
        73,       106,      1.00,              0.8454,                   0,              0.0441
        73,       107,      1.00,              0.2867,                   0,              0.0441
        73,       108,      1.00,              0.0074,                   0,              0.0147
        73,       109,      1.00,              0.0147,                   0,              0.0294
        73,       110,      1.00,              0.9263,                   0,              0.0074
        73,       111,      1.00,              0.0074,                   0,              0.0074
        73,       112,      1.00,              1.5732,                   0,              0.0294
        73,       114,      1.00,              0.7278,                   0,              0.0294
        73,       116,      1.00,              0.0074,                   0,              0.0221
        73,       117,      1.00,              0.3308,                   0,              0.0662
        73,       118,      1.00,              0.9483,                   0,              0.0809
        73,       119,      1.00,              0.4264,                   0,              0.0441
        73,       120,      1.00,              0.0221,                   0,              0.0294
        73,       121,      1.00,              0.0294,                   0,              0.0441
        73,       122,      1.00,              2.0805,                   0,              0.0588
        73,       123,      1.00,              0.2352,                   0,              0.0588
        73,       124,      1.00,              0.0294,                   0,              0.0441
        73,       125,      1.00,              0.0221,                   0,              0.0147
        73,       126,      1.00,              0.1617,                   0,              0.0662
        73,       127,      1.00,              0.2352,                   0,              0.0809
        73,       128,      1.00,              0.0735,                   0,              0.0294
        73,       129,      1.00,              0.0074,                   0,              0.0221
        73,       130,      1.00,              0.0147,                   0,              0.0147
        73,       131,      1.00,              0.0147,                   0,              0.0147
        73,       132,      1.00,              0.0074,                   0,              0.0147
        73,       133,      1.00,              0.0294,                   0,              0.0147
        73,       134,      1.00,              0.0074,                   0,              0.0074
        73,       135,      1.00,              0.2132,                   0,              0.0074
        73,       136,      1.00,              0.0882,                   0,              0.0221
        73,       137,      1.00,              0.0368,                   0,              0.0074
        73,       138,      1.00,              0.0662,                   0,              0.0074
        73,       139,      1.00,                   0,                   0,              0.0074
        73,       140,      1.00,              0.0074,                   0,              0.0221
        73,       141,      1.00,              0.0368,                   0,              0.0294
        73,       142,      1.00,              0.2132,                   0,              0.0221
        73,       143,      1.00,              0.0588,                   0,              0.0294
        73,       144,      1.00,              0.0147,                   0,              0.0074
        73,       145,      1.00,              0.0221,                   0,              0.0147
        73,       146,      1.00,              0.0441,                   0,              0.0368
        73,       147,      1.00,              0.0074,                   0,              0.0221
        73,       148,      1.00,              0.1176,                   0,              0.0294
        73,       149,      1.00,              0.0074,                   0,              0.0221
        73,       150,      1.00,              0.0147,                   0,              0.0294
        73,       151,      1.00,              0.0221,                   0,              0.0515
        73,       152,      1.00,              0.0074,                   0,              0.0147
        73,       153,      1.00,              0.0074,                   0,              0.0147
        73,       154,      1.00,              0.1176,                   0,              0.0662
        73,       155,      1.00,              0.0662,                   0,              0.0515
        73,       156,      1.00,              0.0294,                   0,              0.0074
        73,       157,      1.00,                   0,                   0,              0.0074
        73,       158,      1.00,                   0,                   0,              0.0074
        73,       160,      1.00,              0.0294,                   0,              0.0074
        73,       161,      1.00,              0.0809,                   0,              0.0294
        73,       162,      1.00,              0.0221,                   0,              0.0221
        73,       164,      1.00,              0.0221,                   0,              0.0221
        73,       165,      1.00,              0.0441,                   0,              0.0294
        73,       166,      1.00,              0.0441,                   0,              0.0294
        73,       167,      1.00,              0.0074,                   0,              0.0147
        73,       168,      1.00,                   0,                   0,              0.0074
        73,       169,      1.00,                   0,                   0,              0.0074
        73,       170,      1.00,              0.0074,                   0,              0.0221
        73,       171,      1.00,                   0,                   0,              0.0074
        73,       172,      1.00,              0.0074,                   0,              0.0662
        73,       174,      1.00,              0.0074,                   0,              0.0074
        73,       175,      1.00,              0.0074,                   0,              0.0074
        73,       177,      1.00,              0.0074,                   0,              0.0074
        73,       178,      1.00,              0.0294,                   0,              0.0221
        73,       179,      1.00,              0.0074,                   0,              0.0294
        73,       181,      1.00,              0.0074,                   0,                   0
        73,       182,      1.00,              0.0074,                   0,              0.0147
        73,       188,      1.00,              0.0074,                   0,              0.0368
        73,       191,      1.00,                   0,                   0,              0.0147
        73,       192,      1.00,                   0,                   0,              0.0221
        73,       205,      1.00,                   0,                   0,              0.0147
        73,       206,      1.00,                   0,                   0,              0.0074
        73,       207,      1.00,                   0,                   0,              0.0441
        73,       208,      1.00,              1.2571,                   0,              0.0221
        73,       209,      1.00,              0.9263,                   0,              0.0956
        73,       210,      1.00,              3.0214,                   0,              0.0809
        73,       212,      1.00,              0.0074,                   0,                   0
        73,       213,      1.00,              0.0147,                   0,              0.0147
        73,       218,      1.00,                   0,                   0,              0.0074
        73,       219,      1.00,                   0,                   0,              0.0074
        73,       224,      1.00,                   0,                   0,              0.0368
        73,       226,      1.00,              0.0074,                   0,              0.0294
        74,         8,      1.00,              0.0074,                   0,                   0
        74,         9,      1.00,              0.2058,                   0,                   0
        74,        11,      1.00,              0.0221,                   0,                   0
        74,        12,      1.00,              0.2499,                   0,                   0
        74,        13,      1.00,              0.0074,                   0,              0.0074
        74,        14,      1.00,              0.6249,                   0,              0.0147
        74,        15,      1.00,              0.4264,                   0,              0.0221
        74,        17,      1.00,              0.2058,                   0,              0.0074
        74,        21,      1.00,              0.2058,                   0,              0.0074
        74,        23,      1.00,              0.4190,                   0,              0.0074
        74,        24,      1.00,              0.2132,                   0,              0.0074
        74,        27,      1.00,              0.0074,                   0,              0.0074
        74,        28,      1.00,              0.5220,                   0,              0.0074
        74,        29,      1.00,              0.0662,                   0,                   0
        74,        30,      1.00,              0.0074,                   0,              0.0074
        74,        31,      1.00,              0.2132,                   0,              0.0074
        74,        32,      1.00,              0.6249,                   0,              0.0074
        74,        33,      1.00,              1.2424,                   0,              0.0147
        74,        35,      1.00,              0.2132,                   0,                   0
        74,        36,      1.00,              0.7278,                   0,              0.0074
        74,        37,      1.00,              0.0074,                   0,                   0
        74,        38,      1.00,              0.0074,                   0,                   0
        74,        39,      1.00,              1.1395,                   0,              0.0147
        74,        40,      1.00,              0.4190,                   0,                   0
        74,        41,      1.00,              0.8969,                   0,              0.0221
        74,        42,      1.00,                   0,                   0,              0.0074
        74,        43,      1.00,              0.2720,                   0,              0.0147
        74,        44,      1.00,              0.2205,                   0,              0.0294
        74,        45,      1.00,              3.9257,                   0,              0.0074
        74,        46,      1.00,              0.8748,                   0,              0.0368
        74,        47,      1.00,              0.7793,                   0,              0.0147
        74,        49,      1.00,              0.4264,                   0,              0.0074
        74,        50,      1.00,                   0,                   0,              0.0147
        74,        51,      1.00,              0.0147,                   0,                   0
        74,        52,      1.00,              0.8160,                   0,              0.0147
        74,        54,      1.00,              0.4117,                   0,              0.0074
        74,        55,      1.00,              1.7570,                   0,              0.0221
        74,        56,      1.00,              0.4117,                   0,              0.0147
        74,        57,      1.00,              0.0147,                   0,                   0
        74,        58,      1.00,              1.3527,                   0,              0.0368
        74,        59,      1.00,              1.1321,                   0,                   0
        74,        60,      1.00,              0.8307,                   0,              0.0074
        74,        61,      1.00,              0.2205,                   0,              0.0147
        74,        62,      1.00,              0.4190,                   0,              0.0074
        74,        63,      1.00,              0.4190,                   0,              0.0147
        74,        64,      1.00,              0.5293,                   0,              0.0221
        74,        65,      1.00,              0.8381,                   0,              0.0294
        74,        66,      1.00,              1.1395,                   0,              0.0147
        74,        67,      1.00,              3.2126,                   0,              0.0294
        74,        68,      1.00,              1.2497,                   0,              0.0074
        74,        69,      1.00,              1.4482,                   0,              0.0221
        74,        70,      1.00,              0.5220,                   0,              0.0074
        74,        71,      1.00,              0.9924,                   0,              0.0147
        74,        72,      1.00,              0.8234,                   0,              0.0074
        74,        73,      1.00,              0.8454,                   0,              0.0221
        74,        74,      1.00,             13.4164,                   0,              0.0074
        74,        75,      1.00,              5.0284,                   0,              0.0588
        74,        76,      1.00,              2.2716,                   0,              0.0294
        74,        77,      1.00,              0.6249,                   0,              0.0221
        74,        79,      1.00,              3.0876,                   0,              0.0588
        74,        80,      1.00,              7.8734,                   0,              0.0441
        74,        81,      1.00,              1.9481,                   0,              0.0441
        74,        82,      1.00,              3.8375,                   0,              0.0294
        74,        83,      1.00,             15.1146,                   0,              0.0882
        74,        84,      1.00,              4.5873,                   0,              0.0441
        74,        85,      1.00,              5.2489,                   0,              0.0368
        74,        86,      1.00,              6.1605,                   0,              0.0662
        74,        87,      1.00,              1.3453,                   0,              0.0147
        74,        88,      1.00,              0.6249,                   0,              0.0074
        74,        89,      1.00,              0.6175,                   0,              0.0074
        74,        90,      1.00,              0.8381,                   0,              0.0221
        74,        91,      1.00,              1.2424,                   0,              0.0147
        74,        92,      1.00,              1.1468,                   0,              0.0441
        74,        93,      1.00,              0.4190,                   0,              0.0074
        74,        94,      1.00,              1.0439,                   0,              0.0147
        74,        95,      1.00,              3.9477,                   0,              0.0368
        74,        96,      1.00,              0.2058,                   0,              0.0147
        74,        97,      1.00,              0.5367,                   0,              0.0147
        74,        98,      1.00,              0.7057,                   0,              0.0368
        74,        99,      1.00,              0.6175,                   0,              0.0074
        74,       100,      1.00,              1.2056,                   0,              0.0588
        74,       101,      1.00,              1.9702,                   0,              0.0221
        74,       102,      1.00,              0.9263,                   0,              0.0074
        74,       103,      1.00,              4.1315,                   0,              0.0515
        74,       104,      1.00,              3.9845,                   0,              0.0441
        74,       105,      1.00,              0.6249,                   0,              0.0074
        74,       106,      1.00,              2.7421,                   0,              0.0221
        74,       107,      1.00,              1.7570,                   0,              0.0147
        74,       108,      1.00,              0.2058,                   0,              0.0074
        74,       109,      1.00,              0.4190,                   0,              0.0147
        74,       110,      1.00,                   0,                   0,              0.0074
        74,       111,      1.00,              0.3308,                   0,                   0
        74,       112,      1.00,              0.8381,                   0,              0.0074
        74,       114,      1.00,              0.4117,                   0,                   0
        74,       116,      1.00,              0.0074,                   0,              0.0147
        74,       117,      1.00,              0.8307,                   0,              0.0221
        74,       118,      1.00,              1.2056,                   0,              0.0147
        74,       119,      1.00,              0.9336,                   0,              0.0221
        74,       120,      1.00,              0.1617,                   0,              0.0221
        74,       121,      1.00,              0.6837,                   0,              0.0294
        74,       122,      1.00,              1.6761,                   0,              0.0368
        74,       123,      1.00,              1.2424,                   0,              0.0294
        74,       124,      1.00,              0.6322,                   0,              0.0147
        74,       125,      1.00,              0.4190,                   0,              0.0074
        74,       126,      1.00,              0.3014,                   0,              0.0368
        74,       127,      1.00,              0.9263,                   0,              0.0515
        74,       128,      1.00,              0.1397,                   0,              0.0147
        74,       129,      1.00,              0.2132,                   0,              0.0074
        74,       130,      1.00,              0.1323,                   0,              0.0074
        74,       131,      1.00,              0.0074,                   0,              0.0074
        74,       132,      1.00,              0.1103,                   0,              0.0074
        74,       133,      1.00,              0.0294,                   0,              0.0074
        74,       134,      1.00,              0.0221,                   0,              0.0074
        74,       135,      1.00,              0.1029,                   0,              0.0074
        74,       136,      1.00,              0.0074,                   0,              0.0074
        74,       140,      1.00,              0.0956,                   0,              0.0074
        74,       141,      1.00,              0.1323,                   0,              0.0221
        74,       142,      1.00,              0.4190,                   0,              0.0147
        74,       143,      1.00,              0.2058,                   0,              0.0147
        74,       144,      1.00,              0.0147,                   0,                   0
        74,       145,      1.00,              0.0441,                   0,              0.0074
        74,       146,      1.00,              0.1029,                   0,              0.0147
        74,       147,      1.00,              0.0074,                   0,              0.0074
        74,       148,      1.00,              0.1470,                   0,              0.0147
        74,       149,      1.00,                   0,                   0,              0.0147
        74,       150,      1.00,              0.0368,                   0,              0.0147
        74,       151,      1.00,              0.0368,                   0,              0.0221
        74,       152,      1.00,              0.0515,                   0,              0.0074
        74,       153,      1.00,                   0,                   0,              0.0074
        74,       154,      1.00,              0.1617,                   0,              0.0368
        74,       155,      1.00,              0.0588,                   0,              0.0294
        74,       156,      1.00,              0.0956,                   0,              0.0074
        74,       160,      1.00,              0.0221,                   0,              0.0074
        74,       161,      1.00,              0.0515,                   0,              0.0147
        74,       162,      1.00,              0.0074,                   0,              0.0074
        74,       164,      1.00,              0.0074,                   0,              0.0074
        74,       165,      1.00,              0.0735,                   0,              0.0147
        74,       166,      1.00,              0.0147,                   0,              0.0147
        74,       167,      1.00,              0.0368,                   0,              0.0074
        74,       168,      1.00,              0.0294,                   0,              0.0074
        74,       169,      1.00,              0.0074,                   0,                   0
        74,       170,      1.00,                   0,                   0,              0.0074
        74,       172,      1.00,              0.2132,                   0,              0.0074
        74,       175,      1.00,              0.0368,                   0,                   0
        74,       178,      1.00,              0.0441,                   0,              0.0147
        74,       179,      1.00,              0.0074,                   0,              0.0147
        74,       182,      1.00,              0.0515,                   0,              0.0074
        74,       183,      1.00,              0.0147,                   0,                   0
        74,       185,      1.00,              0.0147,                   0,                   0
        74,       208,      1.00,              0.5808,                   0,              0.0147
        74,       209,      1.00,              2.1099,                   0,              0.0368
        74,       210,      1.00,              2.4333,                   0,              0.0294
        74,       213,      1.00,              0.0074,                   0,                   0
        74,       224,      1.00,                   0,                   0,              0.0147
        74,       226,      1.00,                   0,                   0,              0.0147
        75,         1,      1.00,              0.2058,                   0,                   0
        75,         2,      1.00,              0.2058,                   0,                   0
        75,         5,      1.00,              0.1764,                   0,              0.0074
        75,         6,      1.00,              0.1397,                   0,              0.0074
        75,         7,      1.00,              0.7131,                   0,              0.0147
        75,         8,      1.00,              1.1395,                   0,              0.0221
        75,         9,      1.00,              0.1544,                   0,              0.0074
        75,        11,      1.00,              0.2426,                   0,              0.0074
        75,        12,      1.00,              0.0221,                   0,              0.0147
        75,        13,      1.00,              1.0660,                   0,              0.0147
        75,        14,      1.00,              1.5438,                   0,              0.0074
        75,        15,      1.00,              5.1901,                   0,              0.1838
        75,        16,      1.00,              0.4117,                   0,                   0
        75,        17,      1.00,              0.2058,                   0,              0.0588
        75,        18,      1.00,                   0,                   0,              0.0074
        75,        19,      1.00,              0.1323,                   0,              0.0147
        75,        20,      1.00,              0.0956,                   0,                   0
        75,        21,      1.00,              0.2132,                   0,              0.0368
        75,        22,      1.00,              0.2058,                   0,                   0
        75,        23,      1.00,              1.0439,                   0,                   0
        75,        24,      1.00,              0.4337,                   0,              0.0147
        75,        25,      1.00,              0.0074,                   0,                   0
        75,        26,      1.00,              0.0147,                   0,                   0
        75,        27,      1.00,              1.2792,                   0,              0.0515
        75,        28,      1.00,              6.1017,                   0,              0.1617
        75,        29,      1.00,              2.1319,                   0,              0.0956
        75,        30,      1.00,              1.9481,                   0,              0.1397
        75,        31,      1.00,              4.8814,                   0,              0.1764
        75,        32,      1.00,              6.6531,                   0,              0.2279
        75,        33,      1.00,              7.1750,                   0,              0.2426
        75,        34,      1.00,              2.2275,                   0,              0.0074
        75,        35,      1.00,              1.7790,                   0,              0.0074
        75,        36,      1.00,              1.5732,                   0,              0.0294
        75,        37,      1.00,              0.2573,                   0,              0.0074
        75,        38,      1.00,              0.4484,                   0,              0.0074
        75,        39,      1.00,              2.2128,                   0,              0.0735
        75,        40,      1.00,              0.7793,                   0,              0.0147
        75,        41,      1.00,              3.6831,                   0,              0.0882
        75,        42,      1.00,              1.0954,                   0,              0.0221
        75,        43,      1.00,              4.1168,                   0,              0.0294
        75,        44,      1.00,              3.7639,                   0,              0.1250
        75,        45,      1.00,              8.6821,                   0,              0.0956
        75,        46,      1.00,              5.7415,                   0,              0.1838
        75,        47,      1.00,              2.5951,                   0,              0.0588
        75,        48,      1.00,              0.0294,                   0,              0.0147
        75,        49,      1.00,              1.7129,                   0,              0.0441
        75,        50,      1.00,              0.1911,                   0,              0.0809
        75,        51,      1.00,              0.0588,                   0,                   0
        75,        52,      1.00,              2.8891,                   0,              0.0441
        75,        53,      1.00,              0.6175,                   0,                   0
        75,        54,      1.00,              1.8673,                   0,              0.0294
        75,        55,      1.00,              6.0943,                   0,              0.0956
        75,        56,      1.00,              1.6835,                   0,              0.0735
        75,        57,      1.00,              0.0662,                   0,                   0
        75,        58,      1.00,              4.5505,                   0,              0.1176
        75,        59,      1.00,              4.5064,                   0,              0.0956
        75,        60,      1.00,              5.9106,                   0,              0.1617
        75,        61,      1.00,             10.7552,                   0,              0.2573
        75,        62,      1.00,             10.8654,                   0,              0.2499
        75,        63,      1.00,             10.1597,                   0,              0.1691
        75,        64,      1.00,              5.2269,                   0,              0.2058
        75,        65,      1.00,             13.0268,                   0,              0.3382
        75,        66,      1.00,              8.8585,                   0,              0.1176
        75,        67,      1.00,             35.5001,                   0,              0.3970
        75,        68,      1.00,              9.5642,                   0,              0.1617
        75,        69,      1.00,             12.0417,                   0,              0.3455
        75,        70,      1.00,              1.9775,                   0,              0.0294
        75,        71,      1.00,              6.5722,                   0,              0.0735
        75,        72,      1.00,              5.2857,                   0,              0.1544
        75,        73,      1.00,              1.8673,                   0,              0.1103
        75,        74,      1.00,              5.3371,                   0,              0.0588
        75,        75,      1.00,             63.3254,                   0,              0.2647
        75,        76,      1.00,             36.7278,                   0,              0.1838
        75,        77,      1.00,              8.1013,                   0,              0.1691
        75,        78,      1.00,              0.1029,                   0,              0.0441
        75,        79,      1.00,             25.6492,                   0,              0.2941
        75,        80,      1.00,             24.7303,                   0,              0.1764
        75,        81,      1.00,              4.7564,                   0,              0.1029
        75,        82,      1.00,              3.9477,                   0,              0.1323
        75,        83,      1.00,             16.8201,                   0,              0.3970
        75,        84,      1.00,              6.0135,                   0,              0.1838
        75,        85,      1.00,              8.3071,                   0,              0.1691
        75,        86,      1.00,              7.4691,                   0,              0.3308
        75,        87,      1.00,              2.7127,                   0,              0.0882
        75,        88,      1.00,              1.5585,                   0,              0.0441
        75,        89,      1.00,              2.3966,                   0,              0.0441
        75,        90,      1.00,              4.3447,                   0,              0.1103
        75,        91,      1.00,              1.6761,                   0,              0.0662
        75,        92,      1.00,              6.4399,                   0,              0.1911
        75,        93,      1.00,              0.6396,                   0,              0.0441
        75,        94,      1.00,              0.7646,                   0,              0.0735
        75,        95,      1.00,              6.0208,                   0,              0.2205
        75,        96,      1.00,              1.6320,                   0,              0.0147
        75,        97,      1.00,              5.8885,                   0,              0.1176
        75,        98,      1.00,              7.0280,                   0,              0.1911
        75,        99,      1.00,              6.8442,                   0,              0.0735
        75,       100,      1.00,              8.6527,                   0,              0.4190
        75,       101,      1.00,             11.7844,                   0,              0.3676
        75,       102,      1.00,              0.7940,                   0,              0.0662
        75,       103,      1.00,             19.0255,                   0,              0.2867
        75,       104,      1.00,             11.5859,                   0,              0.1029
        75,       105,      1.00,              3.1758,                   0,              0.0735
        75,       106,      1.00,              5.9547,                   0,              0.1250
        75,       107,      1.00,              6.2487,                   0,              0.1250
        75,       108,      1.00,              0.2205,                   0,              0.0368
        75,       109,      1.00,              2.9112,                   0,              0.0735
        75,       110,      1.00,              1.8746,                   0,              0.0221
        75,       111,      1.00,              0.9924,                   0,              0.0147
        75,       112,      1.00,              3.6169,                   0,              0.0368
        75,       114,      1.00,              4.8740,                   0,              0.2205
        75,       115,      1.00,                   0,                   0,              0.0147
        75,       116,      1.00,              0.0221,                   0,              0.0515
        75,       117,      1.00,              5.8812,                   0,              0.1985
        75,       118,      1.00,              7.5867,                   0,              0.2279
        75,       119,      1.00,              3.2199,                   0,              0.1250
        75,       120,      1.00,              2.2275,                   0,              0.0956
        75,       121,      1.00,              3.4625,                   0,              0.1470
        75,       122,      1.00,              3.2126,                   0,              0.1470
        75,       123,      1.00,              5.1019,                   0,              0.0662
        75,       124,      1.00,              1.8967,                   0,              0.0809
        75,       125,      1.00,              0.6469,                   0,              0.0294
        75,       126,      1.00,              0.9042,                   0,              0.2132
        75,       127,      1.00,              1.9334,                   0,              0.3014
        75,       128,      1.00,              0.3382,                   0,              0.1103
        75,       129,      1.00,              0.6322,                   0,              0.0735
        75,       130,      1.00,              0.2794,                   0,              0.0368
        75,       131,      1.00,              0.4999,                   0,              0.0294
        75,       132,      1.00,              0.2941,                   0,              0.0368
        75,       133,      1.00,              0.2647,                   0,              0.0221
        75,       134,      1.00,              0.2573,                   0,              0.0147
        75,       135,      1.00,              0.5881,                   0,              0.0368
        75,       136,      1.00,              0.7866,                   0,              0.0735
        75,       137,      1.00,              0.2426,                   0,              0.0294
        75,       138,      1.00,              0.5293,                   0,              0.0368
        75,       139,      1.00,                   0,                   0,              0.0074
        75,       140,      1.00,              0.3088,                   0,              0.0588
        75,       141,      1.00,              0.2279,                   0,              0.1029
        75,       142,      1.00,              0.2279,                   0,              0.0588
        75,       143,      1.00,              0.4264,                   0,              0.1029
        75,       144,      1.00,              0.0588,                   0,              0.0221
        75,       145,      1.00,              0.0956,                   0,              0.0515
        75,       146,      1.00,              0.5440,                   0,              0.0882
        75,       147,      1.00,              0.0956,                   0,              0.0662
        75,       148,      1.00,              0.3970,                   0,              0.1250
        75,       149,      1.00,              0.1250,                   0,              0.0882
        75,       150,      1.00,              0.2720,                   0,              0.0882
        75,       151,      1.00,              0.2352,                   0,              0.2132
        75,       152,      1.00,              0.0368,                   0,              0.0515
        75,       153,      1.00,              0.0809,                   0,              0.0441
        75,       154,      1.00,              0.3382,                   0,              0.1691
        75,       155,      1.00,              0.2647,                   0,              0.1764
        75,       156,      1.00,              0.0221,                   0,              0.0221
        75,       157,      1.00,                   0,                   0,              0.0074
        75,       158,      1.00,                   0,                   0,              0.0294
        75,       159,      1.00,                   0,                   0,              0.0074
        75,       160,      1.00,              0.0735,                   0,              0.0368
        75,       161,      1.00,              0.2499,                   0,              0.0809
        75,       162,      1.00,              1.4776,                   0,              0.0735
        75,       163,      1.00,                   0,                   0,              0.0074
        75,       164,      1.00,              0.1544,                   0,              0.0441
        75,       165,      1.00,              0.1176,                   0,              0.0882
        75,       166,      1.00,              0.1397,                   0,              0.1029
        75,       167,      1.00,              0.1470,                   0,              0.0588
        75,       168,      1.00,              0.0735,                   0,              0.0221
        75,       169,      1.00,              0.0294,                   0,              0.0074
        75,       170,      1.00,              0.0588,                   0,              0.0147
        75,       171,      1.00,                   0,                   0,              0.0221
        75,       172,      1.00,              0.2205,                   0,              0.0221
        75,       173,      1.00,              0.0074,                   0,                   0
        75,       174,      1.00,              0.2132,                   0,              0.0074
        75,       175,      1.00,              0.1838,                   0,              0.0147
        75,       176,      1.00,              0.0147,                   0,                   0
        75,       177,      1.00,              0.1103,                   0,              0.0294
        75,       178,      1.00,              0.1029,                   0,              0.0882
        75,       179,      1.00,              0.1544,                   0,              0.0735
        75,       180,      1.00,              0.0294,                   0,              0.0074
        75,       181,      1.00,              0.0882,                   0,              0.0147
        75,       182,      1.00,              0.3382,                   0,              0.0662
        75,       183,      1.00,              0.0735,                   0,              0.0074
        75,       184,      1.00,              0.1176,                   0,              0.0074
        75,       185,      1.00,              0.0956,                   0,              0.0074
        75,       188,      1.00,              0.0074,                   0,              0.0147
        75,       190,      1.00,              0.0074,                   0,                   0
        75,       191,      1.00,                   0,                   0,              0.0147
        75,       192,      1.00,              0.2058,                   0,              0.0294
        75,       195,      1.00,              0.3088,                   0,                   0
        75,       196,      1.00,                   0,                   0,              0.0147
        75,       198,      1.00,                   0,                   0,              0.0074
        75,       199,      1.00,              0.0662,                   0,                   0
        75,       200,      1.00,                   0,                   0,              0.0147
        75,       201,      1.00,                   0,                   0,              0.0074
        75,       202,      1.00,              0.2426,                   0,                   0
        75,       204,      1.00,                   0,                   0,              0.0147
        75,       205,      1.00,                   0,                   0,              0.0221
        75,       207,      1.00,                   0,                   0,              0.0368
        75,       208,      1.00,              2.9038,                   0,              0.0515
        75,       209,      1.00,              8.7262,                   0,              0.2058
        75,       210,      1.00,             11.0860,                   0,              0.1544
        75,       211,      1.00,              0.0074,                   0,              0.0147
        75,       212,      1.00,              0.0221,                   0,              0.0074
        75,       213,      1.00,              0.0221,                   0,              0.0368
        75,       214,      1.00,              0.0074,                   0,              0.0147
        75,       217,      1.00,                   0,                   0,              0.0074
        75,       218,      1.00,                   0,                   0,              0.0147
        75,       219,      1.00,                   0,                   0,              0.0147
        75,       224,      1.00,                   0,                   0,              0.1029
        75,       226,      1.00,              0.0147,                   0,              0.0809
        76,         1,      1.00,              0.6175,                   0,                   0
        76,         3,      1.00,              0.5293,                   0,                   0
        76,         4,      1.00,              0.2279,                   0,                   0
        76,         5,      1.00,                   0,                   0,              0.0074
        76,         6,      1.00,              0.3455,                   0,              0.0074
        76,         7,      1.00,              0.5587,                   0,              0.0074
        76,         8,      1.00,              0.7572,                   0,              0.0074
        76,         9,      1.00,              0.2426,                   0,              0.0074
        76,        11,      1.00,              0.0882,                   0,              0.0074
        76,        12,      1.00,              0.2279,                   0,              0.0074
        76,        13,      1.00,              0.6322,                   0,              0.0074
        76,        14,      1.00,              0.3235,                   0,                   0
        76,        15,      1.00,              1.4115,                   0,              0.0294
        76,        17,      1.00,              0.7204,                   0,              0.0294
        76,        19,      1.00,              0.1617,                   0,              0.0147
        76,        21,      1.00,              0.1103,                   0,              0.0221
        76,        22,      1.00,              0.2058,                   0,                   0
        76,        23,      1.00,              0.0074,                   0,                   0
        76,        24,      1.00,              0.2132,                   0,              0.0074
        76,        25,      1.00,              0.2058,                   0,                   0
        76,        26,      1.00,              0.0074,                   0,                   0
        76,        27,      1.00,              0.3235,                   0,              0.0221
        76,        28,      1.00,              2.2348,                   0,              0.0515
        76,        29,      1.00,              0.8307,                   0,              0.0294
        76,        30,      1.00,              1.4188,                   0,              0.0294
        76,        31,      1.00,              0.8969,                   0,              0.0294
        76,        32,      1.00,              1.5732,                   0,              0.0588
        76,        33,      1.00,              3.6684,                   0,              0.0662
        76,        34,      1.00,              0.2058,                   0,              0.0074
        76,        35,      1.00,              0.6910,                   0,                   0
        76,        36,      1.00,              0.2132,                   0,              0.0147
        76,        37,      1.00,              0.4264,                   0,                   0
        76,        38,      1.00,              0.4264,                   0,                   0
        76,        39,      1.00,              0.4337,                   0,              0.0441
        76,        40,      1.00,              0.4264,                   0,              0.0074
        76,        41,      1.00,              1.1542,                   0,              0.0441
        76,        42,      1.00,              0.1029,                   0,              0.0074
        76,        43,      1.00,              1.1174,                   0,              0.0221
        76,        44,      1.00,              1.3600,                   0,              0.0882
        76,        45,      1.00,              3.6390,                   0,              0.0735
        76,        46,      1.00,              2.8009,                   0,              0.1103
        76,        47,      1.00,              1.3821,                   0,              0.0368
        76,        48,      1.00,                   0,                   0,              0.0074
        76,        49,      1.00,              0.2279,                   0,              0.0294
        76,        50,      1.00,              0.0074,                   0,              0.0662
        76,        51,      1.00,              0.0441,                   0,                   0
        76,        52,      1.00,              2.3966,                   0,              0.0221
        76,        53,      1.00,              0.2058,                   0,                   0
        76,        54,      1.00,              1.5438,                   0,              0.0147
        76,        55,      1.00,              1.6247,                   0,              0.0441
        76,        56,      1.00,              1.4703,                   0,              0.0515
        76,        57,      1.00,              0.0588,                   0,                   0
        76,        58,      1.00,              0.9483,                   0,              0.0515
        76,        59,      1.00,              1.6541,                   0,              0.0294
        76,        60,      1.00,              4.2932,                   0,              0.0441
        76,        61,      1.00,              6.3590,                   0,              0.1176
        76,        62,      1.00,              9.4319,                   0,              0.0956
        76,        63,      1.00,              7.6749,                   0,              0.1176
        76,        64,      1.00,              5.0651,                   0,              0.1470
        76,        65,      1.00,              8.2704,                   0,              0.1470
        76,        66,      1.00,              3.9992,                   0,              0.1470
        76,        67,      1.00,             32.6698,                   0,              0.1838
        76,        68,      1.00,             12.1519,                   0,              0.0809
        76,        69,      1.00,              7.7484,                   0,              0.1544
        76,        70,      1.00,              0.6837,                   0,              0.0221
        76,        71,      1.00,              2.5436,                   0,              0.0441
        76,        72,      1.00,              5.2710,                   0,              0.1103
        76,        73,      1.00,              0.5072,                   0,              0.0735
        76,        74,      1.00,              1.7202,                   0,              0.0294
        76,        75,      1.00,             26.3917,                   0,              0.1838
        76,        76,      1.00,             53.6435,                   0,              0.1029
        76,        77,      1.00,              7.1750,                   0,              0.0882
        76,        78,      1.00,                   0,                   0,              0.0294
        76,        79,      1.00,             16.2835,                   0,              0.1470
        76,        80,      1.00,             12.4092,                   0,              0.0882
        76,        81,      1.00,              1.5365,                   0,              0.0441
        76,        82,      1.00,              0.8675,                   0,              0.0882
        76,        83,      1.00,              5.0651,                   0,              0.2205
        76,        84,      1.00,              2.5510,                   0,              0.1323
        76,        85,      1.00,              3.5949,                   0,              0.1176
        76,        86,      1.00,              2.8230,                   0,              0.1323
        76,        87,      1.00,              0.9336,                   0,              0.0221
        76,        88,      1.00,              0.0074,                   0,              0.0074
        76,        89,      1.00,              0.4117,                   0,              0.0074
        76,        90,      1.00,              0.8381,                   0,              0.0662
        76,        91,      1.00,              0.5072,                   0,              0.0441
        76,        92,      1.00,              1.4556,                   0,              0.1323
        76,        93,      1.00,              0.4190,                   0,              0.0294
        76,        94,      1.00,              0.7351,                   0,              0.0368
        76,        95,      1.00,              1.1689,                   0,              0.1103
        76,        96,      1.00,              0.8234,                   0,                   0
        76,        97,      1.00,              5.5577,                   0,              0.0515
        76,        98,      1.00,              6.0870,                   0,              0.0588
        76,        99,      1.00,              1.5291,                   0,              0.0368
        76,       100,      1.00,              2.8597,                   0,              0.1544
        76,       101,      1.00,              8.0351,                   0,              0.2352
        76,       102,      1.00,              1.5512,                   0,              0.0221
        76,       103,      1.00,             14.4823,                   0,              0.1470
        76,       104,      1.00,              7.6676,                   0,              0.0515
        76,       105,      1.00,              3.1832,                   0,              0.0221
        76,       106,      1.00,              5.8003,                   0,              0.0735
        76,       107,      1.00,              2.2789,                   0,              0.0515
        76,       108,      1.00,              0.0074,                   0,              0.0147
        76,       109,      1.00,              0.6910,                   0,              0.0368
        76,       110,      1.00,              0.3308,                   0,              0.0074
        76,       111,      1.00,                   0,                   0,              0.0074
        76,       112,      1.00,              0.3896,                   0,              0.0294
        76,       114,      1.00,              1.2424,                   0,              0.0515
        76,       116,      1.00,              0.2132,                   0,              0.0294
        76,       117,      1.00,              1.6614,                   0,              0.0735
        76,       118,      1.00,              3.4258,                   0,              0.0588
        76,       119,      1.00,              0.6910,                   0,              0.0735
        76,       120,      1.00,              0.3823,                   0,              0.0735
        76,       121,      1.00,              0.1544,                   0,              0.1103
        76,       122,      1.00,              0.9410,                   0,              0.0368
        76,       123,      1.00,              1.8452,                   0,              0.0294
        76,       124,      1.00,              0.5293,                   0,              0.0368
        76,       125,      1.00,              1.0366,                   0,              0.0294
        76,       126,      1.00,              0.5881,                   0,              0.1470
        76,       127,      1.00,              1.1248,                   0,              0.1985
        76,       128,      1.00,              0.2647,                   0,              0.0735
        76,       129,      1.00,              0.2132,                   0,              0.0441
        76,       130,      1.00,              0.0956,                   0,              0.0221
        76,       131,      1.00,              0.2720,                   0,              0.0074
        76,       132,      1.00,              0.0956,                   0,              0.0221
        76,       133,      1.00,              0.2279,                   0,              0.0074
        76,       134,      1.00,                   0,                   0,              0.0294
        76,       135,      1.00,              0.4190,                   0,              0.0368
        76,       136,      1.00,              0.3308,                   0,              0.0294
        76,       137,      1.00,              0.0956,                   0,              0.0074
        76,       138,      1.00,              0.4190,                   0,              0.0147
        76,       140,      1.00,              0.2132,                   0,              0.0515
        76,       141,      1.00,              0.1838,                   0,              0.0735
        76,       142,      1.00,              0.0074,                   0,              0.0294
        76,       143,      1.00,              0.4705,                   0,              0.0735
        76,       144,      1.00,              0.0662,                   0,              0.0147
        76,       145,      1.00,              0.2132,                   0,              0.0441
        76,       146,      1.00,              0.3088,                   0,              0.0441
        76,       147,      1.00,              0.0735,                   0,              0.0441
        76,       148,      1.00,              0.3529,                   0,              0.0882
        76,       149,      1.00,              0.1176,                   0,              0.0588
        76,       150,      1.00,              0.0809,                   0,              0.0588
        76,       151,      1.00,              0.1250,                   0,              0.1617
        76,       152,      1.00,              0.0515,                   0,              0.0368
        76,       153,      1.00,              0.0515,                   0,              0.0221
        76,       154,      1.00,              0.3749,                   0,              0.1029
        76,       155,      1.00,              0.2794,                   0,              0.1103
        76,       156,      1.00,                   0,                   0,              0.0147
        76,       158,      1.00,                   0,                   0,              0.0221
        76,       160,      1.00,              0.0956,                   0,              0.0074
        76,       161,      1.00,              0.1323,                   0,              0.0368
        76,       162,      1.00,              0.1250,                   0,              0.0294
        76,       164,      1.00,              0.0809,                   0,              0.0147
        76,       165,      1.00,              0.1176,                   0,              0.0588
        76,       166,      1.00,              0.2573,                   0,              0.0588
        76,       167,      1.00,              0.1029,                   0,              0.0368
        76,       168,      1.00,              0.1029,                   0,              0.0147
        76,       169,      1.00,              0.1176,                   0,              0.0074
        76,       170,      1.00,                   0,                   0,              0.0074
        76,       171,      1.00,                   0,                   0,              0.0074
        76,       172,      1.00,              0.0662,                   0,              0.0074
        76,       173,      1.00,              0.1029,                   0,                   0
        76,       174,      1.00,              0.2058,                   0,                   0
        76,       175,      1.00,              0.0074,                   0,              0.0074
        76,       176,      1.00,              0.1029,                   0,                   0
        76,       177,      1.00,                   0,                   0,              0.0147
        76,       178,      1.00,              0.0809,                   0,              0.0515
        76,       179,      1.00,              0.1323,                   0,              0.0515
        76,       180,      1.00,                   0,                   0,              0.0074
        76,       181,      1.00,                   0,                   0,              0.0074
        76,       182,      1.00,              0.1176,                   0,              0.0515
        76,       184,      1.00,              0.2647,                   0,                   0
        76,       188,      1.00,              0.2058,                   0,              0.0074
        76,       191,      1.00,                   0,                   0,              0.0074
        76,       192,      1.00,                   0,                   0,              0.0147
        76,       195,      1.00,              0.0588,                   0,                   0
        76,       196,      1.00,              0.1029,                   0,              0.0074
        76,       200,      1.00,                   0,                   0,              0.0074
        76,       204,      1.00,                   0,                   0,              0.0074
        76,       205,      1.00,                   0,                   0,              0.0074
        76,       207,      1.00,                   0,                   0,              0.0074
        76,       208,      1.00,              1.1027,                   0,              0.0441
        76,       209,      1.00,              2.9626,                   0,              0.1250
        76,       210,      1.00,              4.2197,                   0,              0.0956
        76,       211,      1.00,              0.0074,                   0,                   0
        76,       212,      1.00,              0.2132,                   0,                   0
        76,       213,      1.00,              0.0735,                   0,              0.0074
        76,       218,      1.00,                   0,                   0,              0.0074
        76,       219,      1.00,                   0,                   0,              0.0074
        76,       224,      1.00,                   0,                   0,              0.0662
        76,       226,      1.00,              0.0074,                   0,              0.0515
        77,         3,      1.00,              0.2058,                   0,                   0
        77,         5,      1.00,              0.0147,                   0,                   0
        77,         8,      1.00,              0.4190,                   0,              0.0074
        77,        12,      1.00,              0.2058,                   0,                   0
        77,        13,      1.00,              0.4190,                   0,              0.0074
        77,        14,      1.00,              0.6249,                   0,                   0
        77,        15,      1.00,              1.5070,                   0,              0.0221
        77,        17,      1.00,              0.1029,                   0,              0.0074
        77,        19,      1.00,              0.3308,                   0,              0.0074
        77,        20,      1.00,              0.1911,                   0,                   0
        77,        21,      1.00,              0.2720,                   0,              0.0147
        77,        22,      1.00,              0.5146,                   0,                   0
        77,        23,      1.00,              0.4117,                   0,                   0
        77,        25,      1.00,              0.1029,                   0,                   0
        77,        26,      1.00,                   0,                   0,              0.0074
        77,        27,      1.00,              0.2132,                   0,              0.0368
        77,        28,      1.00,              1.0366,                   0,              0.0294
        77,        29,      1.00,              0.8234,                   0,              0.0147
        77,        30,      1.00,              0.6322,                   0,              0.0294
        77,        31,      1.00,              2.3525,                   0,              0.0294
        77,        32,      1.00,              1.1395,                   0,              0.0147
        77,        33,      1.00,              2.6906,                   0,              0.0441
        77,        34,      1.00,                   0,                   0,              0.0074
        77,        36,      1.00,              0.2132,                   0,              0.0074
        77,        37,      1.00,              0.2132,                   0,                   0
        77,        38,      1.00,              0.2132,                   0,                   0
        77,        39,      1.00,              0.0074,                   0,              0.0294
        77,        40,      1.00,              0.2132,                   0,              0.0147
        77,        41,      1.00,              0.2794,                   0,              0.0221
        77,        43,      1.00,              0.3161,                   0,              0.0294
        77,        44,      1.00,              1.1395,                   0,              0.0515
        77,        45,      1.00,              0.7425,                   0,              0.0588
        77,        46,      1.00,              0.5955,                   0,              0.0735
        77,        47,      1.00,              0.1397,                   0,              0.0221
        77,        48,      1.00,                   0,                   0,              0.0074
        77,        49,      1.00,              0.0147,                   0,              0.0221
        77,        50,      1.00,                   0,                   0,              0.0368
        77,        51,      1.00,              0.0147,                   0,                   0
        77,        52,      1.00,              0.6322,                   0,              0.0147
        77,        54,      1.00,              0.2058,                   0,              0.0074
        77,        55,      1.00,              1.9261,                   0,              0.0294
        77,        56,      1.00,              0.1103,                   0,              0.0368
        77,        57,      1.00,              0.0074,                   0,                   0
        77,        58,      1.00,              0.2794,                   0,              0.0294
        77,        59,      1.00,              0.8895,                   0,              0.0368
        77,        60,      1.00,              1.2056,                   0,              0.0294
        77,        61,      1.00,              3.5140,                   0,              0.0735
        77,        62,      1.00,              5.3077,                   0,              0.0662
        77,        63,      1.00,              7.4838,                   0,              0.0515
        77,        64,      1.00,              6.2267,                   0,              0.0588
        77,        65,      1.00,              3.2052,                   0,              0.0441
        77,        66,      1.00,              1.6320,                   0,              0.0662
        77,        67,      1.00,             14.5706,                   0,              0.1029
        77,        68,      1.00,              8.8144,                   0,              0.0441
        77,        69,      1.00,              1.9702,                   0,              0.0441
        77,        70,      1.00,              1.1321,                   0,              0.0074
        77,        71,      1.00,              0.3161,                   0,              0.0221
        77,        72,      1.00,              2.3892,                   0,              0.0882
        77,        73,      1.00,              0.0147,                   0,              0.0441
        77,        74,      1.00,              0.1103,                   0,              0.0221
        77,        75,      1.00,              4.2344,                   0,              0.1691
        77,        76,      1.00,              8.9835,                   0,              0.0882
        77,        77,      1.00,             23.9069,                   0,              0.0294
        77,        78,      1.00,              0.2058,                   0,              0.0221
        77,        79,      1.00,              8.5865,                   0,              0.0956
        77,        80,      1.00,              2.5657,                   0,              0.0809
        77,        81,      1.00,              0.4411,                   0,              0.0221
        77,        82,      1.00,              0.0074,                   0,              0.0515
        77,        83,      1.00,              1.5879,                   0,              0.1323
        77,        84,      1.00,              0.5220,                   0,              0.0956
        77,        85,      1.00,              0.4337,                   0,              0.0809
        77,        86,      1.00,              0.7351,                   0,              0.1176
        77,        87,      1.00,              0.5146,                   0,              0.0221
        77,        88,      1.00,              0.1029,                   0,              0.0074
        77,        89,      1.00,              0.2058,                   0,              0.0074
        77,        90,      1.00,              0.5808,                   0,              0.0515
        77,        91,      1.00,              0.3161,                   0,              0.0294
        77,        92,      1.00,              0.6249,                   0,              0.0882
        77,        93,      1.00,              0.1029,                   0,              0.0147
        77,        94,      1.00,              0.0074,                   0,              0.0294
        77,        95,      1.00,              0.4852,                   0,              0.0809
        77,        97,      1.00,              6.4693,                   0,              0.0221
        77,        98,      1.00,              5.1901,                   0,              0.0294
        77,        99,      1.00,              1.9187,                   0,              0.0074
        77,       100,      1.00,              3.5066,                   0,              0.1103
        77,       101,      1.00,              7.5279,                   0,              0.0735
        77,       102,      1.00,              1.6467,                   0,              0.0147
        77,       103,      1.00,              6.1752,                   0,              0.0809
        77,       104,      1.00,              1.9187,                   0,              0.0515
        77,       105,      1.00,              2.0658,                   0,              0.0147
        77,       106,      1.00,              1.1468,                   0,              0.0809
        77,       107,      1.00,              2.0658,                   0,              0.0294
        77,       108,      1.00,              0.0074,                   0,              0.0074
        77,       109,      1.00,              0.3823,                   0,              0.0147
        77,       110,      1.00,              0.3088,                   0,              0.0074
        77,       111,      1.00,              0.1029,                   0,              0.0074
        77,       112,      1.00,              0.7940,                   0,              0.0294
        77,       114,      1.00,              1.3086,                   0,              0.0294
        77,       116,      1.00,              0.0074,                   0,              0.0221
        77,       117,      1.00,              1.8673,                   0,              0.0294
        77,       118,      1.00,              2.0658,                   0,              0.0221
        77,       119,      1.00,              0.0074,                   0,              0.0515
        77,       120,      1.00,              0.2132,                   0,              0.0515
        77,       121,      1.00,              0.3161,                   0,              0.0809
        77,       122,      1.00,              0.7498,                   0,              0.0441
        77,       123,      1.00,              0.9924,                   0,              0.0221
        77,       124,      1.00,              0.5220,                   0,              0.0294
        77,       125,      1.00,              0.0074,                   0,              0.0074
        77,       126,      1.00,              0.2279,                   0,              0.1029
        77,       127,      1.00,              0.4484,                   0,              0.1691
        77,       128,      1.00,              0.1176,                   0,              0.0588
        77,       129,      1.00,                   0,                   0,              0.0368
        77,       130,      1.00,              0.0515,                   0,              0.0368
        77,       131,      1.00,                   0,                   0,              0.0221
        77,       132,      1.00,              0.0956,                   0,              0.0368
        77,       133,      1.00,                   0,                   0,              0.0221
        77,       134,      1.00,              0.0662,                   0,              0.0074
        77,       135,      1.00,              0.4190,                   0,              0.0147
        77,       136,      1.00,              0.3602,                   0,              0.0147
        77,       137,      1.00,              0.2279,                   0,              0.0074
        77,       138,      1.00,              0.2132,                   0,              0.0074
        77,       140,      1.00,              0.2720,                   0,              0.0074
        77,       141,      1.00,              0.0588,                   0,              0.0662
        77,       142,      1.00,                   0,                   0,              0.0294
        77,       143,      1.00,              0.1029,                   0,              0.0809
        77,       144,      1.00,              0.0294,                   0,              0.0221
        77,       145,      1.00,              0.0074,                   0,              0.0441
        77,       146,      1.00,              0.2132,                   0,              0.0662
        77,       147,      1.00,              0.0294,                   0,              0.0368
        77,       148,      1.00,              0.0956,                   0,              0.0809
        77,       149,      1.00,              0.0735,                   0,              0.0515
        77,       150,      1.00,                   0,                   0,              0.0515
        77,       151,      1.00,              0.0294,                   0,              0.1176
        77,       152,      1.00,                   0,                   0,              0.0294
        77,       153,      1.00,              0.0735,                   0,              0.0221
        77,       154,      1.00,              0.1176,                   0,              0.0882
        77,       155,      1.00,              0.1103,                   0,              0.0735
        77,       156,      1.00,              0.0221,                   0,              0.0147
        77,       158,      1.00,                   0,                   0,              0.0221
        77,       161,      1.00,              0.0735,                   0,              0.0147
        77,       162,      1.00,              0.3235,                   0,              0.0221
        77,       164,      1.00,              0.0147,                   0,              0.0074
        77,       165,      1.00,              0.0515,                   0,              0.0441
        77,       166,      1.00,              0.0221,                   0,              0.0441
        77,       167,      1.00,              0.0221,                   0,              0.0147
        77,       168,      1.00,                   0,                   0,              0.0074
        77,       169,      1.00,                   0,                   0,              0.0074
        77,       170,      1.00,                   0,                   0,              0.0074
        77,       171,      1.00,                   0,                   0,              0.0074
        77,       172,      1.00,              0.0662,                   0,              0.0074
        77,       174,      1.00,              0.2058,                   0,                   0
        77,       175,      1.00,              0.3088,                   0,              0.0074
        77,       177,      1.00,                   0,                   0,              0.0074
        77,       178,      1.00,              0.0368,                   0,              0.0441
        77,       179,      1.00,              0.0956,                   0,              0.0221
        77,       181,      1.00,              0.4117,                   0,              0.0074
        77,       182,      1.00,              0.0221,                   0,              0.0588
        77,       184,      1.00,              0.2058,                   0,                   0
        77,       188,      1.00,                   0,                   0,              0.0074
        77,       191,      1.00,                   0,                   0,              0.0074
        77,       192,      1.00,                   0,                   0,              0.0074
        77,       195,      1.00,              0.2058,                   0,                   0
        77,       204,      1.00,                   0,                   0,              0.0074
        77,       205,      1.00,                   0,                   0,              0.0074
        77,       207,      1.00,                   0,                   0,              0.0074
        77,       208,      1.00,              0.2132,                   0,              0.0294
        77,       209,      1.00,              0.8454,                   0,              0.0809
        77,       210,      1.00,              0.7204,                   0,              0.0662
        77,       211,      1.00,              0.0074,                   0,                   0
        77,       212,      1.00,              0.0074,                   0,              0.0074
        77,       213,      1.00,              0.1103,                   0,              0.0074
        77,       219,      1.00,                   0,                   0,              0.0074
        77,       224,      1.00,                   0,                   0,              0.0441
        77,       226,      1.00,              0.0074,                   0,              0.0368
        78,        15,      1.00,                   0,                   0,              0.0441
        78,        27,      1.00,                   0,                   0,              0.0074
        78,        28,      1.00,                   0,                   0,              0.0147
        78,        29,      1.00,                   0,                   0,              0.0074
        78,        30,      1.00,              0.1617,                   0,              0.0074
        78,        31,      1.00,                   0,                   0,              0.0147
        78,        32,      1.00,                   0,                   0,              0.0221
        78,        33,      1.00,                   0,                   0,              0.0221
        78,        45,      1.00,              0.2058,                   0,                   0
        78,        46,      1.00,              0.1470,                   0,              0.0074
        78,        50,      1.00,                   0,                   0,              0.0074
        78,        52,      1.00,              0.0588,                   0,                   0
        78,        59,      1.00,                   0,                   0,              0.0147
        78,        60,      1.00,                   0,                   0,              0.0074
        78,        61,      1.00,                   0,                   0,              0.0147
        78,        62,      1.00,                   0,                   0,              0.0221
        78,        63,      1.00,              0.2058,                   0,              0.0074
        78,        64,      1.00,                   0,                   0,              0.0147
        78,        65,      1.00,                   0,                   0,              0.0074
        78,        67,      1.00,                   0,                   0,              0.0074
        78,        71,      1.00,              0.1029,                   0,                   0
        78,        72,      1.00,                   0,                   0,              0.0074
        78,        73,      1.00,                   0,                   0,              0.0147
        78,        75,      1.00,                   0,                   0,              0.0441
        78,        76,      1.00,                   0,                   0,              0.0294
        78,        77,      1.00,                   0,                   0,              0.0221
        78,        78,      1.00,              0.1250,                   0,                   0
        78,        79,      1.00,                   0,                   0,              0.0147
        78,        80,      1.00,                   0,                   0,              0.0147
        78,        82,      1.00,                   0,                   0,              0.0074
        78,        83,      1.00,                   0,                   0,              0.0147
        78,        84,      1.00,              0.2058,                   0,                   0
        78,        85,      1.00,              0.1029,                   0,                   0
        78,        86,      1.00,                   0,                   0,              0.0074
        78,        87,      1.00,              0.0588,                   0,                   0
        78,        92,      1.00,                   0,                   0,              0.0074
        78,        94,      1.00,              0.1029,                   0,                   0
        78,        97,      1.00,                   0,                   0,              0.0221
        78,        98,      1.00,                   0,                   0,              0.0147
        78,        99,      1.00,              0.7204,                   0,              0.0074
        78,       100,      1.00,              3.3743,                   0,              0.0221
        78,       101,      1.00,              0.3676,                   0,              0.0515
        78,       102,      1.00,              0.1029,                   0,              0.0074
        78,       103,      1.00,              0.0662,                   0,                   0
        78,       105,      1.00,                   0,                   0,              0.0074
        78,       107,      1.00,              0.1617,                   0,                   0
        78,       112,      1.00,              0.0588,                   0,                   0
        78,       114,      1.00,              0.6763,                   0,                   0
        78,       115,      1.00,                   0,                   0,              0.0294
        78,       116,      1.00,              0.0588,                   0,                   0
        78,       117,      1.00,              0.5146,                   0,                   0
        78,       121,      1.00,              0.2058,                   0,              0.0074
        78,       122,      1.00,              0.1029,                   0,                   0
        78,       124,      1.00,              0.2058,                   0,              0.0074
        78,       125,      1.00,                   0,                   0,              0.0074
        78,       126,      1.00,              0.0294,                   0,              0.0221
        78,       127,      1.00,              0.0368,                   0,              0.0147
        78,       128,      1.00,              0.0294,                   0,              0.0147
        78,       129,      1.00,                   0,                   0,              0.0074
        78,       135,      1.00,              0.2058,                   0,              0.0074
        78,       136,      1.00,              0.0882,                   0,              0.0147
        78,       137,      1.00,              0.2205,                   0,              0.0074
        78,       138,      1.00,                   0,                   0,              0.0221
        78,       139,      1.00,                   0,                   0,              0.0074
        78,       140,      1.00,                   0,                   0,              0.0368
        78,       141,      1.00,              0.0221,                   0,              0.0368
        78,       142,      1.00,              0.0588,                   0,              0.0221
        78,       143,      1.00,                   0,                   0,              0.0368
        78,       144,      1.00,                   0,                   0,              0.0074
        78,       145,      1.00,                   0,                   0,              0.0221
        78,       146,      1.00,                   0,                   0,              0.0441
        78,       147,      1.00,                   0,                   0,              0.0147
        78,       148,      1.00,              0.2058,                   0,              0.0221
        78,       149,      1.00,                   0,                   0,              0.0147
        78,       150,      1.00,                   0,                   0,              0.0147
        78,       151,      1.00,                   0,                   0,              0.0147
        78,       154,      1.00,                   0,                   0,              0.0074
        78,       155,      1.00,                   0,                   0,              0.0074
        78,       160,      1.00,                   0,                   0,              0.0221
        78,       162,      1.00,              0.0294,                   0,              0.0221
        78,       164,      1.00,              0.2058,                   0,              0.0221
        78,       165,      1.00,                   0,                   0,              0.0074
        78,       166,      1.00,                   0,                   0,              0.0074
        78,       167,      1.00,                   0,                   0,              0.0074
        78,       170,      1.00,                   0,                   0,              0.0074
        78,       174,      1.00,                   0,                   0,              0.0074
        78,       175,      1.00,                   0,                   0,              0.0074
        78,       177,      1.00,                   0,                   0,              0.0147
        78,       179,      1.00,                   0,                   0,              0.0074
        78,       181,      1.00,                   0,                   0,              0.0074
        78,       182,      1.00,                   0,                   0,              0.0147
        78,       184,      1.00,                   0,                   0,              0.0074
        78,       186,      1.00,              0.3088,                   0,                   0
        78,       195,      1.00,                   0,                   0,              0.0074
        78,       209,      1.00,              0.0588,                   0,                   0
        78,       211,      1.00,                   0,                   0,              0.0074
        78,       213,      1.00,              0.2352,                   0,              0.0074
        79,         1,      1.00,              0.2499,                   0,                   0
        79,         5,      1.00,                   0,                   0,              0.0074
        79,         6,      1.00,              0.1470,                   0,              0.0074
        79,         7,      1.00,              0.4337,                   0,              0.0147
        79,         8,      1.00,              0.8969,                   0,              0.0147
        79,         9,      1.00,              0.1029,                   0,              0.0074
        79,        11,      1.00,              0.1176,                   0,              0.0074
        79,        12,      1.00,              0.3455,                   0,              0.0147
        79,        13,      1.00,              0.7351,                   0,              0.0147
        79,        14,      1.00,              0.3308,                   0,              0.0221
        79,        15,      1.00,              2.3451,                   0,              0.1176
        79,        16,      1.00,              0.2058,                   0,                   0
        79,        17,      1.00,              0.6175,                   0,              0.0515
        79,        18,      1.00,              0.5661,                   0,              0.0074
        79,        19,      1.00,              0.2058,                   0,              0.0147
        79,        21,      1.00,              0.7278,                   0,              0.0294
        79,        22,      1.00,              0.2058,                   0,                   0
        79,        23,      1.00,              0.4190,                   0,              0.0147
        79,        24,      1.00,              0.4190,                   0,              0.0147
        79,        26,      1.00,              0.0074,                   0,              0.0147
        79,        27,      1.00,              0.4925,                   0,              0.0809
        79,        28,      1.00,              2.3451,                   0,              0.0515
        79,        29,      1.00,              0.4190,                   0,              0.0221
        79,        30,      1.00,              0.7425,                   0,              0.0515
        79,        31,      1.00,              2.3451,                   0,              0.0515
        79,        32,      1.00,              1.3086,                   0,              0.0294
        79,        33,      1.00,              2.4407,                   0,              0.1176
        79,        34,      1.00,              0.2058,                   0,              0.0221
        79,        35,      1.00,              0.9998,                   0,              0.0074
        79,        36,      1.00,              0.6249,                   0,              0.0221
        79,        37,      1.00,              0.0221,                   0,              0.0147
        79,        38,      1.00,              0.4264,                   0,              0.0074
        79,        39,      1.00,              0.4337,                   0,              0.0588
        79,        40,      1.00,              0.8454,                   0,              0.0147
        79,        41,      1.00,              0.9483,                   0,              0.0588
        79,        42,      1.00,              0.5146,                   0,              0.0147
        79,        43,      1.00,              0.7278,                   0,              0.0735
        79,        44,      1.00,              1.2203,                   0,              0.1103
        79,        45,      1.00,              3.1538,                   0,              0.0882
        79,        46,      1.00,              2.6539,                   0,              0.1691
        79,        47,      1.00,              1.2644,                   0,              0.0588
        79,        48,      1.00,              0.0294,                   0,              0.0147
        79,        49,      1.00,              0.0294,                   0,              0.0368
        79,        50,      1.00,              0.1838,                   0,              0.0662
        79,        51,      1.00,              0.0221,                   0,                   0
        79,        52,      1.00,              1.2350,                   0,              0.0441
        79,        54,      1.00,              0.6249,                   0,              0.0294
        79,        55,      1.00,              1.4262,                   0,              0.1029
        79,        56,      1.00,              1.2792,                   0,              0.0588
        79,        57,      1.00,              0.0515,                   0,                   0
        79,        58,      1.00,              0.4411,                   0,              0.0882
        79,        59,      1.00,              2.2716,                   0,              0.0368
        79,        60,      1.00,              2.8597,                   0,              0.0294
        79,        61,      1.00,              6.3296,                   0,              0.1691
        79,        62,      1.00,              7.7337,                   0,              0.1470
        79,        63,      1.00,              6.9912,                   0,              0.1617
        79,        64,      1.00,              5.7268,                   0,              0.1911
        79,        65,      1.00,              5.5430,                   0,              0.0735
        79,        66,      1.00,              2.5877,                   0,              0.0956
        79,        67,      1.00,             17.3641,                   0,              0.2132
        79,        68,      1.00,              7.5132,                   0,              0.1029
        79,        69,      1.00,              2.5951,                   0,              0.0735
        79,        70,      1.00,              1.5512,                   0,              0.0221
        79,        71,      1.00,              2.5877,                   0,              0.0515
        79,        72,      1.00,              2.7421,                   0,              0.1029
        79,        73,      1.00,              1.0807,                   0,              0.1176
        79,        74,      1.00,              3.1685,                   0,              0.0588
        79,        75,      1.00,             17.9669,                   0,              0.2941
        79,        76,      1.00,             19.1358,                   0,              0.1470
        79,        77,      1.00,             13.3502,                   0,              0.0956
        79,        78,      1.00,                   0,                   0,              0.0147
        79,        79,      1.00,            104.3023,                   0,              0.2794
        79,        80,      1.00,             25.0758,                   0,              0.1838
        79,        81,      1.00,              1.2277,                   0,              0.1397
        79,        82,      1.00,              1.9849,                   0,              0.1617
        79,        83,      1.00,              9.3437,                   0,              0.3014
        79,        84,      1.00,              4.3962,                   0,              0.1397
        79,        85,      1.00,              4.9108,                   0,              0.1176
        79,        86,      1.00,              6.6678,                   0,              0.2205
        79,        87,      1.00,              2.0952,                   0,              0.0368
        79,        88,      1.00,              1.5732,                   0,              0.0441
        79,        89,      1.00,              2.5804,                   0,              0.0368
        79,        90,      1.00,              3.8375,                   0,              0.1985
        79,        91,      1.00,              2.1760,                   0,              0.0441
        79,        92,      1.00,              1.0513,                   0,              0.1544
        79,        93,      1.00,              0.3823,                   0,              0.0368
        79,        94,      1.00,              0.6102,                   0,              0.0441
        79,        95,      1.00,              3.0656,                   0,              0.0735
        79,        96,      1.00,              1.2644,                   0,              0.0588
        79,        97,      1.00,              6.2120,                   0,              0.0735
        79,        98,      1.00,             11.4021,                   0,              0.0956
        79,        99,      1.00,              5.0137,                   0,              0.0515
        79,       100,      1.00,             15.6145,                   0,              0.3088
        79,       101,      1.00,              9.4393,                   0,              0.2941
        79,       102,      1.00,              8.3071,                   0,              0.0588
        79,       103,      1.00,             51.7689,                   0,              0.3749
        79,       104,      1.00,             13.9530,                   0,              0.1397
        79,       105,      1.00,             10.0274,                   0,              0.0956
        79,       106,      1.00,             16.2320,                   0,              0.2279
        79,       107,      1.00,             10.1965,                   0,              0.1323
        79,       108,      1.00,              1.3674,                   0,              0.0294
        79,       109,      1.00,              4.4697,                   0,              0.0809
        79,       110,      1.00,              2.8597,                   0,              0.0368
        79,       111,      1.00,              0.9557,                   0,              0.0294
        79,       112,      1.00,              1.4629,                   0,              0.0368
        79,       114,      1.00,              9.0202,                   0,              0.0515
        79,       116,      1.00,              1.4262,                   0,              0.0735
        79,       117,      1.00,              9.9392,                   0,              0.1103
        79,       118,      1.00,             11.4241,                   0,              0.1323
        79,       119,      1.00,              0.6322,                   0,              0.0882
        79,       120,      1.00,              1.4041,                   0,              0.0662
        79,       121,      1.00,              1.3380,                   0,              0.0956
        79,       122,      1.00,              4.2859,                   0,              0.0956
        79,       123,      1.00,              5.4842,                   0,              0.0735
        79,       124,      1.00,              2.6392,                   0,              0.0809
        79,       125,      1.00,              2.2054,                   0,              0.0588
        79,       126,      1.00,              0.8307,                   0,              0.1250
        79,       127,      1.00,              2.1025,                   0,              0.0882
        79,       128,      1.00,              0.4631,                   0,              0.0294
        79,       129,      1.00,              0.5220,                   0,              0.0294
        79,       130,      1.00,              0.3455,                   0,              0.0147
        79,       131,      1.00,              0.6322,                   0,              0.0221
        79,       132,      1.00,              0.4043,                   0,              0.0221
        79,       133,      1.00,              0.4190,                   0,              0.0221
        79,       134,      1.00,              0.6249,                   0,              0.0441
        79,       135,      1.00,              0.9042,                   0,              0.0588
        79,       136,      1.00,              1.7938,                   0,              0.0588
        79,       137,      1.00,              0.9042,                   0,              0.0221
        79,       138,      1.00,              0.8454,                   0,              0.0368
        79,       139,      1.00,                   0,                   0,              0.0147
        79,       140,      1.00,              0.8601,                   0,              0.0956
        79,       141,      1.00,              0.3823,                   0,              0.0221
        79,       142,      1.00,              0.1764,                   0,              0.0221
        79,       143,      1.00,              0.8969,                   0,              0.0735
        79,       144,      1.00,              0.0588,                   0,              0.0147
        79,       145,      1.00,              0.2205,                   0,              0.0221
        79,       146,      1.00,              1.5659,                   0,              0.0809
        79,       147,      1.00,              0.1470,                   0,              0.0441
        79,       148,      1.00,              0.6028,                   0,              0.0368
        79,       149,      1.00,              0.2132,                   0,              0.0368
        79,       150,      1.00,              0.2794,                   0,              0.0368
        79,       151,      1.00,              0.3308,                   0,              0.0368
        79,       152,      1.00,              0.1103,                   0,              0.0221
        79,       153,      1.00,              0.1470,                   0,              0.0221
        79,       154,      1.00,              0.5734,                   0,              0.0662
        79,       155,      1.00,              0.4999,                   0,              0.0735
        79,       156,      1.00,              0.0809,                   0,              0.0074
        79,       157,      1.00,              0.2132,                   0,              0.0074
        79,       158,      1.00,                   0,                   0,              0.0147
        79,       159,      1.00,              0.2132,                   0,              0.0074
        79,       160,      1.00,              0.3161,                   0,              0.0441
        79,       161,      1.00,              0.2941,                   0,              0.0588
        79,       162,      1.00,              0.8822,                   0,              0.0588
        79,       163,      1.00,              0.0956,                   0,                   0
        79,       164,      1.00,              0.2720,                   0,              0.0368
        79,       165,      1.00,              0.2941,                   0,              0.0368
        79,       166,      1.00,              0.2941,                   0,              0.0662
        79,       167,      1.00,              0.1911,                   0,              0.0368
        79,       168,      1.00,              0.1397,                   0,              0.0147
        79,       169,      1.00,              0.1764,                   0,              0.0074
        79,       170,      1.00,              0.2720,                   0,              0.0221
        79,       171,      1.00,              0.2205,                   0,              0.0074
        79,       172,      1.00,              0.4925,                   0,              0.0221
        79,       174,      1.00,              0.2132,                   0,              0.0074
        79,       175,      1.00,              0.0147,                   0,              0.0147
        79,       177,      1.00,              0.1103,                   0,              0.0147
        79,       178,      1.00,              0.2720,                   0,              0.0294
        79,       179,      1.00,              0.2352,                   0,              0.0368
        79,       180,      1.00,              0.0147,                   0,                   0
        79,       181,      1.00,              0.2132,                   0,              0.0074
        79,       182,      1.00,              0.1176,                   0,              0.0368
        79,       183,      1.00,              0.0074,                   0,              0.0074
        79,       184,      1.00,              0.0662,                   0,              0.0074
        79,       185,      1.00,              0.4117,                   0,              0.0074
        79,       186,      1.00,              0.2132,                   0,              0.0074
        79,       188,      1.00,              0.8307,                   0,              0.0147
        79,       189,      1.00,              0.2058,                   0,                   0
        79,       190,      1.00,              0.1103,                   0,                   0
        79,       191,      1.00,              0.0882,                   0,                   0
        79,       192,      1.00,              0.2058,                   0,              0.0147
        79,       196,      1.00,              0.0662,                   0,              0.0074
        79,       198,      1.00,                   0,                   0,              0.0074
        79,       200,      1.00,                   0,                   0,              0.0074
        79,       201,      1.00,                   0,                   0,              0.0074
        79,       203,      1.00,              0.2058,                   0,                   0
        79,       204,      1.00,                   0,                   0,              0.0074
        79,       205,      1.00,              0.0588,                   0,              0.0074
        79,       207,      1.00,              0.2058,                   0,              0.0147
        79,       208,      1.00,              1.9996,                   0,              0.0515
        79,       209,      1.00,              2.1246,                   0,              0.1691
        79,       210,      1.00,              4.5505,                   0,              0.1691
        79,       211,      1.00,              0.0147,                   0,              0.0074
        79,       212,      1.00,              0.0294,                   0,              0.0147
        79,       213,      1.00,              0.4411,                   0,              0.0221
        79,       214,      1.00,              0.1176,                   0,                   0
        79,       218,      1.00,                   0,                   0,              0.0074
        79,       219,      1.00,                   0,                   0,              0.0074
        79,       224,      1.00,                   0,                   0,              0.0809
        79,       226,      1.00,              0.0074,                   0,              0.0662
        79,       227,      1.00,                   0,                   0,              0.0074
        80,         2,      1.00,              0.2058,                   0,                   0
        80,         5,      1.00,              0.2058,                   0,              0.0074
        80,         6,      1.00,              0.3529,                   0,              0.0074
        80,         7,      1.00,              0.2279,                   0,              0.0074
        80,         8,      1.00,              0.0147,                   0,              0.0147
        80,         9,      1.00,              0.2058,                   0,              0.0074
        80,        11,      1.00,              0.0735,                   0,              0.0074
        80,        12,      1.00,              0.6028,                   0,              0.0147
        80,        13,      1.00,              0.7866,                   0,              0.0147
        80,        14,      1.00,              0.6984,                   0,              0.0074
        80,        15,      1.00,              1.6247,                   0,              0.1250
        80,        17,      1.00,              0.4705,                   0,              0.0147
        80,        18,      1.00,              0.2058,                   0,              0.0074
        80,        19,      1.00,              0.8234,                   0,              0.0074
        80,        21,      1.00,                   0,                   0,              0.0147
        80,        22,      1.00,              0.5146,                   0,                   0
        80,        23,      1.00,              0.4190,                   0,              0.0074
        80,        24,      1.00,              0.6249,                   0,              0.0074
        80,        26,      1.00,              0.2132,                   0,              0.0074
        80,        27,      1.00,              0.6322,                   0,              0.0441
        80,        28,      1.00,              0.9410,                   0,              0.0662
        80,        29,      1.00,              0.6837,                   0,              0.0294
        80,        30,      1.00,              0.0735,                   0,              0.0809
        80,        31,      1.00,              0.2794,                   0,              0.0956
        80,        32,      1.00,              2.5804,                   0,              0.0662
        80,        33,      1.00,              1.4188,                   0,              0.1397
        80,        34,      1.00,              0.8234,                   0,              0.0074
        80,        35,      1.00,              0.8307,                   0,              0.0074
        80,        36,      1.00,              0.7278,                   0,              0.0147
        80,        37,      1.00,              0.0221,                   0,              0.0074
        80,        38,      1.00,              0.0147,                   0,              0.0074
        80,        39,      1.00,              1.1468,                   0,              0.0294
        80,        40,      1.00,              0.4337,                   0,              0.0074
        80,        41,      1.00,              1.1542,                   0,              0.0441
        80,        42,      1.00,              0.4117,                   0,              0.0074
        80,        43,      1.00,              1.3674,                   0,              0.0368
        80,        44,      1.00,              1.7717,                   0,              0.0588
        80,        45,      1.00,              3.8007,                   0,              0.0441
        80,        46,      1.00,              2.6539,                   0,              0.0882
        80,        47,      1.00,              1.6614,                   0,              0.0294
        80,        48,      1.00,                   0,                   0,              0.0074
        80,        49,      1.00,              0.6469,                   0,              0.0221
        80,        50,      1.00,              0.0074,                   0,              0.0515
        80,        51,      1.00,              0.0368,                   0,                   0
        80,        52,      1.00,              1.9408,                   0,              0.0294
        80,        54,      1.00,              0.9557,                   0,              0.0147
        80,        55,      1.00,              1.5879,                   0,              0.0662
        80,        56,      1.00,              1.3747,                   0,              0.0294
        80,        57,      1.00,              0.0515,                   0,                   0
        80,        58,      1.00,              1.2571,                   0,              0.0588
        80,        59,      1.00,              1.0586,                   0,              0.0294
        80,        60,      1.00,              2.3819,                   0,              0.0515
        80,        61,      1.00,              2.9112,                   0,              0.1323
        80,        62,      1.00,              2.8965,                   0,              0.1544
        80,        63,      1.00,              2.3819,                   0,              0.0956
        80,        64,      1.00,              1.0219,                   0,              0.1176
        80,        65,      1.00,              3.7051,                   0,              0.1250
        80,        66,      1.00,              2.3010,                   0,              0.0441
        80,        67,      1.00,              8.1233,                   0,              0.2132
        80,        68,      1.00,              2.4186,                   0,              0.0956
        80,        69,      1.00,              3.6684,                   0,              0.1617
        80,        70,      1.00,              0.8528,                   0,              0.0147
        80,        71,      1.00,              2.2937,                   0,              0.0368
        80,        72,      1.00,              2.4333,                   0,              0.0588
        80,        73,      1.00,              1.1983,                   0,              0.0735
        80,        74,      1.00,              6.1679,                   0,              0.0441
        80,        75,      1.00,             18.2977,                   0,              0.1764
        80,        76,      1.00,             12.4313,                   0,              0.0882
        80,        77,      1.00,              2.4995,                   0,              0.0809
        80,        78,      1.00,                   0,                   0,              0.0147
        80,        79,      1.00,             26.1270,                   0,              0.1838
        80,        80,      1.00,             47.0051,                   0,              0.1250
        80,        81,      1.00,              1.6467,                   0,              0.1103
        80,        82,      1.00,              2.3966,                   0,              0.0882
        80,        83,      1.00,             21.4515,                   0,              0.2279
        80,        84,      1.00,              4.8593,                   0,              0.1176
        80,        85,      1.00,              8.2189,                   0,              0.1029
        80,        86,      1.00,             11.4536,                   0,              0.2132
        80,        87,      1.00,              5.1975,                   0,              0.0588
        80,        88,      1.00,              2.0216,                   0,              0.0294
        80,        89,      1.00,              2.1834,                   0,              0.0368
        80,        90,      1.00,              4.8814,                   0,              0.0588
        80,        91,      1.00,              1.9702,                   0,              0.0368
        80,        92,      1.00,              2.8009,                   0,              0.1323
        80,        93,      1.00,              0.8969,                   0,              0.0294
        80,        94,      1.00,              0.8160,                   0,              0.0368
        80,        95,      1.00,              5.2783,                   0,              0.1029
        80,        96,      1.00,              2.1834,                   0,              0.0147
        80,        97,      1.00,              1.7129,                   0,              0.0588
        80,        98,      1.00,              2.5068,                   0,              0.0735
        80,        99,      1.00,              1.6541,                   0,              0.0441
        80,       100,      1.00,              5.6092,                   0,              0.1911
        80,       101,      1.00,              3.0803,                   0,              0.2205
        80,       102,      1.00,              2.3304,                   0,              0.0294
        80,       103,      1.00,             22.9365,                   0,              0.2058
        80,       104,      1.00,             19.5475,                   0,              0.1103
        80,       105,      1.00,              4.4182,                   0,              0.0368
        80,       106,      1.00,              7.3809,                   0,              0.0809
        80,       107,      1.00,              4.7343,                   0,              0.0735
        80,       108,      1.00,              0.4190,                   0,              0.0147
        80,       109,      1.00,              2.3084,                   0,              0.0515
        80,       110,      1.00,              2.5510,                   0,              0.0294
        80,       111,      1.00,              1.0366,                   0,              0.0221
        80,       112,      1.00,              1.0513,                   0,              0.0221
        80,       113,      1.00,              0.1029,                   0,                   0
        80,       114,      1.00,              5.0284,                   0,              0.0221
        80,       116,      1.00,              0.3823,                   0,              0.0368
        80,       117,      1.00,              4.0359,                   0,              0.0662
        80,       118,      1.00,              6.0502,                   0,              0.0588
        80,       119,      1.00,              1.2497,                   0,              0.0735
        80,       120,      1.00,              1.4262,                   0,              0.0588
        80,       121,      1.00,              2.3157,                   0,              0.0882
        80,       122,      1.00,              4.7564,                   0,              0.0956
        80,       123,      1.00,              3.7272,                   0,              0.0515
        80,       124,      1.00,              0.4411,                   0,              0.0368
        80,       125,      1.00,              0.7425,                   0,              0.0221
        80,       126,      1.00,              1.3380,                   0,              0.1250
        80,       127,      1.00,              2.4774,                   0,              0.1323
        80,       128,      1.00,              0.5661,                   0,              0.0368
        80,       129,      1.00,              0.4190,                   0,              0.0294
        80,       130,      1.00,              0.1617,                   0,              0.0074
        80,       131,      1.00,              0.5293,                   0,              0.0147
        80,       132,      1.00,              0.4043,                   0,              0.0074
        80,       133,      1.00,              0.3676,                   0,              0.0074
        80,       134,      1.00,              0.4411,                   0,              0.0074
        80,       135,      1.00,              0.4190,                   0,              0.0147
        80,       136,      1.00,              0.7057,                   0,              0.0294
        80,       137,      1.00,              0.4043,                   0,              0.0147
        80,       138,      1.00,              0.0074,                   0,              0.0074
        80,       139,      1.00,                   0,                   0,              0.0074
        80,       140,      1.00,              0.7057,                   0,              0.0221
        80,       141,      1.00,              0.5367,                   0,              0.0294
        80,       142,      1.00,              0.3161,                   0,              0.0294
        80,       143,      1.00,              0.6984,                   0,              0.0368
        80,       144,      1.00,              0.0956,                   0,              0.0074
        80,       145,      1.00,              0.1691,                   0,              0.0147
        80,       146,      1.00,              0.7719,                   0,              0.0368
        80,       147,      1.00,              0.1323,                   0,              0.0294
        80,       148,      1.00,              0.6543,                   0,              0.0294
        80,       149,      1.00,              0.2058,                   0,              0.0294
        80,       150,      1.00,              0.2205,                   0,              0.0294
        80,       151,      1.00,              0.3088,                   0,              0.0368
        80,       152,      1.00,              0.0809,                   0,              0.0221
        80,       153,      1.00,              0.0515,                   0,              0.0147
        80,       154,      1.00,              0.7793,                   0,              0.0662
        80,       155,      1.00,              0.5220,                   0,              0.0809
        80,       156,      1.00,              0.0809,                   0,              0.0074
        80,       158,      1.00,                   0,                   0,              0.0221
        80,       159,      1.00,                   0,                   0,              0.0074
        80,       160,      1.00,              0.0515,                   0,              0.0074
        80,       161,      1.00,              0.2941,                   0,              0.0441
        80,       162,      1.00,              0.0221,                   0,              0.0368
        80,       164,      1.00,              0.4337,                   0,              0.0147
        80,       165,      1.00,              0.2941,                   0,              0.0294
        80,       166,      1.00,              0.2941,                   0,              0.0515
        80,       167,      1.00,              0.1544,                   0,              0.0368
        80,       168,      1.00,              0.1250,                   0,              0.0147
        80,       169,      1.00,              0.1250,                   0,              0.0074
        80,       170,      1.00,              0.2132,                   0,              0.0147
        80,       171,      1.00,                   0,                   0,              0.0074
        80,       172,      1.00,              0.5440,                   0,              0.0368
        80,       173,      1.00,              0.0147,                   0,                   0
        80,       174,      1.00,              0.1103,                   0,              0.0074
        80,       175,      1.00,              0.1911,                   0,              0.0147
        80,       176,      1.00,              0.0221,                   0,                   0
        80,       177,      1.00,              0.0294,                   0,              0.0074
        80,       178,      1.00,              0.2352,                   0,              0.0294
        80,       179,      1.00,              0.1544,                   0,              0.0368
        80,       180,      1.00,              0.0735,                   0,                   0
        80,       181,      1.00,              0.0735,                   0,              0.0074
        80,       182,      1.00,              0.1911,                   0,              0.0147
        80,       183,      1.00,              0.0515,                   0,                   0
        80,       184,      1.00,              0.1838,                   0,                   0
        80,       185,      1.00,              0.0221,                   0,              0.0074
        80,       186,      1.00,              0.2058,                   0,                   0
        80,       188,      1.00,              0.2058,                   0,              0.0221
        80,       190,      1.00,              0.2058,                   0,                   0
        80,       191,      1.00,                   0,                   0,              0.0147
        80,       192,      1.00,                   0,                   0,              0.0294
        80,       196,      1.00,                   0,                   0,              0.0074
        80,       199,      1.00,              0.0441,                   0,                   0
        80,       202,      1.00,              0.1617,                   0,                   0
        80,       205,      1.00,              0.2058,                   0,              0.0074
        80,       206,      1.00,                   0,                   0,              0.0074
        80,       207,      1.00,              0.1029,                   0,              0.0368
        80,       208,      1.00,              1.7643,                   0,              0.0221
        80,       209,      1.00,              2.2422,                   0,              0.0809
        80,       210,      1.00,              4.7490,                   0,              0.0882
        80,       211,      1.00,              0.0074,                   0,              0.0074
        80,       212,      1.00,              0.0074,                   0,                   0
        80,       213,      1.00,              0.2205,                   0,              0.0147
        80,       218,      1.00,                   0,                   0,              0.0074
        80,       219,      1.00,                   0,                   0,              0.0074
        80,       224,      1.00,                   0,                   0,              0.0441
        80,       226,      1.00,                   0,                   0,              0.0368
        81,         1,      1.00,              0.0074,                   0,                   0
        81,         2,      1.00,              0.0294,                   0,                   0
        81,         3,      1.00,              0.2279,                   0,                   0
        81,         4,      1.00,              0.0662,                   0,                   0
        81,         5,      1.00,              0.0294,                   0,              0.0074
        81,         6,      1.00,              0.0809,                   0,              0.0074
        81,         7,      1.00,              0.2867,                   0,              0.0074
        81,         8,      1.00,              0.9924,                   0,              0.0074
        81,         9,      1.00,              0.1470,                   0,                   0
        81,        11,      1.00,              0.2058,                   0,                   0
        81,        12,      1.00,              0.4999,                   0,              0.0074
        81,        13,      1.00,              1.9849,                   0,              0.0074
        81,        14,      1.00,              2.0511,                   0,                   0
        81,        15,      1.00,              1.0292,                   0,              0.0147
        81,        17,      1.00,              0.0074,                   0,              0.0074
        81,        19,      1.00,              0.0147,                   0,              0.0074
        81,        20,      1.00,              0.0074,                   0,                   0
        81,        21,      1.00,                   0,                   0,              0.0074
        81,        22,      1.00,              0.2132,                   0,                   0
        81,        23,      1.00,              1.9555,                   0,                   0
        81,        24,      1.00,              1.2571,                   0,              0.0074
        81,        25,      1.00,              0.2941,                   0,                   0
        81,        26,      1.00,              0.2720,                   0,                   0
        81,        27,      1.00,              1.6982,                   0,                   0
        81,        28,      1.00,              1.6173,                   0,              0.0147
        81,        29,      1.00,              0.2647,                   0,                   0
        81,        30,      1.00,              0.3308,                   0,              0.0074
        81,        31,      1.00,              0.5440,                   0,              0.0074
        81,        32,      1.00,              1.4115,                   0,              0.0074
        81,        33,      1.00,              1.6247,                   0,              0.0147
        81,        34,      1.00,              0.2352,                   0,                   0
        81,        35,      1.00,              2.9700,                   0,                   0
        81,        36,      1.00,              2.3966,                   0,              0.0074
        81,        37,      1.00,              2.1540,                   0,              0.0074
        81,        38,      1.00,              1.2130,                   0,                   0
        81,        39,      1.00,              4.1536,                   0,              0.0294
        81,        40,      1.00,              4.3447,                   0,                   0
        81,        41,      1.00,             12.2916,                   0,              0.0735
        81,        42,      1.00,              2.0437,                   0,              0.0074
        81,        43,      1.00,              4.2565,                   0,              0.0074
        81,        44,      1.00,             15.6439,                   0,              0.0809
        81,        45,      1.00,             84.7181,                   0,              0.2352
        81,        46,      1.00,             36.3823,                   0,              0.1911
        81,        47,      1.00,              4.5505,                   0,              0.0662
        81,        48,      1.00,              0.3308,                   0,              0.0074
        81,        49,      1.00,              4.9916,                   0,              0.0294
        81,        50,      1.00,              1.8967,                   0,              0.0368
        81,        51,      1.00,              0.1176,                   0,                   0
        81,        52,      1.00,              5.9988,                   0,              0.0147
        81,        53,      1.00,              0.3529,                   0,                   0
        81,        54,      1.00,              1.4188,                   0,                   0
        81,        55,      1.00,              6.7119,                   0,              0.0221
        81,        56,      1.00,              7.9396,                   0,              0.0294
        81,        57,      1.00,              0.3014,                   0,                   0
        81,        58,      1.00,             17.4817,                   0,              0.0956
        81,        59,      1.00,              1.9481,                   0,              0.0147
        81,        60,      1.00,              2.2642,                   0,              0.0074
        81,        61,      1.00,              2.5730,                   0,              0.0221
        81,        62,      1.00,              2.5362,                   0,              0.0074
        81,        63,      1.00,              1.4335,                   0,              0.0221
        81,        64,      1.00,              2.8303,                   0,              0.0294
        81,        65,      1.00,              3.8816,                   0,              0.0147
        81,        66,      1.00,              3.9477,                   0,              0.0074
        81,        67,      1.00,             12.7180,                   0,              0.0368
        81,        68,      1.00,              3.2273,                   0,              0.0074
        81,        69,      1.00,              3.7933,                   0,              0.0294
        81,        70,      1.00,              2.3598,                   0,              0.0074
        81,        71,      1.00,              3.9330,                   0,              0.0221
        81,        72,      1.00,              1.4188,                   0,              0.0074
        81,        73,      1.00,              3.1097,                   0,              0.0368
        81,        74,      1.00,              2.3672,                   0,              0.0441
        81,        75,      1.00,             11.4609,                   0,              0.1029
        81,        76,      1.00,              3.7639,                   0,              0.0441
        81,        77,      1.00,              1.2718,                   0,              0.0221
        81,        79,      1.00,              2.6980,                   0,              0.1397
        81,        80,      1.00,              5.3739,                   0,              0.1103
        81,        81,      1.00,             21.8338,                   0,              0.1470
        81,        82,      1.00,              9.2628,                   0,              0.1764
        81,        83,      1.00,             23.4952,                   0,              0.4117
        81,        84,      1.00,             34.2724,                   0,              0.1250
        81,        85,      1.00,             40.4624,                   0,              0.1838
        81,        86,      1.00,             14.7838,                   0,              0.1470
        81,        87,      1.00,              1.2203,                   0,              0.0588
        81,        88,      1.00,              0.9263,                   0,              0.0074
        81,        89,      1.00,              0.9483,                   0,              0.0074
        81,        90,      1.00,              7.1677,                   0,              0.1103
        81,        91,      1.00,              7.6382,                   0,              0.0294
        81,        92,      1.00,              7.5867,                   0,              0.1470
        81,        93,      1.00,              3.6316,                   0,              0.0735
        81,        94,      1.00,              4.1389,                   0,              0.0735
        81,        95,      1.00,              7.6529,                   0,              0.1691
        81,        96,      1.00,              0.3896,                   0,              0.0147
        81,        97,      1.00,              0.7719,                   0,              0.0074
        81,        98,      1.00,              0.6396,                   0,              0.0294
        81,        99,      1.00,              0.4852,                   0,              0.0074
        81,       100,      1.00,              1.1101,                   0,              0.0294
        81,       101,      1.00,              2.8671,                   0,              0.0294
        81,       102,      1.00,              0.4264,                   0,              0.0074
        81,       103,      1.00,              2.9406,                   0,              0.1103
        81,       104,      1.00,              2.4774,                   0,              0.0956
        81,       105,      1.00,              0.5808,                   0,              0.0074
        81,       106,      1.00,              1.7496,                   0,              0.0368
        81,       107,      1.00,              1.3527,                   0,              0.0147
        81,       108,      1.00,              0.1838,                   0,                   0
        81,       109,      1.00,              0.4558,                   0,              0.0147
        81,       110,      1.00,              0.3676,                   0,                   0
        81,       111,      1.00,              0.2352,                   0,              0.0074
        81,       112,      1.00,              7.7999,                   0,              0.0147
        81,       114,      1.00,              0.3823,                   0,                   0
        81,       115,      1.00,              0.0147,                   0,              0.0074
        81,       116,      1.00,              0.1323,                   0,              0.0147
        81,       117,      1.00,              1.3012,                   0,              0.0221
        81,       118,      1.00,              3.0582,                   0,              0.0515
        81,       119,      1.00,              3.6757,                   0,              0.1176
        81,       120,      1.00,              5.1313,                   0,              0.0662
        81,       121,      1.00,              4.9255,                   0,              0.0515
        81,       122,      1.00,              2.9332,                   0,              0.0882
        81,       123,      1.00,              2.0878,                   0,              0.0441
        81,       124,      1.00,              1.9481,                   0,              0.0221
        81,       125,      1.00,              0.9998,                   0,              0.0147
        81,       126,      1.00,              1.3380,                   0,              0.0956
        81,       127,      1.00,              4.2197,                   0,              0.1029
        81,       128,      1.00,              0.7572,                   0,              0.0368
        81,       129,      1.00,              0.8160,                   0,              0.0294
        81,       130,      1.00,              0.5293,                   0,              0.0147
        81,       131,      1.00,              1.0586,                   0,              0.0368
        81,       132,      1.00,              0.4558,                   0,              0.0147
        81,       133,      1.00,              0.1617,                   0,              0.0147
        81,       134,      1.00,              0.1323,                   0,              0.0147
        81,       135,      1.00,              0.7646,                   0,              0.0147
        81,       136,      1.00,              0.5293,                   0,              0.0147
        81,       137,      1.00,              0.1764,                   0,              0.0074
        81,       138,      1.00,              0.3970,                   0,              0.0147
        81,       139,      1.00,              0.0441,                   0,              0.0074
        81,       140,      1.00,              0.3308,                   0,              0.0294
        81,       141,      1.00,              0.8454,                   0,              0.0368
        81,       142,      1.00,              1.3380,                   0,              0.0221
        81,       143,      1.00,              1.0513,                   0,              0.0441
        81,       144,      1.00,              0.1323,                   0,              0.0074
        81,       145,      1.00,              0.3235,                   0,              0.0221
        81,       146,      1.00,              0.6396,                   0,              0.0515
        81,       147,      1.00,              0.3896,                   0,              0.0221
        81,       148,      1.00,              0.8381,                   0,              0.0809
        81,       149,      1.00,              0.3161,                   0,              0.0294
        81,       150,      1.00,              0.4117,                   0,              0.0368
        81,       151,      1.00,              0.7940,                   0,              0.0809
        81,       152,      1.00,              0.2647,                   0,              0.0221
        81,       153,      1.00,              0.2132,                   0,              0.0147
        81,       154,      1.00,              1.3600,                   0,              0.0515
        81,       155,      1.00,              0.9777,                   0,              0.0662
        81,       156,      1.00,              0.0735,                   0,              0.0074
        81,       157,      1.00,              0.0294,                   0,                   0
        81,       159,      1.00,              0.0662,                   0,                   0
        81,       160,      1.00,              0.3088,                   0,              0.0074
        81,       161,      1.00,              0.5293,                   0,              0.0294
        81,       162,      1.00,              0.7351,                   0,              0.0221
        81,       163,      1.00,              0.0294,                   0,                   0
        81,       164,      1.00,              0.3970,                   0,              0.0147
        81,       165,      1.00,              0.4411,                   0,              0.0368
        81,       166,      1.00,              0.4190,                   0,              0.0368
        81,       167,      1.00,              0.2205,                   0,              0.0221
        81,       168,      1.00,              0.2573,                   0,              0.0074
        81,       169,      1.00,              0.0956,                   0,                   0
        81,       170,      1.00,              0.1029,                   0,              0.0147
        81,       172,      1.00,              0.1029,                   0,              0.0074
        81,       173,      1.00,              0.0074,                   0,                   0
        81,       174,      1.00,              0.0441,                   0,                   0
        81,       175,      1.00,              0.1029,                   0,                   0
        81,       176,      1.00,              0.0074,                   0,                   0
        81,       177,      1.00,              0.1250,                   0,              0.0147
        81,       178,      1.00,              0.3602,                   0,              0.0294
        81,       179,      1.00,              0.3529,                   0,              0.0294
        81,       180,      1.00,              0.0441,                   0,                   0
        81,       181,      1.00,              0.0735,                   0,              0.0221
        81,       182,      1.00,              0.2647,                   0,              0.0441
        81,       183,      1.00,              0.0294,                   0,                   0
        81,       184,      1.00,              0.0221,                   0,              0.0147
        81,       185,      1.00,              0.0221,                   0,                   0
        81,       186,      1.00,              0.0147,                   0,                   0
        81,       187,      1.00,              0.0074,                   0,                   0
        81,       188,      1.00,              0.0294,                   0,              0.0074
        81,       189,      1.00,              0.0147,                   0,                   0
        81,       190,      1.00,              0.0147,                   0,                   0
        81,       192,      1.00,              0.0294,                   0,                   0
        81,       195,      1.00,              0.0074,                   0,              0.0074
        81,       208,      1.00,              7.2779,                   0,              0.0441
        81,       209,      1.00,             45.4613,                   0,              0.1691
        81,       210,      1.00,             11.3947,                   0,              0.1176
        81,       211,      1.00,              0.1691,                   0,              0.0074
        81,       212,      1.00,              0.3308,                   0,                   0
        81,       213,      1.00,              0.1985,                   0,              0.0074
        81,       214,      1.00,              0.0294,                   0,                   0
        81,       218,      1.00,                   0,                   0,              0.0074
        81,       219,      1.00,                   0,                   0,              0.0074
        81,       224,      1.00,                   0,                   0,              0.0294
        81,       226,      1.00,                   0,                   0,              0.0221
        82,         2,      1.00,              0.0735,                   0,                   0
        82,         3,      1.00,              0.2352,                   0,                   0
        82,         6,      1.00,              0.2132,                   0,              0.0074
        82,         7,      1.00,              0.0588,                   0,              0.0074
        82,         8,      1.00,              0.2058,                   0,              0.0074
        82,         9,      1.00,              0.5220,                   0,              0.0074
        82,        11,      1.00,              0.0294,                   0,                   0
        82,        12,      1.00,              0.2132,                   0,              0.0074
        82,        13,      1.00,              0.4411,                   0,              0.0074
        82,        14,      1.00,              0.2352,                   0,                   0
        82,        15,      1.00,              0.4264,                   0,              0.0221
        82,        17,      1.00,              0.5146,                   0,                   0
        82,        19,      1.00,                   0,                   0,              0.0074
        82,        21,      1.00,              0.2058,                   0,              0.0074
        82,        23,      1.00,              0.4264,                   0,                   0
        82,        24,      1.00,              0.0735,                   0,              0.0074
        82,        26,      1.00,              0.0074,                   0,                   0
        82,        27,      1.00,              0.0147,                   0,              0.0074
        82,        28,      1.00,              0.8381,                   0,              0.0221
        82,        29,      1.00,              0.2132,                   0,                   0
        82,        30,      1.00,              0.0074,                   0,              0.0074
        82,        31,      1.00,              0.4190,                   0,              0.0147
        82,        32,      1.00,              0.8969,                   0,              0.0074
        82,        33,      1.00,              1.0439,                   0,              0.0221
        82,        35,      1.00,              0.2279,                   0,                   0
        82,        36,      1.00,              0.0221,                   0,              0.0074
        82,        37,      1.00,              0.2352,                   0,                   0
        82,        38,      1.00,              0.0147,                   0,                   0
        82,        39,      1.00,              0.2352,                   0,              0.0221
        82,        40,      1.00,              0.6469,                   0,                   0
        82,        41,      1.00,              1.3747,                   0,              0.0221
        82,        42,      1.00,              0.9336,                   0,              0.0074
        82,        43,      1.00,              1.7202,                   0,              0.0074
        82,        44,      1.00,              1.6835,                   0,              0.0441
        82,        45,      1.00,              6.6384,                   0,              0.1617
        82,        46,      1.00,              3.8816,                   0,              0.0956
        82,        47,      1.00,              1.1174,                   0,              0.0221
        82,        48,      1.00,                   0,                   0,              0.0074
        82,        49,      1.00,              0.7572,                   0,              0.0221
        82,        50,      1.00,              0.0074,                   0,              0.0515
        82,        51,      1.00,              0.0294,                   0,                   0
        82,        52,      1.00,              1.3012,                   0,              0.0147
        82,        53,      1.00,              0.2058,                   0,                   0
        82,        54,      1.00,              0.8307,                   0,              0.0074
        82,        55,      1.00,              1.2718,                   0,              0.0294
        82,        56,      1.00,              0.9336,                   0,              0.0221
        82,        57,      1.00,              0.0368,                   0,                   0
        82,        58,      1.00,              2.6759,                   0,              0.0294
        82,        59,      1.00,              0.2794,                   0,              0.0074
        82,        60,      1.00,              0.0147,                   0,              0.0147
        82,        61,      1.00,              0.7425,                   0,              0.0294
        82,        62,      1.00,              0.4264,                   0,              0.0147
        82,        63,      1.00,              1.3527,                   0,              0.0368
        82,        64,      1.00,              0.5367,                   0,              0.0441
        82,        65,      1.00,              1.9334,                   0,              0.0588
        82,        66,      1.00,              1.4556,                   0,              0.0147
        82,        67,      1.00,              3.1170,                   0,              0.0515
        82,        68,      1.00,              0.7204,                   0,              0.0147
        82,        69,      1.00,              0.2279,                   0,              0.0515
        82,        70,      1.00,              0.2132,                   0,              0.0074
        82,        71,      1.00,              1.5585,                   0,              0.0294
        82,        72,      1.00,              0.3161,                   0,              0.0147
        82,        73,      1.00,              0.3455,                   0,              0.0515
        82,        74,      1.00,              2.1760,                   0,              0.0294
        82,        75,      1.00,              4.2565,                   0,              0.1323
        82,        76,      1.00,              1.2571,                   0,              0.0882
        82,        77,      1.00,              0.6249,                   0,              0.0515
        82,        78,      1.00,                   0,                   0,              0.0074
        82,        79,      1.00,              1.6394,                   0,              0.1617
        82,        80,      1.00,              2.0437,                   0,              0.0882
        82,        81,      1.00,              3.8742,                   0,              0.1764
        82,        82,      1.00,              5.4180,                   0,              0.0441
        82,        83,      1.00,             10.6669,                   0,              0.3455
        82,        84,      1.00,              4.8740,                   0,              0.0221
        82,        85,      1.00,              7.8808,                   0,              0.0221
        82,        86,      1.00,              5.1754,                   0,              0.1323
        82,        87,      1.00,              0.2794,                   0,              0.0368
        82,        88,      1.00,              0.7278,                   0,              0.0074
        82,        89,      1.00,              0.5146,                   0,                   0
        82,        90,      1.00,              1.5291,                   0,              0.0147
        82,        91,      1.00,              1.2497,                   0,                   0
        82,        92,      1.00,              1.6761,                   0,              0.0294
        82,        93,      1.00,              1.0439,                   0,                   0
        82,        94,      1.00,              0.8087,                   0,              0.0074
        82,        95,      1.00,              1.2939,                   0,              0.0221
        82,        96,      1.00,              0.6175,                   0,              0.0662
        82,        97,      1.00,              0.3749,                   0,              0.0294
        82,        98,      1.00,              0.1617,                   0,              0.0956
        82,        99,      1.00,              0.7278,                   0,              0.0074
        82,       100,      1.00,              1.4188,                   0,              0.1176
        82,       101,      1.00,              0.8528,                   0,              0.0515
        82,       102,      1.00,              0.1029,                   0,              0.0147
        82,       103,      1.00,              2.6980,                   0,              0.0735
        82,       104,      1.00,              1.9334,                   0,              0.1029
        82,       105,      1.00,              0.6249,                   0,              0.0147
        82,       106,      1.00,              0.8381,                   0,              0.0221
        82,       107,      1.00,              1.4262,                   0,              0.0074
        82,       108,      1.00,              0.0074,                   0,              0.0074
        82,       109,      1.00,              0.6249,                   0,              0.0074
        82,       112,      1.00,              0.5514,                   0,              0.0074
        82,       114,      1.00,              0.2132,                   0,              0.0441
        82,       115,      1.00,                   0,                   0,              0.0074
        82,       116,      1.00,              0.0074,                   0,              0.0221
        82,       117,      1.00,              0.2205,                   0,              0.0221
        82,       118,      1.00,              0.2205,                   0,              0.0147
        82,       119,      1.00,              0.4337,                   0,              0.0368
        82,       120,      1.00,              1.0292,                   0,              0.0074
        82,       121,      1.00,              0.5220,                   0,              0.0147
        82,       122,      1.00,              1.8673,                   0,              0.0147
        82,       123,      1.00,              0.0147,                   0,              0.0294
        82,       124,      1.00,              0.2279,                   0,              0.0074
        82,       125,      1.00,              0.0147,                   0,                   0
        82,       126,      1.00,              0.5440,                   0,              0.0294
        82,       127,      1.00,              0.8601,                   0,              0.0221
        82,       128,      1.00,              0.1397,                   0,              0.0147
        82,       129,      1.00,              0.0074,                   0,              0.0147
        82,       130,      1.00,              0.1029,                   0,              0.0074
        82,       131,      1.00,              0.0074,                   0,                   0
        82,       132,      1.00,              0.0735,                   0,              0.0074
        82,       133,      1.00,              0.0515,                   0,              0.0074
        82,       134,      1.00,              0.1397,                   0,                   0
        82,       135,      1.00,              0.2132,                   0,                   0
        82,       136,      1.00,              0.1764,                   0,              0.0147
        82,       137,      1.00,              0.0441,                   0,              0.0074
        82,       138,      1.00,              0.0074,                   0,                   0
        82,       139,      1.00,              0.0147,                   0,              0.0074
        82,       140,      1.00,              0.0221,                   0,              0.0074
        82,       141,      1.00,              0.1617,                   0,              0.0074
        82,       142,      1.00,              0.3161,                   0,              0.0074
        82,       143,      1.00,              0.0662,                   0,              0.0074
        82,       144,      1.00,              0.0147,                   0,                   0
        82,       145,      1.00,              0.0515,                   0,              0.0074
        82,       146,      1.00,              0.1176,                   0,              0.0147
        82,       147,      1.00,              0.0074,                   0,              0.0074
        82,       148,      1.00,              0.1691,                   0,              0.0074
        82,       149,      1.00,              0.0515,                   0,              0.0074
        82,       150,      1.00,              0.0588,                   0,              0.0147
        82,       151,      1.00,              0.0515,                   0,              0.0368
        82,       152,      1.00,              0.0074,                   0,              0.0147
        82,       153,      1.00,              0.0074,                   0,              0.0074
        82,       154,      1.00,              0.1397,                   0,              0.0294
        82,       155,      1.00,              0.0588,                   0,              0.0441
        82,       158,      1.00,                   0,                   0,              0.0074
        82,       160,      1.00,              0.0368,                   0,                   0
        82,       161,      1.00,              0.1397,                   0,              0.0294
        82,       162,      1.00,              0.2205,                   0,              0.0221
        82,       164,      1.00,              0.0147,                   0,              0.0147
        82,       165,      1.00,              0.0294,                   0,              0.0147
        82,       166,      1.00,              0.0735,                   0,              0.0147
        82,       167,      1.00,              0.0368,                   0,              0.0074
        82,       168,      1.00,              0.0294,                   0,              0.0074
        82,       170,      1.00,                   0,                   0,              0.0147
        82,       171,      1.00,                   0,                   0,              0.0074
        82,       172,      1.00,              0.0074,                   0,              0.0074
        82,       175,      1.00,              0.0074,                   0,                   0
        82,       177,      1.00,                   0,                   0,              0.0074
        82,       178,      1.00,              0.0294,                   0,              0.0147
        82,       179,      1.00,              0.0662,                   0,              0.0147
        82,       180,      1.00,              0.0221,                   0,                   0
        82,       181,      1.00,              0.0147,                   0,                   0
        82,       182,      1.00,              0.0956,                   0,              0.0074
        82,       183,      1.00,              0.0147,                   0,                   0
        82,       185,      1.00,              0.0074,                   0,                   0
        82,       188,      1.00,                   0,                   0,              0.0074
        82,       191,      1.00,                   0,                   0,              0.0074
        82,       195,      1.00,              0.2058,                   0,                   0
        82,       208,      1.00,              0.8454,                   0,              0.0221
        82,       209,      1.00,              2.7274,                   0,              0.0735
        82,       210,      1.00,              2.6612,                   0,              0.0662
        82,       212,      1.00,              0.0074,                   0,                   0
        82,       213,      1.00,              0.0074,                   0,              0.0147
        82,       218,      1.00,                   0,                   0,              0.0074
        82,       219,      1.00,                   0,                   0,              0.0074
        82,       224,      1.00,                   0,                   0,              0.0294
        82,       226,      1.00,                   0,                   0,              0.0294
        83,         1,      1.00,              0.0515,                   0,              0.0074
        83,         2,      1.00,                   0,                   0,              0.0074
        83,         5,      1.00,              0.8307,                   0,              0.0147
        83,         6,      1.00,              0.7940,                   0,              0.0147
        83,         7,      1.00,              1.0733,                   0,              0.0221
        83,         8,      1.00,              1.3600,                   0,              0.0294
        83,         9,      1.00,              1.2865,                   0,              0.0147
        83,        11,      1.00,              0.1029,                   0,              0.0074
        83,        12,      1.00,              0.5734,                   0,              0.0221
        83,        13,      1.00,              0.9042,                   0,              0.0294
        83,        14,      1.00,              1.1983,                   0,              0.0368
        83,        15,      1.00,              2.2348,                   0,              0.0882
        83,        16,      1.00,              0.0588,                   0,              0.0074
        83,        17,      1.00,              0.6763,                   0,              0.0221
        83,        18,      1.00,              0.4631,                   0,              0.0074
        83,        19,      1.00,              0.3308,                   0,              0.0147
        83,        21,      1.00,              0.7425,                   0,              0.0294
        83,        22,      1.00,              0.5146,                   0,                   0
        83,        23,      1.00,              2.4039,                   0,              0.0221
        83,        24,      1.00,              0.3382,                   0,              0.0294
        83,        25,      1.00,              0.1103,                   0,                   0
        83,        26,      1.00,              0.5220,                   0,                   0
        83,        27,      1.00,              1.1689,                   0,              0.0221
        83,        28,      1.00,              3.2199,                   0,              0.0588
        83,        29,      1.00,              0.6249,                   0,              0.0074
        83,        30,      1.00,              0.4558,                   0,              0.0441
        83,        31,      1.00,              0.2279,                   0,              0.0515
        83,        32,      1.00,              2.5951,                   0,              0.0515
        83,        33,      1.00,              2.2348,                   0,              0.0956
        83,        34,      1.00,              0.2132,                   0,              0.0147
        83,        35,      1.00,              2.1025,                   0,              0.0074
        83,        36,      1.00,              1.0733,                   0,              0.0368
        83,        37,      1.00,              0.5881,                   0,              0.0221
        83,        38,      1.00,              0.5514,                   0,              0.0147
        83,        39,      1.00,              1.5144,                   0,              0.0956
        83,        40,      1.00,              0.8601,                   0,              0.0147
        83,        41,      1.00,              2.5215,                   0,              0.1103
        83,        42,      1.00,              0.9998,                   0,              0.0221
        83,        43,      1.00,              3.0141,                   0,              0.0588
        83,        44,      1.00,              3.2567,                   0,              0.1691
        83,        45,      1.00,             13.7251,                   0,              0.1764
        83,        46,      1.00,              7.3956,                   0,              0.2720
        83,        47,      1.00,              3.6022,                   0,              0.1103
        83,        48,      1.00,              0.0221,                   0,              0.0221
        83,        49,      1.00,              1.3821,                   0,              0.0882
        83,        50,      1.00,              0.1103,                   0,              0.1103
        83,        51,      1.00,              0.0588,                   0,                   0
        83,        52,      1.00,              3.0214,                   0,              0.0735
        83,        53,      1.00,              0.2058,                   0,              0.0074
        83,        54,      1.00,              1.2497,                   0,              0.0221
        83,        55,      1.00,              4.4697,                   0,              0.0956
        83,        56,      1.00,              3.3376,                   0,              0.1029
        83,        57,      1.00,              0.1250,                   0,              0.0074
        83,        58,      1.00,              6.2634,                   0,              0.1397
        83,        59,      1.00,              2.3892,                   0,              0.0588
        83,        60,      1.00,              2.6024,                   0,              0.0441
        83,        61,      1.00,              3.6757,                   0,              0.1103
        83,        62,      1.00,              2.9847,                   0,              0.0515
        83,        63,      1.00,              1.9922,                   0,              0.1103
        83,        64,      1.00,              1.9114,                   0,              0.1323
        83,        65,      1.00,              5.9547,                   0,              0.1029
        83,        66,      1.00,              5.4033,                   0,              0.0441
        83,        67,      1.00,              8.7850,                   0,              0.1838
        83,        68,      1.00,              2.6612,                   0,              0.0515
        83,        69,      1.00,              2.8891,                   0,              0.1470
        83,        70,      1.00,              2.9185,                   0,              0.0221
        83,        71,      1.00,              2.8156,                   0,              0.0809
        83,        72,      1.00,              2.3010,                   0,              0.0588
        83,        73,      1.00,              2.7715,                   0,              0.1470
        83,        74,      1.00,             11.4168,                   0,              0.0882
        83,        75,      1.00,             12.4681,                   0,              0.3970
        83,        76,      1.00,              6.2193,                   0,              0.2205
        83,        77,      1.00,              1.9555,                   0,              0.1323
        83,        78,      1.00,                   0,                   0,              0.0147
        83,        79,      1.00,             12.4239,                   0,              0.3014
        83,        80,      1.00,             26.7299,                   0,              0.2279
        83,        81,      1.00,             11.4830,                   0,              0.4117
        83,        82,      1.00,             11.2624,                   0,              0.3455
        83,        83,      1.00,             81.7187,                   0,              0.5146
        83,        84,      1.00,             27.5312,                   0,              0.3014
        83,        85,      1.00,             44.9688,                   0,              0.3014
        83,        86,      1.00,             42.6604,                   0,              0.3602
        83,        87,      1.00,             11.9829,                   0,              0.1103
        83,        88,      1.00,              3.0656,                   0,              0.0368
        83,        89,      1.00,              3.3082,                   0,              0.0221
        83,        90,      1.00,             12.2843,                   0,              0.1838
        83,        91,      1.00,              6.3590,                   0,              0.0956
        83,        92,      1.00,              9.4834,                   0,              0.3088
        83,        93,      1.00,              1.9702,                   0,              0.0735
        83,        94,      1.00,              5.3004,                   0,              0.1103
        83,        95,      1.00,              9.6745,                   0,              0.3014
        83,        96,      1.00,              1.5512,                   0,              0.1691
        83,        97,      1.00,              1.3821,                   0,              0.0809
        83,        98,      1.00,              2.6612,                   0,              0.1617
        83,        99,      1.00,              1.1615,                   0,              0.0368
        83,       100,      1.00,              4.0212,                   0,              0.3676
        83,       101,      1.00,              3.9404,                   0,              0.1617
        83,       102,      1.00,              0.8381,                   0,              0.0368
        83,       103,      1.00,             14.2912,                   0,              0.2573
        83,       104,      1.00,             18.8785,                   0,              0.3088
        83,       105,      1.00,              4.1609,                   0,              0.0441
        83,       106,      1.00,              6.5281,                   0,              0.0956
        83,       107,      1.00,              3.6390,                   0,              0.0882
        83,       108,      1.00,              0.6322,                   0,              0.0294
        83,       109,      1.00,              1.0145,                   0,              0.0662
        83,       110,      1.00,              1.6541,                   0,              0.0221
        83,       111,      1.00,              0.3823,                   0,              0.0147
        83,       112,      1.00,              3.1317,                   0,              0.0515
        83,       113,      1.00,              0.2058,                   0,                   0
        83,       114,      1.00,              2.8524,                   0,              0.0735
        83,       115,      1.00,                   0,                   0,              0.0221
        83,       116,      1.00,              0.0221,                   0,              0.0662
        83,       117,      1.00,              4.0653,                   0,              0.1103
        83,       118,      1.00,              5.6239,                   0,              0.1323
        83,       119,      1.00,              4.4550,                   0,              0.1985
        83,       120,      1.00,              4.9034,                   0,              0.1470
        83,       121,      1.00,              4.1903,                   0,              0.2132
        83,       122,      1.00,              7.0794,                   0,              0.1985
        83,       123,      1.00,              3.2640,                   0,              0.1838
        83,       124,      1.00,              1.6173,                   0,              0.0956
        83,       125,      1.00,              0.2573,                   0,              0.0515
        83,       126,      1.00,              2.2716,                   0,              0.2720
        83,       127,      1.00,              4.7343,                   0,              0.3823
        83,       128,      1.00,              0.7940,                   0,              0.1250
        83,       129,      1.00,              0.7057,                   0,              0.1029
        83,       130,      1.00,              0.3676,                   0,              0.0515
        83,       131,      1.00,              0.8601,                   0,              0.0441
        83,       132,      1.00,              0.6984,                   0,              0.0515
        83,       133,      1.00,              0.2794,                   0,              0.0441
        83,       134,      1.00,              0.2647,                   0,              0.0294
        83,       135,      1.00,              0.5955,                   0,              0.0368
        83,       136,      1.00,              0.4925,                   0,              0.0662
        83,       137,      1.00,              0.1250,                   0,              0.0294
        83,       138,      1.00,              0.4264,                   0,              0.0368
        83,       139,      1.00,              0.0074,                   0,              0.0221
        83,       140,      1.00,              0.5734,                   0,              0.0882
        83,       141,      1.00,              0.5146,                   0,              0.1250
        83,       142,      1.00,              1.2865,                   0,              0.0735
        83,       143,      1.00,              0.8969,                   0,              0.1250
        83,       144,      1.00,              0.0956,                   0,              0.0221
        83,       145,      1.00,              0.4043,                   0,              0.0588
        83,       146,      1.00,              0.7793,                   0,              0.1323
        83,       147,      1.00,              0.1838,                   0,              0.0662
        83,       148,      1.00,              0.6175,                   0,              0.1323
        83,       149,      1.00,              0.2941,                   0,              0.0882
        83,       150,      1.00,              0.2279,                   0,              0.1029
        83,       151,      1.00,              0.3308,                   0,              0.2205
        83,       152,      1.00,              0.0515,                   0,              0.0662
        83,       153,      1.00,              0.0956,                   0,              0.0515
        83,       154,      1.00,              0.6249,                   0,              0.2205
        83,       155,      1.00,              0.3749,                   0,              0.2279
        83,       156,      1.00,              0.1103,                   0,              0.0294
        83,       157,      1.00,              0.0074,                   0,              0.0074
        83,       158,      1.00,                   0,                   0,              0.0221
        83,       159,      1.00,              0.0074,                   0,              0.0074
        83,       160,      1.00,              0.1544,                   0,              0.0294
        83,       161,      1.00,              0.4852,                   0,              0.1029
        83,       162,      1.00,              1.1321,                   0,              0.0809
        83,       163,      1.00,              0.0074,                   0,                   0
        83,       164,      1.00,              0.1544,                   0,              0.0441
        83,       165,      1.00,              0.1691,                   0,              0.1103
        83,       166,      1.00,              0.4411,                   0,              0.1176
        83,       167,      1.00,              0.3455,                   0,              0.0662
        83,       168,      1.00,              0.2352,                   0,              0.0294
        83,       169,      1.00,              0.1176,                   0,              0.0147
        83,       170,      1.00,              0.1617,                   0,              0.0735
        83,       171,      1.00,                   0,                   0,              0.0074
        83,       172,      1.00,              0.5293,                   0,              0.0368
        83,       173,      1.00,              0.0074,                   0,                   0
        83,       174,      1.00,              0.4190,                   0,              0.0074
        83,       175,      1.00,              0.1029,                   0,              0.0147
        83,       176,      1.00,              0.0147,                   0,                   0
        83,       177,      1.00,              0.0588,                   0,              0.0294
        83,       178,      1.00,              0.4190,                   0,              0.1029
        83,       179,      1.00,              0.1617,                   0,              0.0882
        83,       180,      1.00,              0.0294,                   0,              0.0074
        83,       181,      1.00,              0.0735,                   0,              0.0294
        83,       182,      1.00,              0.1470,                   0,              0.0662
        83,       183,      1.00,              0.0515,                   0,              0.0074
        83,       184,      1.00,              0.1470,                   0,                   0
        83,       185,      1.00,              0.0515,                   0,                   0
        83,       187,      1.00,              0.1617,                   0,                   0
        83,       188,      1.00,              0.2132,                   0,              0.0147
        83,       190,      1.00,              0.0074,                   0,                   0
        83,       191,      1.00,                   0,                   0,              0.0074
        83,       192,      1.00,              0.2058,                   0,              0.0147
        83,       196,      1.00,              0.2058,                   0,              0.0074
        83,       197,      1.00,              0.2058,                   0,                   0
        83,       198,      1.00,                   0,                   0,              0.0074
        83,       201,      1.00,                   0,                   0,              0.0074
        83,       204,      1.00,                   0,                   0,              0.0074
        83,       207,      1.00,                   0,                   0,              0.0074
        83,       208,      1.00,              5.6092,                   0,              0.0882
        83,       209,      1.00,              9.1820,                   0,              0.2794
        83,       210,      1.00,             11.6079,                   0,              0.2573
        83,       211,      1.00,              0.0147,                   0,              0.0147
        83,       212,      1.00,              0.2279,                   0,              0.0074
        83,       213,      1.00,              0.0735,                   0,              0.0368
        83,       214,      1.00,              0.0074,                   0,                   0
        83,       217,      1.00,                   0,                   0,              0.0074
        83,       218,      1.00,                   0,                   0,              0.0147
        83,       219,      1.00,                   0,                   0,              0.0221
        83,       224,      1.00,                   0,                   0,              0.0809
        83,       226,      1.00,              0.0074,                   0,              0.0662
        83,       228,      1.00,                   0,                   0,              0.0074
        84,         2,      1.00,                   0,                   0,              0.0074
        84,         4,      1.00,              0.2720,                   0,                   0
        84,         5,      1.00,              0.0662,                   0,              0.0074
        84,         6,      1.00,              1.1689,                   0,              0.0074
        84,         7,      1.00,              0.9777,                   0,              0.0147
        84,         8,      1.00,              0.5881,                   0,              0.0221
        84,         9,      1.00,              0.3749,                   0,              0.0074
        84,        11,      1.00,              0.1985,                   0,              0.0074
        84,        12,      1.00,              0.8528,                   0,              0.0147
        84,        13,      1.00,              0.6543,                   0,              0.0294
        84,        14,      1.00,              1.5585,                   0,              0.0074
        84,        15,      1.00,              2.7788,                   0,              0.0515
        84,        16,      1.00,              0.2058,                   0,                   0
        84,        17,      1.00,              1.2277,                   0,              0.0074
        84,        18,      1.00,                   0,                   0,              0.0074
        84,        19,      1.00,                   0,                   0,              0.0074
        84,        20,      1.00,              0.0588,                   0,                   0
        84,        21,      1.00,              0.3529,                   0,              0.0147
        84,        22,      1.00,              0.1470,                   0,                   0
        84,        23,      1.00,              1.0292,                   0,              0.0074
        84,        24,      1.00,              0.2205,                   0,              0.0074
        84,        26,      1.00,              0.3088,                   0,                   0
        84,        27,      1.00,              0.1617,                   0,              0.0074
        84,        28,      1.00,              0.9630,                   0,              0.0588
        84,        29,      1.00,              0.3529,                   0,              0.0074
        84,        30,      1.00,              0.5220,                   0,              0.0221
        84,        31,      1.00,              0.8087,                   0,              0.0294
        84,        32,      1.00,              1.3306,                   0,              0.0515
        84,        33,      1.00,              1.2939,                   0,              0.0515
        84,        34,      1.00,                   0,                   0,              0.0074
        84,        35,      1.00,              1.1468,                   0,              0.0074
        84,        36,      1.00,              0.3161,                   0,              0.0368
        84,        37,      1.00,              0.0441,                   0,              0.0074
        84,        38,      1.00,              0.3088,                   0,              0.0074
        84,        39,      1.00,              0.9630,                   0,              0.0662
        84,        40,      1.00,              0.5587,                   0,              0.0147
        84,        41,      1.00,              2.8524,                   0,              0.0735
        84,        42,      1.00,              1.3086,                   0,              0.0147
        84,        43,      1.00,              0.5734,                   0,              0.0368
        84,        44,      1.00,              2.5951,                   0,              0.1323
        84,        45,      1.00,             19.0697,                   0,              0.1911
        84,        46,      1.00,              7.7705,                   0,              0.4043
        84,        47,      1.00,              0.6690,                   0,              0.0441
        84,        48,      1.00,              0.0294,                   0,              0.0294
        84,        49,      1.00,              0.8087,                   0,              0.0735
        84,        50,      1.00,              0.1838,                   0,              0.1617
        84,        51,      1.00,              0.0147,                   0,                   0
        84,        52,      1.00,              0.8013,                   0,              0.0441
        84,        53,      1.00,                   0,                   0,              0.0074
        84,        54,      1.00,              0.2941,                   0,              0.0074
        84,        55,      1.00,              1.9481,                   0,              0.0515
        84,        56,      1.00,              1.7129,                   0,              0.0735
        84,        57,      1.00,              0.0662,                   0,                   0
        84,        58,      1.00,              4.0506,                   0,              0.0809
        84,        59,      1.00,              1.6761,                   0,              0.0515
        84,        60,      1.00,              1.0439,                   0,              0.0221
        84,        61,      1.00,              1.6100,                   0,              0.0662
        84,        62,      1.00,              1.5659,                   0,              0.0368
        84,        63,      1.00,              1.5806,                   0,              0.0809
        84,        64,      1.00,              0.3749,                   0,              0.1029
        84,        65,      1.00,              1.8305,                   0,              0.0221
        84,        66,      1.00,              1.8305,                   0,              0.0221
        84,        67,      1.00,              2.3084,                   0,              0.1250
        84,        68,      1.00,              0.9851,                   0,              0.0368
        84,        69,      1.00,              1.0733,                   0,              0.0882
        84,        70,      1.00,              0.5661,                   0,              0.0147
        84,        71,      1.00,              1.3380,                   0,              0.0588
        84,        72,      1.00,              1.2350,                   0,              0.0368
        84,        73,      1.00,              0.1397,                   0,              0.0588
        84,        74,      1.00,              2.1687,                   0,              0.0441
        84,        75,      1.00,              3.9918,                   0,              0.1838
        84,        76,      1.00,              0.8528,                   0,              0.1323
        84,        77,      1.00,              0.9189,                   0,              0.0956
        84,        78,      1.00,              0.4117,                   0,                   0
        84,        79,      1.00,              5.9179,                   0,              0.1397
        84,        80,      1.00,              5.7562,                   0,              0.1176
        84,        81,      1.00,             14.2471,                   0,              0.1250
        84,        82,      1.00,              3.2567,                   0,              0.0221
        84,        83,      1.00,             20.4223,                   0,              0.3014
        84,        84,      1.00,            197.2025,                   0,              0.8822
        84,        85,      1.00,             72.0074,                   0,              0.6690
        84,        86,      1.00,             18.6653,                   0,              0.3161
        84,        87,      1.00,              1.1321,                   0,              0.0368
        84,        88,      1.00,              2.7127,                   0,              0.0294
        84,        89,      1.00,              4.8667,                   0,              0.0515
        84,        90,      1.00,             14.6588,                   0,              0.2426
        84,        91,      1.00,             26.8328,                   0,              0.2499
        84,        92,      1.00,             69.7579,                   0,              0.9410
        84,        93,      1.00,             17.8126,                   0,              0.1323
        84,        94,      1.00,              5.3666,                   0,              0.1691
        84,        95,      1.00,             17.1142,                   0,              0.4043
        84,        96,      1.00,              1.3821,                   0,              0.0441
        84,        97,      1.00,              0.5587,                   0,              0.0294
        84,        98,      1.00,              0.8381,                   0,              0.0515
        84,        99,      1.00,              0.4778,                   0,              0.0147
        84,       100,      1.00,              1.3600,                   0,              0.1544
        84,       101,      1.00,              1.2939,                   0,              0.1103
        84,       102,      1.00,              0.7646,                   0,              0.0294
        84,       103,      1.00,              6.7707,                   0,              0.2573
        84,       104,      1.00,              7.6014,                   0,              0.1397
        84,       105,      1.00,              1.9922,                   0,              0.0662
        84,       106,      1.00,              3.2567,                   0,              0.1323
        84,       107,      1.00,              3.1317,                   0,              0.0882
        84,       108,      1.00,              0.0735,                   0,              0.0221
        84,       109,      1.00,              1.2424,                   0,              0.0588
        84,       110,      1.00,              0.9557,                   0,              0.0221
        84,       111,      1.00,              1.2203,                   0,              0.0221
        84,       112,      1.00,              0.6984,                   0,              0.0368
        84,       114,      1.00,              1.4923,                   0,              0.2058
        84,       115,      1.00,                   0,                   0,              0.0515
        84,       116,      1.00,              0.0735,                   0,              0.0588
        84,       117,      1.00,              2.8891,                   0,              0.1250
        84,       118,      1.00,              5.4621,                   0,              0.2132
        84,       119,      1.00,             32.2581,                   0,              0.6028
        84,       120,      1.00,             20.7237,                   0,              0.2647
        84,       121,      1.00,             13.1885,                   0,              0.3382
        84,       122,      1.00,              6.8221,                   0,              0.2205
        84,       123,      1.00,              3.7419,                   0,              0.2279
        84,       124,      1.00,              0.6837,                   0,              0.1397
        84,       125,      1.00,              0.7646,                   0,              0.0735
        84,       126,      1.00,             16.7172,                   0,              0.8160
        84,       127,      1.00,             11.2404,                   0,              0.6396
        84,       128,      1.00,              1.6247,                   0,              0.1838
        84,       129,      1.00,              1.4188,                   0,              0.1691
        84,       130,      1.00,              0.8601,                   0,              0.0882
        84,       131,      1.00,              0.5514,                   0,              0.0735
        84,       132,      1.00,              0.6102,                   0,              0.0809
        84,       133,      1.00,              0.5808,                   0,              0.0735
        84,       134,      1.00,              0.4778,                   0,              0.0588
        84,       135,      1.00,              0.7351,                   0,              0.0735
        84,       136,      1.00,              0.4705,                   0,              0.0882
        84,       137,      1.00,              0.3235,                   0,              0.0294
        84,       138,      1.00,              0.2205,                   0,              0.0662
        84,       139,      1.00,              0.0515,                   0,              0.0294
        84,       140,      1.00,              0.6322,                   0,              0.1470
        84,       141,      1.00,              1.4041,                   0,              0.1691
        84,       142,      1.00,              4.3521,                   0,              0.2426
        84,       143,      1.00,              1.5070,                   0,              0.1911
        84,       144,      1.00,              0.1985,                   0,              0.0368
        84,       145,      1.00,              0.3749,                   0,              0.0956
        84,       146,      1.00,              1.1248,                   0,              0.2426
        84,       147,      1.00,              0.2499,                   0,              0.1103
        84,       148,      1.00,              1.2718,                   0,              0.2058
        84,       149,      1.00,              0.3382,                   0,              0.1323
        84,       150,      1.00,              0.6028,                   0,              0.1397
        84,       151,      1.00,              0.6469,                   0,              0.3896
        84,       152,      1.00,              0.3088,                   0,              0.0956
        84,       153,      1.00,              0.2867,                   0,              0.0735
        84,       154,      1.00,              2.4260,                   0,              0.4190
        84,       155,      1.00,              0.7351,                   0,              0.3529
        84,       156,      1.00,              0.0735,                   0,              0.0441
        84,       157,      1.00,              0.1397,                   0,              0.0221
        84,       158,      1.00,                   0,                   0,              0.0221
        84,       159,      1.00,              0.0074,                   0,              0.0147
        84,       160,      1.00,              0.2426,                   0,              0.0588
        84,       161,      1.00,              1.0439,                   0,              0.1323
        84,       162,      1.00,              0.5367,                   0,              0.1029
        84,       164,      1.00,              0.5881,                   0,              0.0735
        84,       165,      1.00,              0.4925,                   0,              0.1617
        84,       166,      1.00,              0.4852,                   0,              0.1617
        84,       167,      1.00,              0.3676,                   0,              0.0956
        84,       168,      1.00,              0.1470,                   0,              0.0515
        84,       169,      1.00,              0.0809,                   0,              0.0294
        84,       170,      1.00,              0.2647,                   0,              0.1544
        84,       171,      1.00,                   0,                   0,              0.0221
        84,       172,      1.00,              0.4264,                   0,              0.1470
        84,       173,      1.00,              0.0441,                   0,                   0
        84,       174,      1.00,              0.2720,                   0,              0.0588
        84,       175,      1.00,              0.1397,                   0,              0.0809
        84,       176,      1.00,              0.0294,                   0,                   0
        84,       177,      1.00,              0.2573,                   0,              0.0809
        84,       178,      1.00,              0.5146,                   0,              0.1470
        84,       179,      1.00,              0.5808,                   0,              0.1397
        84,       180,      1.00,              0.0662,                   0,              0.0147
        84,       181,      1.00,              0.2058,                   0,              0.0735
        84,       182,      1.00,              0.4999,                   0,              0.1029
        84,       183,      1.00,              0.0735,                   0,              0.0074
        84,       184,      1.00,              0.0809,                   0,              0.0147
        84,       185,      1.00,              0.2058,                   0,              0.0074
        84,       186,      1.00,              0.0221,                   0,                   0
        84,       187,      1.00,              0.0294,                   0,                   0
        84,       188,      1.00,              0.2647,                   0,              0.0147
        84,       189,      1.00,              0.0735,                   0,                   0
        84,       190,      1.00,              0.0662,                   0,                   0
        84,       191,      1.00,              0.0074,                   0,              0.0147
        84,       192,      1.00,              0.1764,                   0,              0.0074
        84,       193,      1.00,              0.0294,                   0,                   0
        84,       195,      1.00,              0.1176,                   0,              0.0074
        84,       196,      1.00,              0.0147,                   0,              0.0074
        84,       197,      1.00,              0.0368,                   0,                   0
        84,       198,      1.00,                   0,                   0,              0.0074
        84,       199,      1.00,              0.0147,                   0,                   0
        84,       201,      1.00,              0.0956,                   0,              0.0074
        84,       202,      1.00,              0.0662,                   0,                   0
        84,       204,      1.00,                   0,                   0,              0.0074
        84,       207,      1.00,              0.0662,                   0,                   0
        84,       208,      1.00,             13.6810,                   0,              0.2352
        84,       209,      1.00,              6.9324,                   0,              0.4999
        84,       210,      1.00,              4.0874,                   0,              0.1323
        84,       211,      1.00,              0.0735,                   0,              0.0294
        84,       212,      1.00,              0.0221,                   0,              0.0221
        84,       213,      1.00,              0.2573,                   0,              0.0294
        84,       214,      1.00,                   0,                   0,              0.0074
        84,       218,      1.00,                   0,                   0,              0.0074
        84,       219,      1.00,                   0,                   0,              0.0147
        84,       224,      1.00,                   0,                   0,              0.0588
        84,       226,      1.00,                   0,                   0,              0.0441
        85,         1,      1.00,              0.1029,                   0,              0.0074
        85,         2,      1.00,              0.6175,                   0,              0.0074
        85,         3,      1.00,              0.2058,                   0,                   0
        85,         4,      1.00,              0.3455,                   0,                   0
        85,         5,      1.00,              0.2867,                   0,              0.0147
        85,         6,      1.00,              1.0954,                   0,              0.0147
        85,         7,      1.00,              0.8675,                   0,              0.0294
        85,         8,      1.00,              0.5587,                   0,              0.0368
        85,         9,      1.00,              0.2205,                   0,              0.0221
        85,        11,      1.00,              0.0882,                   0,              0.0147
        85,        12,      1.00,              0.8454,                   0,              0.0294
        85,        13,      1.00,              0.9924,                   0,              0.0515
        85,        14,      1.00,              1.4997,                   0,              0.0221
        85,        15,      1.00,              2.7788,                   0,              0.0588
        85,        17,      1.00,              1.3527,                   0,              0.0074
        85,        18,      1.00,              0.5146,                   0,              0.0074
        85,        19,      1.00,              0.3970,                   0,              0.0147
        85,        20,      1.00,              0.1911,                   0,                   0
        85,        21,      1.00,              0.2132,                   0,              0.0221
        85,        22,      1.00,              0.1029,                   0,                   0
        85,        23,      1.00,              1.1248,                   0,              0.0147
        85,        24,      1.00,              0.9116,                   0,              0.0147
        85,        26,      1.00,              0.2132,                   0,                   0
        85,        27,      1.00,              0.9116,                   0,              0.0147
        85,        28,      1.00,              0.9483,                   0,              0.0441
        85,        29,      1.00,              0.0074,                   0,              0.0074
        85,        30,      1.00,              0.5293,                   0,              0.0221
        85,        31,      1.00,              0.2794,                   0,              0.0294
        85,        32,      1.00,              1.9702,                   0,              0.0294
        85,        33,      1.00,              1.0586,                   0,              0.0515
        85,        34,      1.00,              0.0074,                   0,              0.0074
        85,        35,      1.00,              0.9704,                   0,              0.0147
        85,        36,      1.00,              1.5438,                   0,              0.0368
        85,        37,      1.00,              0.8895,                   0,              0.0221
        85,        38,      1.00,              0.3455,                   0,              0.0147
        85,        39,      1.00,              1.4041,                   0,              0.0588
        85,        40,      1.00,              0.4043,                   0,              0.0147
        85,        41,      1.00,              3.1685,                   0,              0.0735
        85,        42,      1.00,              2.1687,                   0,              0.0147
        85,        43,      1.00,              2.3157,                   0,              0.0221
        85,        44,      1.00,              5.9547,                   0,              0.1176
        85,        45,      1.00,             20.1650,                   0,              0.1617
        85,        46,      1.00,             11.3727,                   0,              0.4558
        85,        47,      1.00,              2.1540,                   0,              0.0368
        85,        48,      1.00,              0.0147,                   0,              0.0221
        85,        49,      1.00,              1.7202,                   0,              0.0735
        85,        50,      1.00,              0.1103,                   0,              0.1250
        85,        51,      1.00,              0.0441,                   0,                   0
        85,        52,      1.00,              2.0878,                   0,              0.0515
        85,        53,      1.00,              0.2058,                   0,              0.0074
        85,        54,      1.00,              0.6322,                   0,              0.0074
        85,        55,      1.00,              3.7419,                   0,              0.0735
        85,        56,      1.00,              2.2716,                   0,              0.0588
        85,        57,      1.00,              0.0882,                   0,                   0
        85,        58,      1.00,              5.6974,                   0,              0.1029
        85,        59,      1.00,              0.4925,                   0,              0.0515
        85,        60,      1.00,              1.2571,                   0,              0.0221
        85,        61,      1.00,              1.3380,                   0,              0.0662
        85,        62,      1.00,              1.3674,                   0,              0.0294
        85,        63,      1.00,              2.4921,                   0,              0.0882
        85,        64,      1.00,              1.2792,                   0,              0.1029
        85,        65,      1.00,              4.3153,                   0,              0.0294
        85,        66,      1.00,              2.8009,                   0,              0.0294
        85,        67,      1.00,              6.4178,                   0,              0.1323
        85,        68,      1.00,              1.4335,                   0,              0.0294
        85,        69,      1.00,              1.4850,                   0,              0.0809
        85,        70,      1.00,              1.2497,                   0,              0.0147
        85,        71,      1.00,              3.0509,                   0,              0.0588
        85,        72,      1.00,              1.9628,                   0,              0.0221
        85,        73,      1.00,              0.7351,                   0,              0.0662
        85,        74,      1.00,              3.9551,                   0,              0.0368
        85,        75,      1.00,              4.6461,                   0,              0.1691
        85,        76,      1.00,              4.0065,                   0,              0.1176
        85,        77,      1.00,              1.8305,                   0,              0.0809
        85,        78,      1.00,              0.1029,                   0,                   0
        85,        79,      1.00,              4.2565,                   0,              0.1176
        85,        80,      1.00,             10.2112,                   0,              0.1029
        85,        81,      1.00,             19.2093,                   0,              0.1838
        85,        82,      1.00,              7.6382,                   0,              0.0221
        85,        83,      1.00,             36.9557,                   0,              0.3014
        85,        84,      1.00,             80.8586,                   0,              0.6690
        85,        85,      1.00,            121.4753,                   0,              0.4778
        85,        86,      1.00,             39.2788,                   0,              0.2499
        85,        87,      1.00,              3.6904,                   0,              0.0368
        85,        88,      1.00,              2.0290,                   0,              0.0147
        85,        89,      1.00,              1.6173,                   0,              0.0221
        85,        90,      1.00,             15.2984,                   0,              0.1617
        85,        91,      1.00,             28.0090,                   0,              0.1617
        85,        92,      1.00,             28.1487,                   0,              0.5514
        85,        93,      1.00,             10.4464,                   0,              0.0956
        85,        94,      1.00,              5.2783,                   0,              0.1176
        85,        95,      1.00,             13.0488,                   0,              0.3088
        85,        96,      1.00,              1.7570,                   0,              0.0074
        85,        97,      1.00,              0.8307,                   0,              0.0294
        85,        98,      1.00,              0.9410,                   0,              0.0441
        85,        99,      1.00,              0.6910,                   0,              0.0147
        85,       100,      1.00,              3.6904,                   0,              0.1323
        85,       101,      1.00,              2.5877,                   0,              0.0882
        85,       102,      1.00,              1.3012,                   0,              0.0221
        85,       103,      1.00,              9.6524,                   0,              0.1911
        85,       104,      1.00,              8.0278,                   0,              0.0882
        85,       105,      1.00,              2.1393,                   0,              0.0294
        85,       106,      1.00,              3.9036,                   0,              0.1029
        85,       107,      1.00,              3.5213,                   0,              0.0515
        85,       108,      1.00,              0.7278,                   0,              0.0147
        85,       109,      1.00,              2.4921,                   0,              0.0441
        85,       110,      1.00,              1.1395,                   0,              0.0147
        85,       111,      1.00,              0.6249,                   0,              0.0147
        85,       112,      1.00,              2.9185,                   0,              0.0368
        85,       114,      1.00,              2.2937,                   0,              0.1029
        85,       115,      1.00,                   0,                   0,              0.0441
        85,       116,      1.00,              0.0147,                   0,              0.0588
        85,       117,      1.00,              2.0658,                   0,              0.0662
        85,       118,      1.00,              4.0139,                   0,              0.1323
        85,       119,      1.00,              9.5863,                   0,              0.3014
        85,       120,      1.00,             12.5563,                   0,              0.1617
        85,       121,      1.00,              7.6896,                   0,              0.1838
        85,       122,      1.00,              5.9400,                   0,              0.1691
        85,       123,      1.00,              2.1025,                   0,              0.1617
        85,       124,      1.00,              1.5806,                   0,              0.0956
        85,       125,      1.00,              0.2132,                   0,              0.0515
        85,       126,      1.00,              4.8299,                   0,              0.4631
        85,       127,      1.00,              6.6751,                   0,              0.3676
        85,       128,      1.00,              1.2277,                   0,              0.1250
        85,       129,      1.00,              1.0292,                   0,              0.1176
        85,       130,      1.00,              0.6616,                   0,              0.0515
        85,       131,      1.00,              0.7572,                   0,              0.0441
        85,       132,      1.00,              0.6322,                   0,              0.0441
        85,       133,      1.00,              0.6910,                   0,              0.0515
        85,       134,      1.00,              0.2573,                   0,              0.0294
        85,       135,      1.00,              0.9410,                   0,              0.0368
        85,       136,      1.00,              0.1176,                   0,              0.0515
        85,       137,      1.00,              0.0294,                   0,              0.0147
        85,       138,      1.00,              1.2497,                   0,              0.0294
        85,       139,      1.00,              0.0956,                   0,              0.0221
        85,       140,      1.00,              0.8895,                   0,              0.0809
        85,       141,      1.00,              0.9557,                   0,              0.1250
        85,       142,      1.00,              2.1907,                   0,              0.1029
        85,       143,      1.00,              1.7202,                   0,              0.1176
        85,       144,      1.00,              0.1617,                   0,              0.0221
        85,       145,      1.00,              0.4925,                   0,              0.0515
        85,       146,      1.00,              1.0880,                   0,              0.1323
        85,       147,      1.00,              0.2279,                   0,              0.0662
        85,       148,      1.00,              1.0439,                   0,              0.1176
        85,       149,      1.00,              0.4411,                   0,              0.0882
        85,       150,      1.00,              0.7351,                   0,              0.1103
        85,       151,      1.00,              0.7498,                   0,              0.2499
        85,       152,      1.00,              0.2205,                   0,              0.0662
        85,       153,      1.00,              0.3235,                   0,              0.0588
        85,       154,      1.00,              1.0733,                   0,              0.2279
        85,       155,      1.00,              0.8087,                   0,              0.2647
        85,       156,      1.00,              0.1691,                   0,              0.0294
        85,       157,      1.00,              0.0662,                   0,              0.0074
        85,       158,      1.00,                   0,                   0,              0.0221
        85,       159,      1.00,              0.0074,                   0,              0.0074
        85,       160,      1.00,              0.0809,                   0,              0.0294
        85,       161,      1.00,              1.0880,                   0,              0.1176
        85,       162,      1.00,              0.4264,                   0,              0.0735
        85,       164,      1.00,              0.5440,                   0,              0.0441
        85,       165,      1.00,              0.4264,                   0,              0.1176
        85,       166,      1.00,              0.7057,                   0,              0.1250
        85,       167,      1.00,              0.2941,                   0,              0.0662
        85,       168,      1.00,              0.1838,                   0,              0.0368
        85,       169,      1.00,              0.1323,                   0,              0.0147
        85,       170,      1.00,              0.2794,                   0,              0.0956
        85,       171,      1.00,                   0,                   0,              0.0074
        85,       172,      1.00,              0.3382,                   0,              0.0662
        85,       173,      1.00,              0.0294,                   0,                   0
        85,       174,      1.00,              0.2132,                   0,              0.0147
        85,       175,      1.00,              0.2573,                   0,              0.0294
        85,       176,      1.00,              0.0441,                   0,                   0
        85,       177,      1.00,              0.2279,                   0,              0.0441
        85,       178,      1.00,              0.3455,                   0,              0.0956
        85,       179,      1.00,              0.3014,                   0,              0.1029
        85,       180,      1.00,              0.0662,                   0,              0.0074
        85,       181,      1.00,              0.1911,                   0,              0.0294
        85,       182,      1.00,              0.4999,                   0,              0.0515
        85,       183,      1.00,              0.0956,                   0,              0.0074
        85,       184,      1.00,              0.1250,                   0,              0.0074
        85,       185,      1.00,              0.1470,                   0,              0.0074
        85,       187,      1.00,              0.1176,                   0,                   0
        85,       188,      1.00,              0.1103,                   0,              0.0147
        85,       189,      1.00,              0.0515,                   0,                   0
        85,       190,      1.00,              0.0074,                   0,                   0
        85,       191,      1.00,                   0,                   0,              0.0074
        85,       192,      1.00,              0.0882,                   0,              0.0074
        85,       193,      1.00,              0.0074,                   0,                   0
        85,       195,      1.00,              0.0221,                   0,                   0
        85,       196,      1.00,              0.0809,                   0,              0.0074
        85,       197,      1.00,              0.0441,                   0,                   0
        85,       198,      1.00,              0.0956,                   0,              0.0074
        85,       199,      1.00,              0.0147,                   0,                   0
        85,       200,      1.00,              0.0221,                   0,                   0
        85,       201,      1.00,              0.0368,                   0,              0.0074
        85,       202,      1.00,              0.0515,                   0,                   0
        85,       204,      1.00,                   0,                   0,              0.0074
        85,       205,      1.00,              0.0294,                   0,                   0
        85,       206,      1.00,              0.0441,                   0,                   0
        85,       207,      1.00,              0.0441,                   0,                   0
        85,       208,      1.00,             11.9020,                   0,              0.1838
        85,       209,      1.00,             10.0862,                   0,              0.3749
        85,       210,      1.00,              8.5497,                   0,              0.1029
        85,       211,      1.00,              0.0147,                   0,              0.0147
        85,       212,      1.00,              0.0294,                   0,              0.0074
        85,       213,      1.00,              0.0147,                   0,              0.0221
        85,       214,      1.00,              0.0074,                   0,                   0
        85,       217,      1.00,                   0,                   0,              0.0074
        85,       218,      1.00,                   0,                   0,              0.0147
        85,       219,      1.00,                   0,                   0,              0.0147
        85,       224,      1.00,                   0,                   0,              0.0809
        85,       226,      1.00,              0.0074,                   0,              0.0662
        85,       228,      1.00,                   0,                   0,              0.0074
        86,         1,      1.00,              0.2058,                   0,                   0
        86,         2,      1.00,                   0,                   0,              0.0074
        86,         4,      1.00,              0.2058,                   0,                   0
        86,         5,      1.00,              0.0074,                   0,              0.0074
        86,         6,      1.00,              0.4925,                   0,              0.0074
        86,         7,      1.00,              0.6102,                   0,              0.0147
        86,         8,      1.00,              0.7278,                   0,              0.0147
        86,         9,      1.00,              0.4705,                   0,              0.0074
        86,        10,      1.00,              0.2058,                   0,                   0
        86,        11,      1.00,              0.6616,                   0,              0.0074
        86,        12,      1.00,              0.7498,                   0,              0.0147
        86,        13,      1.00,              1.4188,                   0,              0.0221
        86,        14,      1.00,              1.9922,                   0,              0.0147
        86,        15,      1.00,              1.4188,                   0,              0.0882
        86,        16,      1.00,              0.2058,                   0,                   0
        86,        17,      1.00,              0.6175,                   0,              0.0147
        86,        18,      1.00,              0.4117,                   0,              0.0074
        86,        19,      1.00,              0.2720,                   0,              0.0074
        86,        21,      1.00,              0.2058,                   0,              0.0147
        86,        22,      1.00,              0.2647,                   0,                   0
        86,        23,      1.00,              1.3600,                   0,              0.0074
        86,        24,      1.00,              0.8381,                   0,              0.0074
        86,        25,      1.00,              0.2058,                   0,                   0
        86,        26,      1.00,              0.5220,                   0,                   0
        86,        27,      1.00,              1.1101,                   0,              0.0147
        86,        28,      1.00,              1.4556,                   0,              0.0588
        86,        29,      1.00,              0.4190,                   0,              0.0074
        86,        30,      1.00,              0.9410,                   0,              0.0368
        86,        31,      1.00,              1.2424,                   0,              0.0441
        86,        32,      1.00,              0.2205,                   0,              0.0368
        86,        33,      1.00,              0.8454,                   0,              0.0809
        86,        34,      1.00,              0.2058,                   0,              0.0074
        86,        35,      1.00,              1.1615,                   0,              0.0074
        86,        36,      1.00,              1.2203,                   0,              0.0221
        86,        37,      1.00,              0.4558,                   0,              0.0074
        86,        38,      1.00,              0.5367,                   0,              0.0074
        86,        39,      1.00,              0.8748,                   0,              0.0368
        86,        40,      1.00,              0.4631,                   0,              0.0074
        86,        41,      1.00,              1.1909,                   0,              0.0515
        86,        42,      1.00,              0.8307,                   0,              0.0147
        86,        43,      1.00,              2.1393,                   0,              0.0294
        86,        44,      1.00,              2.3157,                   0,              0.0662
        86,        45,      1.00,              7.5279,                   0,              0.1176
        86,        46,      1.00,              3.6831,                   0,              0.1176
        86,        47,      1.00,              1.9775,                   0,              0.0588
        86,        48,      1.00,                   0,                   0,              0.0221
        86,        49,      1.00,              0.8307,                   0,              0.0368
        86,        50,      1.00,              0.0147,                   0,              0.1323
        86,        51,      1.00,              0.0294,                   0,                   0
        86,        52,      1.00,              1.4409,                   0,              0.0441
        86,        54,      1.00,              0.7278,                   0,              0.0221
        86,        55,      1.00,              3.3008,                   0,              0.0662
        86,        56,      1.00,              1.8526,                   0,              0.0368
        86,        57,      1.00,              0.0735,                   0,                   0
        86,        58,      1.00,              4.2565,                   0,              0.0662
        86,        59,      1.00,              1.7570,                   0,              0.0294
        86,        60,      1.00,              1.0071,                   0,              0.0368
        86,        61,      1.00,              2.4627,                   0,              0.0809
        86,        62,      1.00,              1.5659,                   0,              0.0441
        86,        63,      1.00,              2.9626,                   0,              0.0809
        86,        64,      1.00,              0.8601,                   0,              0.1029
        86,        65,      1.00,              3.1170,                   0,              0.1250
        86,        66,      1.00,              2.3451,                   0,              0.0588
        86,        67,      1.00,              6.1679,                   0,              0.1323
        86,        68,      1.00,              2.0143,                   0,              0.0441
        86,        69,      1.00,              1.7790,                   0,              0.1250
        86,        70,      1.00,              1.1395,                   0,              0.0147
        86,        71,      1.00,              3.2861,                   0,              0.0588
        86,        72,      1.00,              0.9336,                   0,              0.0588
        86,        73,      1.00,              0.8822,                   0,              0.1029
        86,        74,      1.00,              3.3670,                   0,              0.0662
        86,        75,      1.00,              6.3369,                   0,              0.3308
        86,        76,      1.00,              3.6684,                   0,              0.1323
        86,        77,      1.00,              1.3086,                   0,              0.1176
        86,        78,      1.00,                   0,                   0,              0.0074
        86,        79,      1.00,             10.4685,                   0,              0.2205
        86,        80,      1.00,             14.5706,                   0,              0.2132
        86,        81,      1.00,              5.7782,                   0,              0.1470
        86,        82,      1.00,              4.8005,                   0,              0.1323
        86,        83,      1.00,             37.9996,                   0,              0.3602
        86,        84,      1.00,             32.4787,                   0,              0.3161
        86,        85,      1.00,             33.6917,                   0,              0.2499
        86,        86,      1.00,             68.5449,                   0,              0.2499
        86,        87,      1.00,             12.6371,                   0,              0.0588
        86,        88,      1.00,              8.2851,                   0,              0.0147
        86,        89,      1.00,              5.2195,                   0,              0.0147
        86,        90,      1.00,             29.6704,                   0,              0.1691
        86,        91,      1.00,             11.1889,                   0,              0.1029
        86,        92,      1.00,             15.2395,                   0,              0.3235
        86,        93,      1.00,              4.8373,                   0,              0.0662
        86,        94,      1.00,              6.2487,                   0,              0.1029
        86,        95,      1.00,             18.2904,                   0,              0.2499
        86,        96,      1.00,              4.2050,                   0,              0.1397
        86,        97,      1.00,              0.7204,                   0,              0.0515
        86,        98,      1.00,              1.6247,                   0,              0.0882
        86,        99,      1.00,              0.5220,                   0,              0.0368
        86,       100,      1.00,              4.0874,                   0,              0.2867
        86,       101,      1.00,              3.4331,                   0,              0.1250
        86,       102,      1.00,              1.4041,                   0,              0.0441
        86,       103,      1.00,             17.7096,                   0,              0.3088
        86,       104,      1.00,             19.5107,                   0,              0.1323
        86,       105,      1.00,              3.4184,                   0,              0.3014
        86,       106,      1.00,              7.6970,                   0,              0.2573
        86,       107,      1.00,              5.2563,                   0,              0.2720
        86,       108,      1.00,              0.6322,                   0,              0.2499
        86,       109,      1.00,              2.2054,                   0,              0.1323
        86,       110,      1.00,              3.8742,                   0,              0.0074
        86,       111,      1.00,              1.2644,                   0,              0.0074
        86,       112,      1.00,              2.2128,                   0,              0.0147
        86,       114,      1.00,              6.2046,                   0,              0.1911
        86,       115,      1.00,                   0,                   0,              0.0809
        86,       116,      1.00,              0.2279,                   0,              0.0588
        86,       117,      1.00,              6.0943,                   0,              0.6469
        86,       118,      1.00,              6.3811,                   0,              0.3896
        86,       119,      1.00,              5.3666,                   0,              0.1838
        86,       120,      1.00,             10.8507,                   0,              0.1250
        86,       121,      1.00,              6.3149,                   0,              0.1911
        86,       122,      1.00,             11.4315,                   0,              0.1103
        86,       123,      1.00,              4.2271,                   0,              0.1911
        86,       124,      1.00,              1.6100,                   0,              0.0956
        86,       125,      1.00,              1.0292,                   0,              0.0368
        86,       126,      1.00,              3.7786,                   0,              0.2794
        86,       127,      1.00,              6.6090,                   0,              0.3455
        86,       128,      1.00,              0.9263,                   0,              0.1176
        86,       129,      1.00,              1.4041,                   0,              0.1250
        86,       130,      1.00,              0.7866,                   0,              0.0441
        86,       131,      1.00,              0.7131,                   0,              0.0441
        86,       132,      1.00,              0.7425,                   0,              0.0441
        86,       133,      1.00,              0.5661,                   0,              0.0515
        86,       134,      1.00,              0.4705,                   0,              0.0294
        86,       135,      1.00,              1.3086,                   0,              0.0294
        86,       136,      1.00,              0.2426,                   0,              0.0515
        86,       137,      1.00,              0.5146,                   0,              0.0294
        86,       138,      1.00,              0.3455,                   0,              0.0221
        86,       139,      1.00,              0.0515,                   0,              0.0221
        86,       140,      1.00,              0.6984,                   0,              0.0735
        86,       141,      1.00,              0.6763,                   0,              0.0956
        86,       142,      1.00,              0.7498,                   0,              0.0588
        86,       143,      1.00,              1.3453,                   0,              0.0956
        86,       144,      1.00,              0.2499,                   0,              0.0147
        86,       145,      1.00,              0.3382,                   0,              0.0441
        86,       146,      1.00,              1.1027,                   0,              0.1103
        86,       147,      1.00,              0.2426,                   0,              0.0515
        86,       148,      1.00,              0.8454,                   0,              0.0956
        86,       149,      1.00,              0.4117,                   0,              0.0735
        86,       150,      1.00,              0.5072,                   0,              0.0809
        86,       151,      1.00,              0.3382,                   0,              0.1911
        86,       152,      1.00,              0.1838,                   0,              0.0515
        86,       153,      1.00,              0.1544,                   0,              0.0441
        86,       154,      1.00,              0.9189,                   0,              0.1985
        86,       155,      1.00,              0.4190,                   0,              0.2352
        86,       156,      1.00,              0.0294,                   0,              0.0221
        86,       157,      1.00,                   0,                   0,              0.0074
        86,       158,      1.00,                   0,                   0,              0.0221
        86,       159,      1.00,              0.0074,                   0,              0.0074
        86,       160,      1.00,              0.0882,                   0,              0.0221
        86,       161,      1.00,              0.6028,                   0,              0.0882
        86,       162,      1.00,              0.4631,                   0,              0.0515
        86,       163,      1.00,              0.0074,                   0,                   0
        86,       164,      1.00,              0.7131,                   0,              0.0294
        86,       165,      1.00,              0.4337,                   0,              0.0882
        86,       166,      1.00,              0.2867,                   0,              0.0956
        86,       167,      1.00,              0.2573,                   0,              0.0515
        86,       168,      1.00,              0.2573,                   0,              0.0294
        86,       169,      1.00,              0.1470,                   0,              0.0147
        86,       170,      1.00,              0.1911,                   0,              0.1029
        86,       172,      1.00,              0.5293,                   0,              0.0515
        86,       173,      1.00,              0.0147,                   0,                   0
        86,       174,      1.00,              0.2720,                   0,              0.0074
        86,       175,      1.00,              0.1103,                   0,              0.0221
        86,       176,      1.00,              0.0147,                   0,                   0
        86,       177,      1.00,              0.1911,                   0,              0.0368
        86,       178,      1.00,              0.3382,                   0,              0.0882
        86,       179,      1.00,              0.3823,                   0,              0.0809
        86,       180,      1.00,              0.0294,                   0,              0.0074
        86,       181,      1.00,              0.1544,                   0,              0.0147
        86,       182,      1.00,              0.2132,                   0,              0.0368
        86,       183,      1.00,              0.0662,                   0,              0.0074
        86,       184,      1.00,              0.1176,                   0,              0.0074
        86,       185,      1.00,              0.1029,                   0,                   0
        86,       187,      1.00,              0.1029,                   0,                   0
        86,       188,      1.00,              0.0074,                   0,              0.0147
        86,       189,      1.00,              0.2058,                   0,                   0
        86,       190,      1.00,              0.0074,                   0,                   0
        86,       192,      1.00,              0.1029,                   0,              0.0074
        86,       193,      1.00,              0.0294,                   0,                   0
        86,       195,      1.00,              0.2058,                   0,                   0
        86,       196,      1.00,              0.2058,                   0,              0.0074
        86,       198,      1.00,              0.2058,                   0,                   0
        86,       201,      1.00,              0.0294,                   0,              0.0074
        86,       203,      1.00,              0.0074,                   0,                   0
        86,       204,      1.00,                   0,                   0,              0.0074
        86,       206,      1.00,              0.2058,                   0,                   0
        86,       208,      1.00,              3.8007,                   0,              0.0441
        86,       209,      1.00,              6.1605,                   0,              0.1250
        86,       210,      1.00,              6.2928,                   0,              0.1617
        86,       211,      1.00,              0.0147,                   0,              0.0147
        86,       212,      1.00,              0.0221,                   0,              0.0074
        86,       213,      1.00,              0.4337,                   0,              0.0368
        86,       214,      1.00,              0.0074,                   0,                   0
        86,       218,      1.00,                   0,                   0,              0.0074
        86,       219,      1.00,                   0,                   0,              0.0147
        86,       224,      1.00,                   0,                   0,              0.0515
        86,       226,      1.00,              0.0074,                   0,              0.0441
        87,         1,      1.00,              0.0515,                   0,                   0
        87,         2,      1.00,              0.0515,                   0,                   0
        87,         6,      1.00,              0.2499,                   0,                   0
        87,         7,      1.00,              0.2205,                   0,                   0
        87,         8,      1.00,              0.0956,                   0,                   0
        87,         9,      1.00,              0.1176,                   0,                   0
        87,        13,      1.00,              0.2132,                   0,                   0
        87,        14,      1.00,              0.4190,                   0,                   0
        87,        15,      1.00,              0.2132,                   0,              0.0294
        87,        17,      1.00,              0.2058,                   0,                   0
        87,        23,      1.00,              0.1029,                   0,                   0
        87,        27,      1.00,              0.0074,                   0,              0.0147
        87,        28,      1.00,              0.0074,                   0,              0.0221
        87,        29,      1.00,              0.2058,                   0,              0.0074
        87,        30,      1.00,              0.2058,                   0,              0.0147
        87,        31,      1.00,                   0,                   0,              0.0147
        87,        32,      1.00,              0.4190,                   0,              0.0147
        87,        33,      1.00,              0.2132,                   0,              0.0221
        87,        34,      1.00,              0.4117,                   0,              0.0074
        87,        36,      1.00,              0.2132,                   0,              0.0074
        87,        37,      1.00,              0.0074,                   0,                   0
        87,        38,      1.00,              0.0074,                   0,                   0
        87,        39,      1.00,              0.4190,                   0,              0.0147
        87,        40,      1.00,              0.2720,                   0,                   0
        87,        41,      1.00,              0.0074,                   0,              0.0074
        87,        42,      1.00,              0.4117,                   0,                   0
        87,        43,      1.00,              0.6175,                   0,              0.0147
        87,        44,      1.00,              0.0735,                   0,              0.0147
        87,        45,      1.00,              0.8381,                   0,              0.0221
        87,        46,      1.00,              1.0954,                   0,              0.0294
        87,        47,      1.00,              0.0882,                   0,              0.0221
        87,        48,      1.00,                   0,                   0,              0.0074
        87,        49,      1.00,              1.0366,                   0,              0.0074
        87,        50,      1.00,                   0,                   0,              0.0221
        87,        51,      1.00,              0.0147,                   0,                   0
        87,        52,      1.00,              0.8160,                   0,              0.0074
        87,        54,      1.00,                   0,                   0,              0.0074
        87,        55,      1.00,              0.6249,                   0,              0.0221
        87,        56,      1.00,              0.5072,                   0,              0.0074
        87,        57,      1.00,              0.0221,                   0,                   0
        87,        58,      1.00,              0.2132,                   0,                   0
        87,        59,      1.00,              0.5808,                   0,                   0
        87,        60,      1.00,              0.4190,                   0,              0.0147
        87,        61,      1.00,              0.2132,                   0,              0.0221
        87,        62,      1.00,              0.0074,                   0,              0.0147
        87,        63,      1.00,              0.4190,                   0,              0.0221
        87,        64,      1.00,              0.0074,                   0,              0.0294
        87,        65,      1.00,              0.7278,                   0,              0.0515
        87,        66,      1.00,              1.3380,                   0,              0.0221
        87,        67,      1.00,              1.1321,                   0,              0.0368
        87,        68,      1.00,              0.3308,                   0,              0.0147
        87,        69,      1.00,              0.6249,                   0,              0.0441
        87,        70,      1.00,                   0,                   0,              0.0074
        87,        71,      1.00,              0.7866,                   0,              0.0147
        87,        72,      1.00,              0.4117,                   0,              0.0221
        87,        73,      1.00,              0.0147,                   0,              0.0294
        87,        74,      1.00,              2.7421,                   0,              0.0147
        87,        75,      1.00,              2.9185,                   0,              0.0882
        87,        76,      1.00,              0.8307,                   0,              0.0221
        87,        77,      1.00,              0.6175,                   0,              0.0221
        87,        79,      1.00,              4.8078,                   0,              0.0368
        87,        80,      1.00,              6.5722,                   0,              0.0588
        87,        81,      1.00,              0.7057,                   0,              0.0588
        87,        82,      1.00,              0.6249,                   0,              0.0368
        87,        83,      1.00,              9.8289,                   0,              0.1103
        87,        84,      1.00,              3.3964,                   0,              0.0368
        87,        85,      1.00,              3.4846,                   0,              0.0368
        87,        86,      1.00,             13.0709,                   0,              0.0588
        87,        87,      1.00,              4.9402,                   0,              0.0074
        87,        88,      1.00,              2.8230,                   0,              0.0074
        87,        89,      1.00,              2.9847,                   0,                   0
        87,        90,      1.00,              2.9038,                   0,              0.0074
        87,        91,      1.00,              0.9924,                   0,              0.0074
        87,        92,      1.00,              1.2497,                   0,              0.0294
        87,        93,      1.00,              0.3749,                   0,              0.0074
        87,        94,      1.00,              1.2792,                   0,              0.0074
        87,        95,      1.00,              5.0210,                   0,              0.0221
        87,        96,      1.00,              2.0143,                   0,              0.0074
        87,        97,      1.00,              0.3382,                   0,              0.0074
        87,        98,      1.00,              0.6543,                   0,              0.0147
        87,        99,      1.00,                   0,                   0,              0.0074
        87,       100,      1.00,              1.8158,                   0,              0.0515
        87,       101,      1.00,              0.4190,                   0,              0.0368
        87,       102,      1.00,              0.4117,                   0,              0.0074
        87,       103,      1.00,              5.3960,                   0,              0.0735
        87,       104,      1.00,              9.2849,                   0,              0.0368
        87,       105,      1.00,              1.0366,                   0,              0.0515
        87,       106,      1.00,              2.9553,                   0,              0.0441
        87,       107,      1.00,              1.2056,                   0,              0.0441
        87,       108,      1.00,              0.1103,                   0,              0.0441
        87,       109,      1.00,              0.2132,                   0,              0.0221
        87,       110,      1.00,              1.3380,                   0,                   0
        87,       112,      1.00,              0.0074,                   0,              0.0074
        87,       114,      1.00,              1.9187,                   0,              0.0147
        87,       115,      1.00,                   0,                   0,              0.0074
        87,       116,      1.00,              0.0074,                   0,              0.0147
        87,       117,      1.00,              1.1027,                   0,              0.1397
        87,       118,      1.00,              2.2789,                   0,              0.0294
        87,       119,      1.00,              1.4482,                   0,              0.0147
        87,       120,      1.00,              1.3821,                   0,              0.0147
        87,       121,      1.00,              1.7864,                   0,              0.0221
        87,       122,      1.00,              4.2344,                   0,              0.0221
        87,       123,      1.00,              0.8381,                   0,              0.0294
        87,       124,      1.00,              0.3235,                   0,              0.0147
        87,       125,      1.00,              0.6249,                   0,              0.0074
        87,       126,      1.00,              0.6322,                   0,              0.0368
        87,       127,      1.00,              1.6173,                   0,              0.0368
        87,       128,      1.00,              0.1323,                   0,              0.0074
        87,       129,      1.00,              0.5220,                   0,              0.0074
        87,       130,      1.00,              0.3602,                   0,                   0
        87,       131,      1.00,              0.2132,                   0,              0.0074
        87,       132,      1.00,              0.1764,                   0,                   0
        87,       133,      1.00,              0.1985,                   0,                   0
        87,       134,      1.00,              0.0956,                   0,                   0
        87,       135,      1.00,                   0,                   0,              0.0074
        87,       136,      1.00,              0.1617,                   0,              0.0147
        87,       137,      1.00,              0.0588,                   0,                   0
        87,       138,      1.00,              0.2058,                   0,                   0
        87,       140,      1.00,              0.1691,                   0,                   0
        87,       141,      1.00,              0.4484,                   0,              0.0074
        87,       142,      1.00,              0.4190,                   0,              0.0074
        87,       143,      1.00,              0.2647,                   0,              0.0074
        87,       144,      1.00,              0.0147,                   0,                   0
        87,       145,      1.00,              0.0735,                   0,              0.0074
        87,       146,      1.00,              0.1617,                   0,              0.0074
        87,       147,      1.00,              0.0735,                   0,              0.0074
        87,       148,      1.00,              0.1985,                   0,              0.0074
        87,       149,      1.00,              0.1176,                   0,              0.0074
        87,       150,      1.00,              0.1470,                   0,              0.0147
        87,       151,      1.00,              0.2132,                   0,              0.0074
        87,       152,      1.00,              0.0074,                   0,              0.0074
        87,       153,      1.00,              0.0074,                   0,              0.0074
        87,       154,      1.00,              0.1617,                   0,              0.0221
        87,       155,      1.00,              0.0809,                   0,              0.0221
        87,       156,      1.00,              0.0368,                   0,                   0
        87,       160,      1.00,              0.0515,                   0,                   0
        87,       161,      1.00,              0.1250,                   0,              0.0147
        87,       162,      1.00,              0.4190,                   0,              0.0074
        87,       164,      1.00,              0.0147,                   0,              0.0074
        87,       165,      1.00,              0.1323,                   0,              0.0074
        87,       166,      1.00,              0.2279,                   0,              0.0147
        87,       167,      1.00,              0.0809,                   0,              0.0074
        87,       168,      1.00,              0.0221,                   0,                   0
        87,       170,      1.00,              0.2058,                   0,                   0
        87,       172,      1.00,              0.1103,                   0,                   0
        87,       175,      1.00,              0.0294,                   0,                   0
        87,       177,      1.00,              0.0735,                   0,                   0
        87,       178,      1.00,              0.1397,                   0,              0.0074
        87,       179,      1.00,              0.0294,                   0,              0.0074
        87,       180,      1.00,              0.0221,                   0,                   0
        87,       181,      1.00,              0.0221,                   0,                   0
        87,       182,      1.00,              0.1103,                   0,              0.0074
        87,       183,      1.00,              0.0221,                   0,                   0
        87,       185,      1.00,              0.0515,                   0,                   0
        87,       189,      1.00,              0.0588,                   0,                   0
        87,       197,      1.00,              0.1029,                   0,                   0
        87,       208,      1.00,              0.3088,                   0,              0.0147
        87,       209,      1.00,              1.3600,                   0,              0.0368
        87,       210,      1.00,              1.0733,                   0,              0.0588
        87,       212,      1.00,              0.0074,                   0,                   0
        87,       213,      1.00,              0.0074,                   0,              0.0074
        87,       224,      1.00,                   0,                   0,              0.0147
        87,       226,      1.00,                   0,                   0,              0.0074
        88,         8,      1.00,              0.2058,                   0,                   0
        88,        12,      1.00,              0.0662,                   0,                   0
        88,        13,      1.00,              0.0441,                   0,                   0
        88,        14,      1.00,              0.6175,                   0,                   0
        88,        15,      1.00,              0.2058,                   0,              0.0074
        88,        21,      1.00,              0.2058,                   0,                   0
        88,        23,      1.00,              0.2058,                   0,                   0
        88,        24,      1.00,              0.1029,                   0,                   0
        88,        26,      1.00,              0.2058,                   0,                   0
        88,        27,      1.00,                   0,                   0,              0.0074
        88,        28,      1.00,                   0,                   0,              0.0074
        88,        29,      1.00,              0.2058,                   0,                   0
        88,        33,      1.00,              0.1029,                   0,              0.0074
        88,        36,      1.00,              0.4117,                   0,                   0
        88,        37,      1.00,              0.0074,                   0,                   0
        88,        38,      1.00,              0.2058,                   0,                   0
        88,        39,      1.00,              0.0074,                   0,                   0
        88,        40,      1.00,              0.0074,                   0,                   0
        88,        41,      1.00,              0.2132,                   0,              0.0074
        88,        42,      1.00,              0.3088,                   0,                   0
        88,        43,      1.00,              0.5146,                   0,                   0
        88,        44,      1.00,              0.0074,                   0,              0.0074
        88,        45,      1.00,              0.6249,                   0,              0.0074
        88,        46,      1.00,              0.1544,                   0,              0.0074
        88,        47,      1.00,              0.3014,                   0,              0.0074
        88,        49,      1.00,              0.0074,                   0,                   0
        88,        50,      1.00,                   0,                   0,              0.0147
        88,        52,      1.00,              0.0074,                   0,                   0
        88,        55,      1.00,              0.2132,                   0,              0.0074
        88,        56,      1.00,              0.1029,                   0,                   0
        88,        58,      1.00,              0.0074,                   0,              0.0074
        88,        59,      1.00,              0.2058,                   0,                   0
        88,        60,      1.00,                   0,                   0,              0.0074
        88,        61,      1.00,              0.0074,                   0,              0.0074
        88,        62,      1.00,              0.3088,                   0,              0.0074
        88,        63,      1.00,              0.2058,                   0,              0.0074
        88,        64,      1.00,              0.2132,                   0,              0.0147
        88,        65,      1.00,              0.8307,                   0,              0.0221
        88,        66,      1.00,              0.6175,                   0,              0.0074
        88,        67,      1.00,              1.1027,                   0,              0.0147
        88,        68,      1.00,              0.1470,                   0,              0.0074
        88,        69,      1.00,              0.3161,                   0,              0.0147
        88,        70,      1.00,              0.3088,                   0,                   0
        88,        71,      1.00,              0.7204,                   0,              0.0074
        88,        72,      1.00,              0.4117,                   0,              0.0074
        88,        73,      1.00,              0.2132,                   0,              0.0147
        88,        74,      1.00,              0.3161,                   0,              0.0074
        88,        75,      1.00,              1.5585,                   0,              0.0441
        88,        76,      1.00,              0.1103,                   0,              0.0074
        88,        77,      1.00,              0.2058,                   0,              0.0074
        88,        79,      1.00,              2.0216,                   0,              0.0441
        88,        80,      1.00,              2.1246,                   0,              0.0294
        88,        81,      1.00,              0.3749,                   0,              0.0074
        88,        82,      1.00,              0.2132,                   0,              0.0074
        88,        83,      1.00,              2.6759,                   0,              0.0368
        88,        84,      1.00,              2.6318,                   0,              0.0294
        88,        85,      1.00,              1.8673,                   0,              0.0147
        88,        86,      1.00,              8.0131,                   0,              0.0147
        88,        87,      1.00,              2.9038,                   0,              0.0074
        88,        88,      1.00,              3.0435,                   0,                   0
        88,        89,      1.00,              3.2934,                   0,              0.0074
        88,        90,      1.00,              6.4325,                   0,              0.0221
        88,        91,      1.00,              1.5291,                   0,              0.0074
        88,        92,      1.00,              2.4554,                   0,              0.0441
        88,        93,      1.00,              0.5220,                   0,              0.0074
        88,        94,      1.00,              2.2201,                   0,              0.0147
        88,        95,      1.00,              6.8883,                   0,              0.0441
        88,        96,      1.00,              1.4850,                   0,              0.0074
        88,        97,      1.00,              0.0956,                   0,                   0
        88,        98,      1.00,              0.1176,                   0,              0.0588
        88,        99,      1.00,              0.1029,                   0,                   0
        88,       100,      1.00,              0.8307,                   0,              0.0221
        88,       101,      1.00,              0.5220,                   0,              0.0074
        88,       102,      1.00,              0.5146,                   0,              0.0221
        88,       103,      1.00,              3.0214,                   0,              0.0735
        88,       104,      1.00,              4.3447,                   0,              0.0147
        88,       105,      1.00,              1.0954,                   0,              0.0221
        88,       106,      1.00,              2.5362,                   0,              0.0294
        88,       107,      1.00,              1.9628,                   0,              0.0221
        88,       108,      1.00,              0.2058,                   0,              0.0074
        88,       109,      1.00,              1.3600,                   0,              0.0147
        88,       110,      1.00,              1.8526,                   0,              0.0074
        88,       111,      1.00,              0.5808,                   0,                   0
        88,       112,      1.00,              0.0074,                   0,                   0
        88,       114,      1.00,              0.7204,                   0,              0.0515
        88,       115,      1.00,                   0,                   0,              0.0074
        88,       116,      1.00,              0.0074,                   0,              0.0147
        88,       117,      1.00,              1.1395,                   0,              0.0221
        88,       118,      1.00,              3.2126,                   0,              0.0294
        88,       119,      1.00,              0.7278,                   0,              0.0147
        88,       120,      1.00,              2.1466,                   0,              0.0074
        88,       121,      1.00,              0.8528,                   0,              0.0515
        88,       122,      1.00,              4.6829,                   0,              0.0441
        88,       123,      1.00,              0.8307,                   0,              0.0441
        88,       124,      1.00,              0.4264,                   0,              0.0147
        88,       125,      1.00,              0.0074,                   0,              0.0074
        88,       126,      1.00,              0.7057,                   0,              0.0441
        88,       127,      1.00,              1.4629,                   0,              0.0809
        88,       128,      1.00,              0.2205,                   0,              0.0147
        88,       129,      1.00,              0.1029,                   0,              0.0074
        88,       130,      1.00,              0.2941,                   0,              0.0074
        88,       131,      1.00,              0.6249,                   0,              0.0147
        88,       132,      1.00,              0.1691,                   0,              0.0074
        88,       133,      1.00,              0.0515,                   0,              0.0074
        88,       134,      1.00,              0.1029,                   0,                   0
        88,       135,      1.00,                   0,                   0,              0.0074
        88,       136,      1.00,              0.7866,                   0,              0.0147
        88,       137,      1.00,              0.2426,                   0,              0.0074
        88,       138,      1.00,              0.4117,                   0,              0.0074
        88,       140,      1.00,              0.1397,                   0,              0.0074
        88,       141,      1.00,              0.1764,                   0,              0.0074
        88,       142,      1.00,              0.0074,                   0,              0.0074
        88,       143,      1.00,              0.3014,                   0,              0.0147
        88,       144,      1.00,              0.0515,                   0,                   0
        88,       145,      1.00,              0.1911,                   0,              0.0074
        88,       146,      1.00,              0.1691,                   0,              0.0221
        88,       147,      1.00,              0.0956,                   0,              0.0074
        88,       148,      1.00,              0.1029,                   0,              0.0074
        88,       149,      1.00,              0.0956,                   0,              0.0074
        88,       150,      1.00,              0.1176,                   0,              0.0147
        88,       151,      1.00,              0.0294,                   0,              0.0147
        88,       152,      1.00,              0.0515,                   0,              0.0074
        88,       153,      1.00,              0.0147,                   0,              0.0074
        88,       154,      1.00,              0.1838,                   0,              0.0221
        88,       155,      1.00,              0.1323,                   0,              0.0294
        88,       160,      1.00,              0.0221,                   0,                   0
        88,       161,      1.00,              0.1250,                   0,              0.0147
        88,       162,      1.00,              0.5220,                   0,              0.0147
        88,       164,      1.00,              0.0074,                   0,              0.0074
        88,       165,      1.00,              0.0735,                   0,              0.0147
        88,       166,      1.00,              0.1617,                   0,              0.0147
        88,       167,      1.00,              0.0147,                   0,              0.0074
        88,       168,      1.00,              0.0221,                   0,                   0
        88,       169,      1.00,              0.0294,                   0,                   0
        88,       170,      1.00,                   0,                   0,              0.0074
        88,       172,      1.00,              0.0074,                   0,                   0
        88,       173,      1.00,              0.0147,                   0,                   0
        88,       175,      1.00,              0.0515,                   0,                   0
        88,       176,      1.00,              0.0147,                   0,                   0
        88,       177,      1.00,              0.0221,                   0,                   0
        88,       178,      1.00,              0.0735,                   0,              0.0074
        88,       179,      1.00,              0.0294,                   0,              0.0074
        88,       180,      1.00,              0.0221,                   0,                   0
        88,       182,      1.00,              0.0588,                   0,              0.0074
        88,       184,      1.00,              0.0147,                   0,                   0
        88,       188,      1.00,              0.2058,                   0,                   0
        88,       205,      1.00,              0.2058,                   0,                   0
        88,       208,      1.00,              0.9630,                   0,                   0
        88,       209,      1.00,              0.0662,                   0,              0.0074
        88,       210,      1.00,              0.5293,                   0,              0.0147
        88,       213,      1.00,              0.1103,                   0,              0.0074
        88,       224,      1.00,                   0,                   0,              0.0074
        88,       226,      1.00,                   0,                   0,              0.0074
        89,         6,      1.00,              0.0368,                   0,                   0
        89,         7,      1.00,              0.1691,                   0,                   0
        89,         8,      1.00,              0.4852,                   0,                   0
        89,        11,      1.00,              0.0294,                   0,                   0
        89,        14,      1.00,              0.2720,                   0,                   0
        89,        15,      1.00,              0.2647,                   0,              0.0074
        89,        17,      1.00,              0.4117,                   0,                   0
        89,        18,      1.00,              0.1029,                   0,                   0
        89,        19,      1.00,              0.2058,                   0,                   0
        89,        22,      1.00,              0.0588,                   0,                   0
        89,        23,      1.00,              0.2058,                   0,                   0
        89,        27,      1.00,              0.2058,                   0,                   0
        89,        28,      1.00,                   0,                   0,              0.0074
        89,        30,      1.00,              0.2058,                   0,                   0
        89,        31,      1.00,              0.2058,                   0,                   0
        89,        32,      1.00,              0.2058,                   0,                   0
        89,        33,      1.00,                   0,                   0,              0.0074
        89,        41,      1.00,              0.0074,                   0,              0.0074
        89,        44,      1.00,              0.0074,                   0,              0.0074
        89,        45,      1.00,              0.7278,                   0,              0.0221
        89,        46,      1.00,              0.5220,                   0,              0.0221
        89,        47,      1.00,              0.2132,                   0,                   0
        89,        48,      1.00,                   0,                   0,              0.0074
        89,        49,      1.00,              0.0074,                   0,              0.0074
        89,        50,      1.00,                   0,                   0,              0.0294
        89,        52,      1.00,              0.1691,                   0,              0.0074
        89,        55,      1.00,              0.2132,                   0,              0.0074
        89,        56,      1.00,              0.0074,                   0,              0.0074
        89,        58,      1.00,              0.3161,                   0,              0.0074
        89,        59,      1.00,              0.2058,                   0,                   0
        89,        60,      1.00,              0.2058,                   0,              0.0074
        89,        61,      1.00,              0.2720,                   0,              0.0074
        89,        62,      1.00,              0.9263,                   0,              0.0074
        89,        63,      1.00,                   0,                   0,              0.0074
        89,        64,      1.00,              0.0074,                   0,              0.0074
        89,        65,      1.00,              0.4190,                   0,              0.0368
        89,        66,      1.00,              0.5146,                   0,                   0
        89,        67,      1.00,              0.8381,                   0,              0.0221
        89,        68,      1.00,              0.0956,                   0,              0.0074
        89,        69,      1.00,              0.6837,                   0,              0.0221
        89,        71,      1.00,              0.6396,                   0,              0.0074
        89,        72,      1.00,              0.5146,                   0,              0.0074
        89,        73,      1.00,              0.3161,                   0,              0.0147
        89,        74,      1.00,              0.7204,                   0,              0.0074
        89,        75,      1.00,              2.2716,                   0,              0.0441
        89,        76,      1.00,              0.7204,                   0,              0.0074
        89,        77,      1.00,                   0,                   0,              0.0074
        89,        79,      1.00,              2.0658,                   0,              0.0368
        89,        80,      1.00,              2.2495,                   0,              0.0368
        89,        81,      1.00,              0.3896,                   0,              0.0074
        89,        82,      1.00,              0.6175,                   0,                   0
        89,        83,      1.00,              3.4331,                   0,              0.0221
        89,        84,      1.00,              2.9332,                   0,              0.0515
        89,        85,      1.00,              1.4115,                   0,              0.0221
        89,        86,      1.00,              3.2861,                   0,              0.0147
        89,        87,      1.00,              1.4041,                   0,                   0
        89,        88,      1.00,              2.6980,                   0,              0.0074
        89,        89,      1.00,              7.2779,                   0,              0.0147
        89,        90,      1.00,              4.9108,                   0,              0.0294
        89,        91,      1.00,              2.2275,                   0,              0.0147
        89,        92,      1.00,              3.2787,                   0,              0.1103
        89,        93,      1.00,              1.0366,                   0,              0.0147
        89,        94,      1.00,              3.2273,                   0,              0.0294
        89,        95,      1.00,             10.7699,                   0,              0.0956
        89,        96,      1.00,              2.3451,                   0,              0.0147
        89,        98,      1.00,              0.1029,                   0,                   0
        89,        99,      1.00,              0.1029,                   0,                   0
        89,       100,      1.00,              0.7278,                   0,              0.0441
        89,       101,      1.00,              0.0074,                   0,              0.0074
        89,       102,      1.00,              0.6175,                   0,                   0
        89,       103,      1.00,              3.6169,                   0,              0.0735
        89,       104,      1.00,              4.2197,                   0,              0.0441
        89,       105,      1.00,              1.4041,                   0,              0.0368
        89,       106,      1.00,              1.8820,                   0,              0.0441
        89,       107,      1.00,              3.4405,                   0,              0.0441
        89,       108,      1.00,              0.2132,                   0,              0.0147
        89,       109,      1.00,              0.6910,                   0,              0.0221
        89,       110,      1.00,              3.5140,                   0,              0.0147
        89,       111,      1.00,              1.6467,                   0,              0.0074
        89,       114,      1.00,              1.3233,                   0,              0.1250
        89,       115,      1.00,                   0,                   0,              0.0074
        89,       116,      1.00,              0.2132,                   0,              0.0221
        89,       117,      1.00,              1.6761,                   0,              0.0956
        89,       118,      1.00,              3.3229,                   0,              0.2205
        89,       119,      1.00,              1.9187,                   0,              0.0588
        89,       120,      1.00,              1.7864,                   0,              0.0588
        89,       121,      1.00,              2.1613,                   0,              0.1617
        89,       122,      1.00,              9.2849,                   0,              0.1029
        89,       123,      1.00,              2.5804,                   0,              0.1250
        89,       124,      1.00,              0.0147,                   0,              0.0882
        89,       125,      1.00,              0.7278,                   0,              0.0735
        89,       126,      1.00,              0.6984,                   0,              0.1103
        89,       127,      1.00,              2.6539,                   0,              0.1985
        89,       128,      1.00,              0.3970,                   0,              0.0294
        89,       129,      1.00,              0.7204,                   0,              0.0221
        89,       130,      1.00,              0.3529,                   0,              0.0147
        89,       131,      1.00,              0.4778,                   0,              0.0368
        89,       132,      1.00,              0.4264,                   0,              0.0147
        89,       133,      1.00,              0.1911,                   0,              0.0368
        89,       134,      1.00,              0.0735,                   0,              0.0441
        89,       135,      1.00,              0.7204,                   0,              0.1176
        89,       136,      1.00,              0.4264,                   0,              0.0882
        89,       137,      1.00,              0.6690,                   0,              0.0441
        89,       138,      1.00,              0.4117,                   0,              0.0882
        89,       139,      1.00,              0.0221,                   0,              0.0147
        89,       140,      1.00,              0.4484,                   0,              0.0956
        89,       141,      1.00,              0.4925,                   0,              0.0147
        89,       142,      1.00,              0.4190,                   0,              0.0147
        89,       143,      1.00,              0.5587,                   0,              0.0221
        89,       144,      1.00,              0.1103,                   0,                   0
        89,       145,      1.00,              0.1764,                   0,              0.0074
        89,       146,      1.00,              0.3088,                   0,              0.1323
        89,       147,      1.00,              0.0588,                   0,              0.0074
        89,       148,      1.00,              0.4852,                   0,              0.0147
        89,       149,      1.00,              0.1911,                   0,              0.0147
        89,       150,      1.00,              0.3896,                   0,              0.0147
        89,       151,      1.00,              0.1911,                   0,              0.0221
        89,       152,      1.00,              0.0809,                   0,              0.0074
        89,       153,      1.00,              0.1470,                   0,              0.0074
        89,       154,      1.00,              0.3676,                   0,              0.0441
        89,       155,      1.00,              0.3382,                   0,              0.0588
        89,       156,      1.00,              0.0221,                   0,              0.0074
        89,       157,      1.00,                   0,                   0,              0.0074
        89,       158,      1.00,                   0,                   0,              0.0074
        89,       159,      1.00,                   0,                   0,              0.0074
        89,       160,      1.00,              0.0956,                   0,              0.0221
        89,       161,      1.00,              0.1911,                   0,              0.0221
        89,       162,      1.00,              0.4190,                   0,              0.1029
        89,       163,      1.00,                   0,                   0,              0.0074
        89,       164,      1.00,              0.2132,                   0,              0.0441
        89,       165,      1.00,              0.0956,                   0,              0.0147
        89,       166,      1.00,              0.1029,                   0,              0.0147
        89,       167,      1.00,              0.0735,                   0,              0.0074
        89,       168,      1.00,              0.0588,                   0,              0.0074
        89,       170,      1.00,                   0,                   0,              0.0221
        89,       172,      1.00,                   0,                   0,              0.0074
        89,       175,      1.00,                   0,                   0,              0.0074
        89,       177,      1.00,              0.2058,                   0,              0.0147
        89,       178,      1.00,              0.0294,                   0,              0.0147
        89,       179,      1.00,              0.1691,                   0,              0.0147
        89,       180,      1.00,              0.0221,                   0,                   0
        89,       182,      1.00,              0.1544,                   0,              0.0074
        89,       188,      1.00,                   0,                   0,              0.0074
        89,       189,      1.00,              0.2058,                   0,                   0
        89,       198,      1.00,              0.2058,                   0,                   0
        89,       208,      1.00,              0.2279,                   0,              0.0074
        89,       209,      1.00,              0.5220,                   0,              0.0221
        89,       210,      1.00,              0.5072,                   0,              0.0074
        89,       211,      1.00,                   0,                   0,              0.0221
        89,       213,      1.00,              0.5220,                   0,              0.0441
        89,       214,      1.00,                   0,                   0,              0.0074
        89,       224,      1.00,                   0,                   0,              0.0074
        89,       226,      1.00,                   0,                   0,              0.0074
        90,         1,      1.00,              0.4117,                   0,                   0
        90,         5,      1.00,              0.0735,                   0,              0.0074
        90,         6,      1.00,              0.0662,                   0,              0.0074
        90,         7,      1.00,              0.5514,                   0,              0.0074
        90,         8,      1.00,              0.4705,                   0,              0.0147
        90,         9,      1.00,              0.3308,                   0,              0.0074
        90,        11,      1.00,              0.0074,                   0,              0.0074
        90,        12,      1.00,              0.5220,                   0,              0.0074
        90,        13,      1.00,              0.0221,                   0,              0.0147
        90,        14,      1.00,              1.2497,                   0,              0.0074
        90,        15,      1.00,              0.1544,                   0,              0.0294
        90,        17,      1.00,              0.4705,                   0,              0.0074
        90,        18,      1.00,              0.3676,                   0,                   0
        90,        19,      1.00,              0.1250,                   0,              0.0074
        90,        20,      1.00,              0.1911,                   0,                   0
        90,        21,      1.00,                   0,                   0,              0.0147
        90,        22,      1.00,              0.5146,                   0,                   0
        90,        23,      1.00,              0.1176,                   0,              0.0074
        90,        24,      1.00,              0.4190,                   0,              0.0074
        90,        26,      1.00,              0.3088,                   0,                   0
        90,        27,      1.00,              0.2794,                   0,              0.0074
        90,        28,      1.00,              1.2424,                   0,              0.0221
        90,        29,      1.00,              0.2132,                   0,                   0
        90,        30,      1.00,              0.1103,                   0,              0.0074
        90,        31,      1.00,              0.4190,                   0,              0.0074
        90,        32,      1.00,              1.0366,                   0,              0.0147
        90,        33,      1.00,              0.6322,                   0,              0.0221
        90,        34,      1.00,              0.2058,                   0,                   0
        90,        35,      1.00,              1.0439,                   0,              0.0074
        90,        36,      1.00,              0.4264,                   0,              0.0147
        90,        37,      1.00,              0.2279,                   0,              0.0074
        90,        38,      1.00,              0.2205,                   0,                   0
        90,        39,      1.00,              0.4337,                   0,              0.0221
        90,        40,      1.00,              0.4337,                   0,              0.0074
        90,        41,      1.00,              0.3602,                   0,              0.0368
        90,        42,      1.00,              0.0074,                   0,              0.0074
        90,        43,      1.00,              0.9998,                   0,              0.0147
        90,        44,      1.00,              1.9849,                   0,              0.0515
        90,        45,      1.00,              3.9183,                   0,              0.0882
        90,        46,      1.00,              1.9849,                   0,              0.0956
        90,        47,      1.00,              0.7498,                   0,              0.0221
        90,        48,      1.00,                   0,                   0,              0.0147
        90,        49,      1.00,              0.4411,                   0,              0.0294
        90,        50,      1.00,              0.0074,                   0,              0.0735
        90,        51,      1.00,              0.0221,                   0,                   0
        90,        52,      1.00,              0.9336,                   0,              0.0221
        90,        54,      1.00,              0.4778,                   0,                   0
        90,        55,      1.00,              2.1834,                   0,              0.0294
        90,        56,      1.00,              0.7278,                   0,              0.0294
        90,        57,      1.00,              0.0294,                   0,                   0
        90,        58,      1.00,              1.6761,                   0,              0.0515
        90,        59,      1.00,              0.0074,                   0,              0.0221
        90,        60,      1.00,              0.4264,                   0,              0.0074
        90,        61,      1.00,              0.4337,                   0,              0.0294
        90,        62,      1.00,              1.0439,                   0,              0.0147
        90,        63,      1.00,              0.5881,                   0,              0.0368
        90,        64,      1.00,              0.5514,                   0,              0.0515
        90,        65,      1.00,              1.1468,                   0,              0.0221
        90,        66,      1.00,              1.3527,                   0,              0.0074
        90,        67,      1.00,              1.6982,                   0,              0.0588
        90,        68,      1.00,              0.4852,                   0,              0.0147
        90,        69,      1.00,              0.3308,                   0,              0.0368
        90,        70,      1.00,              0.2720,                   0,              0.0074
        90,        71,      1.00,              1.1615,                   0,              0.0221
        90,        72,      1.00,              0.5220,                   0,              0.0147
        90,        73,      1.00,              0.5440,                   0,              0.0368
        90,        74,      1.00,              1.0660,                   0,              0.0221
        90,        75,      1.00,              3.7713,                   0,              0.1103
        90,        76,      1.00,              2.3819,                   0,              0.0662
        90,        77,      1.00,              0.6469,                   0,              0.0515
        90,        79,      1.00,              4.7637,                   0,              0.1985
        90,        80,      1.00,              4.9843,                   0,              0.0588
        90,        81,      1.00,              3.0361,                   0,              0.1103
        90,        82,      1.00,              2.1025,                   0,              0.0147
        90,        83,      1.00,             14.0266,                   0,              0.1838
        90,        84,      1.00,             20.3782,                   0,              0.2426
        90,        85,      1.00,             14.0633,                   0,              0.1617
        90,        86,      1.00,             24.6788,                   0,              0.1691
        90,        87,      1.00,              3.2714,                   0,              0.0074
        90,        88,      1.00,              6.8221,                   0,              0.0221
        90,        89,      1.00,              4.8887,                   0,              0.0294
        90,        90,      1.00,             35.2575,                   0,              0.1176
        90,        91,      1.00,              8.7188,                   0,              0.0735
        90,        92,      1.00,             11.9829,                   0,              0.2941
        90,        93,      1.00,              7.8660,                   0,              0.0515
        90,        94,      1.00,              8.9614,                   0,              0.0956
        90,        95,      1.00,             17.6067,                   0,              0.2205
        90,        96,      1.00,              3.2567,                   0,              0.0294
        90,        97,      1.00,              0.2426,                   0,              0.0221
        90,        98,      1.00,              0.7940,                   0,              0.2720
        90,        99,      1.00,              0.2132,                   0,              0.0074
        90,       100,      1.00,              2.9994,                   0,              0.1103
        90,       101,      1.00,              0.6469,                   0,              0.0441
        90,       102,      1.00,              0.1103,                   0,              0.0956
        90,       103,      1.00,              9.8877,                   0,              0.3235
        90,       104,      1.00,              9.3731,                   0,              0.0735
        90,       105,      1.00,              2.0731,                   0,              0.0441
        90,       106,      1.00,              6.5942,                   0,              0.1250
        90,       107,      1.00,              3.7345,                   0,              0.0662
        90,       108,      1.00,              0.3823,                   0,              0.0147
        90,       109,      1.00,              1.7349,                   0,              0.0441
        90,       110,      1.00,              2.3745,                   0,              0.0147
        90,       111,      1.00,              1.6100,                   0,              0.0147
        90,       112,      1.00,              0.6469,                   0,              0.0147
        90,       114,      1.00,              2.9553,                   0,              0.1544
        90,       115,      1.00,                   0,                   0,              0.0147
        90,       116,      1.00,              0.4264,                   0,              0.0441
        90,       117,      1.00,              2.8377,                   0,              0.0735
        90,       118,      1.00,              5.1975,                   0,              0.1397
        90,       119,      1.00,              7.1162,                   0,              0.1250
        90,       120,      1.00,              6.2414,                   0,              0.1029
        90,       121,      1.00,              5.4107,                   0,              0.1544
        90,       122,      1.00,             11.0566,                   0,              0.1397
        90,       123,      1.00,              4.8299,                   0,              0.1617
        90,       124,      1.00,              1.5070,                   0,              0.0735
        90,       125,      1.00,              0.8528,                   0,              0.0368
        90,       126,      1.00,              2.5657,                   0,              0.2205
        90,       127,      1.00,              4.8299,                   0,              0.2647
        90,       128,      1.00,              0.6322,                   0,              0.0809
        90,       129,      1.00,              0.8160,                   0,              0.0662
        90,       130,      1.00,              0.4925,                   0,              0.0294
        90,       131,      1.00,              0.4337,                   0,              0.0368
        90,       132,      1.00,              0.3676,                   0,              0.0294
        90,       133,      1.00,              0.2720,                   0,              0.0368
        90,       134,      1.00,              0.3235,                   0,              0.0221
        90,       135,      1.00,              0.4264,                   0,              0.0294
        90,       136,      1.00,              0.8087,                   0,              0.0368
        90,       137,      1.00,              0.2132,                   0,              0.0147
        90,       138,      1.00,              0.2794,                   0,              0.0221
        90,       139,      1.00,              0.0294,                   0,              0.0147
        90,       140,      1.00,              0.6028,                   0,              0.0588
        90,       141,      1.00,              0.7793,                   0,              0.0735
        90,       142,      1.00,              0.5367,                   0,              0.0515
        90,       143,      1.00,              1.2203,                   0,              0.0735
        90,       144,      1.00,              0.0956,                   0,              0.0147
        90,       145,      1.00,              0.3161,                   0,              0.0294
        90,       146,      1.00,              0.6984,                   0,              0.0882
        90,       147,      1.00,              0.1103,                   0,              0.0441
        90,       148,      1.00,              0.5661,                   0,              0.0735
        90,       149,      1.00,              0.1838,                   0,              0.0588
        90,       150,      1.00,              0.3676,                   0,              0.0662
        90,       151,      1.00,              0.3970,                   0,              0.1323
        90,       152,      1.00,              0.2205,                   0,              0.0368
        90,       153,      1.00,              0.1470,                   0,              0.0294
        90,       154,      1.00,              0.7278,                   0,              0.1470
        90,       155,      1.00,              0.7646,                   0,              0.1470
        90,       156,      1.00,              0.0882,                   0,              0.0147
        90,       157,      1.00,                   0,                   0,              0.0074
        90,       158,      1.00,                   0,                   0,              0.0074
        90,       159,      1.00,                   0,                   0,              0.0074
        90,       160,      1.00,              0.1470,                   0,              0.0221
        90,       161,      1.00,              0.5072,                   0,              0.0662
        90,       162,      1.00,              0.0368,                   0,              0.0441
        90,       164,      1.00,              0.4778,                   0,              0.0441
        90,       165,      1.00,              0.2426,                   0,              0.0662
        90,       166,      1.00,              0.3823,                   0,              0.0735
        90,       167,      1.00,              0.1764,                   0,              0.0368
        90,       168,      1.00,              0.1250,                   0,              0.0221
        90,       169,      1.00,              0.0515,                   0,              0.0074
        90,       170,      1.00,              0.0956,                   0,              0.0662
        90,       172,      1.00,              0.6322,                   0,              0.0368
        90,       173,      1.00,              0.0074,                   0,                   0
        90,       174,      1.00,              0.3161,                   0,              0.0074
        90,       175,      1.00,              0.0956,                   0,              0.0221
        90,       176,      1.00,              0.0147,                   0,                   0
        90,       177,      1.00,              0.1029,                   0,              0.0221
        90,       178,      1.00,              0.1544,                   0,              0.0588
        90,       179,      1.00,              0.1250,                   0,              0.0588
        90,       180,      1.00,              0.0294,                   0,              0.0074
        90,       181,      1.00,              0.2058,                   0,              0.0147
        90,       182,      1.00,              0.1397,                   0,              0.0294
        90,       183,      1.00,              0.0515,                   0,              0.0074
        90,       184,      1.00,              0.0515,                   0,                   0
        90,       185,      1.00,              0.0882,                   0,                   0
        90,       188,      1.00,              0.1103,                   0,              0.0074
        90,       190,      1.00,              0.0074,                   0,                   0
        90,       192,      1.00,                   0,                   0,              0.0074
        90,       193,      1.00,              0.1838,                   0,                   0
        90,       196,      1.00,                   0,                   0,              0.0074
        90,       201,      1.00,              0.2132,                   0,                   0
        90,       203,      1.00,              0.0147,                   0,                   0
        90,       208,      1.00,              1.8673,                   0,              0.0294
        90,       209,      1.00,              1.7864,                   0,              0.1029
        90,       210,      1.00,              2.5583,                   0,              0.0588
        90,       211,      1.00,              0.0074,                   0,              0.0147
        90,       212,      1.00,              0.2205,                   0,              0.0074
        90,       213,      1.00,              0.0221,                   0,              0.0221
        90,       218,      1.00,                   0,                   0,              0.0074
        90,       219,      1.00,                   0,                   0,              0.0074
        90,       224,      1.00,                   0,                   0,              0.0368
        90,       226,      1.00,                   0,                   0,              0.0294
        91,         1,      1.00,              0.2058,                   0,                   0
        91,         6,      1.00,              0.2058,                   0,                   0
        91,         7,      1.00,              0.0662,                   0,              0.0074
        91,         8,      1.00,              0.2867,                   0,              0.0074
        91,         9,      1.00,              0.3235,                   0,                   0
        91,        10,      1.00,              0.0588,                   0,                   0
        91,        11,      1.00,              0.0956,                   0,                   0
        91,        12,      1.00,              0.1397,                   0,              0.0074
        91,        13,      1.00,              0.1250,                   0,              0.0074
        91,        14,      1.00,              0.4264,                   0,                   0
        91,        15,      1.00,              0.2499,                   0,              0.0147
        91,        17,      1.00,              0.2058,                   0,                   0
        91,        19,      1.00,              0.0662,                   0,                   0
        91,        20,      1.00,              0.4117,                   0,                   0
        91,        21,      1.00,              0.2058,                   0,              0.0074
        91,        23,      1.00,              0.2132,                   0,                   0
        91,        24,      1.00,              0.6249,                   0,                   0
        91,        27,      1.00,              0.2132,                   0,                   0
        91,        28,      1.00,              0.8307,                   0,              0.0147
        91,        30,      1.00,              0.0074,                   0,              0.0074
        91,        31,      1.00,              0.4778,                   0,              0.0074
        91,        32,      1.00,              0.4190,                   0,              0.0074
        91,        33,      1.00,              0.6249,                   0,              0.0147
        91,        35,      1.00,              0.2205,                   0,                   0
        91,        36,      1.00,              0.5293,                   0,              0.0147
        91,        37,      1.00,              0.1250,                   0,                   0
        91,        38,      1.00,              0.0074,                   0,                   0
        91,        39,      1.00,              0.2279,                   0,              0.0147
        91,        40,      1.00,              0.0221,                   0,                   0
        91,        41,      1.00,              0.6396,                   0,              0.0221
        91,        42,      1.00,              0.4117,                   0,              0.0074
        91,        43,      1.00,              0.6249,                   0,              0.0074
        91,        44,      1.00,              0.8454,                   0,              0.0368
        91,        45,      1.00,              3.4331,                   0,              0.0515
        91,        46,      1.00,              2.4407,                   0,              0.0956
        91,        47,      1.00,              0.1176,                   0,              0.0147
        91,        48,      1.00,                   0,                   0,              0.0074
        91,        49,      1.00,              0.0221,                   0,              0.0221
        91,        50,      1.00,              0.0074,                   0,              0.0515
        91,        51,      1.00,              0.0074,                   0,                   0
        91,        52,      1.00,              0.3823,                   0,              0.0147
        91,        55,      1.00,              1.4629,                   0,              0.0221
        91,        56,      1.00,              0.3235,                   0,              0.0221
        91,        57,      1.00,              0.0147,                   0,                   0
        91,        58,      1.00,              1.3600,                   0,              0.0294
        91,        59,      1.00,              0.0662,                   0,              0.0221
        91,        60,      1.00,              0.2132,                   0,              0.0074
        91,        61,      1.00,              0.3235,                   0,              0.0221
        91,        62,      1.00,              0.2132,                   0,              0.0074
        91,        63,      1.00,              0.6249,                   0,              0.0294
        91,        64,      1.00,              0.2205,                   0,              0.0368
        91,        65,      1.00,              0.7278,                   0,              0.0074
        91,        66,      1.00,              1.9187,                   0,              0.0074
        91,        67,      1.00,              0.9998,                   0,              0.0441
        91,        68,      1.00,              0.4778,                   0,              0.0074
        91,        69,      1.00,              0.2205,                   0,              0.0294
        91,        70,      1.00,              0.5146,                   0,                   0
        91,        71,      1.00,              1.0366,                   0,              0.0221
        91,        72,      1.00,              0.4117,                   0,              0.0074
        91,        73,      1.00,              0.0147,                   0,              0.0221
        91,        74,      1.00,              0.8307,                   0,              0.0147
        91,        75,      1.00,              1.9849,                   0,              0.0662
        91,        76,      1.00,              0.7278,                   0,              0.0441
        91,        77,      1.00,              0.6249,                   0,              0.0294
        91,        79,      1.00,              0.8969,                   0,              0.0441
        91,        80,      1.00,              1.6173,                   0,              0.0368
        91,        81,      1.00,              3.1391,                   0,              0.0294
        91,        82,      1.00,              0.8454,                   0,                   0
        91,        83,      1.00,              4.8814,                   0,              0.0956
        91,        84,      1.00,             36.9631,                   0,              0.2499
        91,        85,      1.00,             25.8109,                   0,              0.1617
        91,        86,      1.00,             10.6743,                   0,              0.1029
        91,        87,      1.00,              1.3012,                   0,              0.0074
        91,        88,      1.00,              1.9187,                   0,              0.0074
        91,        89,      1.00,              2.5362,                   0,              0.0147
        91,        90,      1.00,              7.5867,                   0,              0.0735
        91,        91,      1.00,             26.3623,                   0,              0.0662
        91,        92,      1.00,             14.9087,                   0,              0.2573
        91,        93,      1.00,              9.7774,                   0,              0.0441
        91,        94,      1.00,              4.6461,                   0,              0.0515
        91,        95,      1.00,              6.6384,                   0,              0.1617
        91,        96,      1.00,              0.9263,                   0,                   0
        91,        97,      1.00,              0.2426,                   0,              0.0074
        91,        98,      1.00,              0.2352,                   0,              0.0147
        91,       100,      1.00,              0.3823,                   0,              0.0515
        91,       101,      1.00,              0.9998,                   0,              0.0294
        91,       102,      1.00,                   0,                   0,              0.0147
        91,       103,      1.00,              2.2863,                   0,              0.0882
        91,       104,      1.00,              2.2348,                   0,              0.0221
        91,       105,      1.00,              0.5808,                   0,              0.0147
        91,       106,      1.00,              1.5585,                   0,              0.0368
        91,       107,      1.00,              1.5732,                   0,              0.0294
        91,       108,      1.00,              0.2132,                   0,              0.0074
        91,       109,      1.00,              0.7278,                   0,              0.0221
        91,       110,      1.00,              0.8234,                   0,              0.0074
        91,       111,      1.00,              0.1691,                   0,              0.0074
        91,       112,      1.00,              0.6396,                   0,              0.0074
        91,       114,      1.00,              0.5220,                   0,              0.0735
        91,       115,      1.00,                   0,                   0,              0.0221
        91,       116,      1.00,              0.0074,                   0,              0.0221
        91,       117,      1.00,              0.8454,                   0,              0.0294
        91,       118,      1.00,              3.2052,                   0,              0.0515
        91,       119,      1.00,              8.3512,                   0,              0.1250
        91,       120,      1.00,              9.0129,                   0,              0.0882
        91,       121,      1.00,              3.4184,                   0,              0.1029
        91,       122,      1.00,              1.7349,                   0,              0.0809
        91,       123,      1.00,              1.6394,                   0,              0.0735
        91,       124,      1.00,              0.4484,                   0,              0.0441
        91,       125,      1.00,              0.2279,                   0,              0.0294
        91,       126,      1.00,              2.8377,                   0,              0.1911
        91,       127,      1.00,              3.4552,                   0,              0.1985
        91,       128,      1.00,              0.4852,                   0,              0.0588
        91,       129,      1.00,              0.6028,                   0,              0.0588
        91,       130,      1.00,              0.3749,                   0,              0.0294
        91,       131,      1.00,              0.8013,                   0,              0.0221
        91,       132,      1.00,              0.3823,                   0,              0.0294
        91,       133,      1.00,              0.3308,                   0,              0.0294
        91,       134,      1.00,              0.1691,                   0,              0.0147
        91,       135,      1.00,              0.6249,                   0,              0.0147
        91,       136,      1.00,              0.2205,                   0,              0.0221
        91,       137,      1.00,              0.0074,                   0,              0.0074
        91,       138,      1.00,              0.4190,                   0,              0.0147
        91,       139,      1.00,                   0,                   0,              0.0074
        91,       140,      1.00,              0.3088,                   0,              0.0441
        91,       141,      1.00,              0.6175,                   0,              0.0662
        91,       142,      1.00,              0.7351,                   0,              0.0368
        91,       143,      1.00,              0.5440,                   0,              0.0588
        91,       144,      1.00,              0.0662,                   0,              0.0147
        91,       145,      1.00,              0.1617,                   0,              0.0294
        91,       146,      1.00,              0.5955,                   0,              0.0735
        91,       147,      1.00,              0.1029,                   0,              0.0368
        91,       148,      1.00,              0.5587,                   0,              0.0588
        91,       149,      1.00,              0.1691,                   0,              0.0441
        91,       150,      1.00,              0.1838,                   0,              0.0515
        91,       151,      1.00,              0.2352,                   0,              0.1176
        91,       152,      1.00,              0.0368,                   0,              0.0294
        91,       153,      1.00,              0.1029,                   0,              0.0221
        91,       154,      1.00,              0.6910,                   0,              0.0956
        91,       155,      1.00,              0.2720,                   0,              0.1176
        91,       156,      1.00,              0.0588,                   0,              0.0147
        91,       157,      1.00,              0.0441,                   0,              0.0074
        91,       158,      1.00,                   0,                   0,              0.0147
        91,       159,      1.00,                   0,                   0,              0.0074
        91,       160,      1.00,              0.0735,                   0,              0.0221
        91,       161,      1.00,              0.4484,                   0,              0.0441
        91,       162,      1.00,              0.0221,                   0,              0.0294
        91,       164,      1.00,              0.1985,                   0,              0.0147
        91,       165,      1.00,              0.1691,                   0,              0.0515
        91,       166,      1.00,              0.3235,                   0,              0.0588
        91,       167,      1.00,              0.1911,                   0,              0.0294
        91,       168,      1.00,              0.1250,                   0,              0.0147
        91,       169,      1.00,              0.0735,                   0,              0.0074
        91,       170,      1.00,              0.0515,                   0,              0.0515
        91,       171,      1.00,                   0,                   0,              0.0074
        91,       172,      1.00,              0.1911,                   0,              0.0294
        91,       174,      1.00,              0.0588,                   0,              0.0074
        91,       175,      1.00,              0.1029,                   0,              0.0147
        91,       177,      1.00,              0.1103,                   0,              0.0221
        91,       178,      1.00,              0.2426,                   0,              0.0441
        91,       179,      1.00,              0.1029,                   0,              0.0441
        91,       180,      1.00,              0.0515,                   0,                   0
        91,       181,      1.00,              0.0882,                   0,              0.0147
        91,       182,      1.00,              0.1691,                   0,              0.0221
        91,       183,      1.00,              0.0515,                   0,                   0
        91,       184,      1.00,              0.0221,                   0,                   0
        91,       185,      1.00,              0.0294,                   0,                   0
        91,       186,      1.00,              0.0221,                   0,                   0
        91,       188,      1.00,              0.0515,                   0,              0.0074
        91,       189,      1.00,              0.0147,                   0,                   0
        91,       190,      1.00,              0.0221,                   0,                   0
        91,       191,      1.00,              0.0074,                   0,              0.0074
        91,       193,      1.00,              0.0074,                   0,                   0
        91,       195,      1.00,              0.0147,                   0,                   0
        91,       196,      1.00,              0.0368,                   0,                   0
        91,       201,      1.00,              0.0147,                   0,                   0
        91,       202,      1.00,              0.0074,                   0,                   0
        91,       208,      1.00,              2.5951,                   0,              0.0588
        91,       209,      1.00,              1.6467,                   0,              0.0882
        91,       210,      1.00,              1.1027,                   0,              0.0368
        91,       211,      1.00,              0.0074,                   0,              0.0074
        91,       212,      1.00,              0.0074,                   0,                   0
        91,       213,      1.00,              0.0074,                   0,              0.0074
        91,       218,      1.00,                   0,                   0,              0.0074
        91,       219,      1.00,                   0,                   0,              0.0074
        91,       224,      1.00,                   0,                   0,              0.0221
        91,       226,      1.00,                   0,                   0,              0.0147
        92,         1,      1.00,              0.2058,                   0,              0.0074
        92,         2,      1.00,              0.2058,                   0,              0.0074
        92,         3,      1.00,              0.2058,                   0,                   0
        92,         4,      1.00,              0.4484,                   0,                   0
        92,         5,      1.00,              0.0147,                   0,              0.0074
        92,         6,      1.00,              0.4778,                   0,              0.0147
        92,         7,      1.00,              1.7202,                   0,              0.0221
        92,         8,      1.00,              1.8158,                   0,              0.0294
        92,         9,      1.00,              0.8454,                   0,              0.0147
        92,        11,      1.00,              0.7057,                   0,              0.0147
        92,        12,      1.00,              0.9630,                   0,              0.0221
        92,        13,      1.00,              0.9557,                   0,              0.0441
        92,        14,      1.00,              2.0805,                   0,              0.0441
        92,        15,      1.00,              2.5510,                   0,              0.0735
        92,        16,      1.00,              0.6763,                   0,                   0
        92,        17,      1.00,              0.8234,                   0,              0.0147
        92,        18,      1.00,                   0,                   0,              0.0074
        92,        19,      1.00,              0.5367,                   0,              0.0074
        92,        20,      1.00,              0.6028,                   0,                   0
        92,        21,      1.00,              0.4705,                   0,              0.0147
        92,        22,      1.00,              0.3088,                   0,                   0
        92,        23,      1.00,              0.9410,                   0,              0.0368
        92,        24,      1.00,              0.0147,                   0,              0.0294
        92,        26,      1.00,              0.2058,                   0,              0.0074
        92,        27,      1.00,              1.0366,                   0,              0.0074
        92,        28,      1.00,              1.1395,                   0,              0.0588
        92,        29,      1.00,              0.8234,                   0,              0.0074
        92,        30,      1.00,              0.1103,                   0,              0.0368
        92,        31,      1.00,              1.1395,                   0,              0.0441
        92,        32,      1.00,              1.5512,                   0,              0.0735
        92,        33,      1.00,              1.0439,                   0,              0.0735
        92,        34,      1.00,              0.1691,                   0,              0.0147
        92,        35,      1.00,              1.2497,                   0,              0.0221
        92,        36,      1.00,              1.5585,                   0,              0.0368
        92,        37,      1.00,              0.2352,                   0,              0.0294
        92,        38,      1.00,              0.5293,                   0,              0.0147
        92,        39,      1.00,              0.8528,                   0,              0.0882
        92,        40,      1.00,              0.4411,                   0,              0.0294
        92,        41,      1.00,              1.3747,                   0,              0.0882
        92,        42,      1.00,              0.4190,                   0,              0.0221
        92,        43,      1.00,              1.9849,                   0,              0.0515
        92,        44,      1.00,              1.6761,                   0,              0.1544
        92,        45,      1.00,              6.7413,                   0,              0.2720
        92,        46,      1.00,              3.3376,                   0,              0.2867
        92,        47,      1.00,              0.8969,                   0,              0.0515
        92,        48,      1.00,                   0,                   0,              0.0221
        92,        49,      1.00,              0.6543,                   0,              0.0882
        92,        50,      1.00,              0.0074,                   0,              0.1250
        92,        51,      1.00,              0.0074,                   0,                   0
        92,        52,      1.00,              0.2352,                   0,              0.0662
        92,        53,      1.00,                   0,                   0,              0.0074
        92,        54,      1.00,              0.0074,                   0,              0.0074
        92,        55,      1.00,              2.2937,                   0,              0.0662
        92,        56,      1.00,              2.0216,                   0,              0.1103
        92,        57,      1.00,              0.0809,                   0,              0.0074
        92,        58,      1.00,              2.2937,                   0,              0.1176
        92,        59,      1.00,              0.5220,                   0,              0.0662
        92,        60,      1.00,              0.7940,                   0,              0.0294
        92,        61,      1.00,              1.5217,                   0,              0.0809
        92,        62,      1.00,              1.4556,                   0,              0.0515
        92,        63,      1.00,              0.7351,                   0,              0.0809
        92,        64,      1.00,              0.2279,                   0,              0.1029
        92,        65,      1.00,              0.7351,                   0,              0.0294
        92,        66,      1.00,              1.3527,                   0,              0.0221
        92,        67,      1.00,              1.9261,                   0,              0.1470
        92,        68,      1.00,              1.2865,                   0,              0.0515
        92,        69,      1.00,              1.3527,                   0,              0.1103
        92,        70,      1.00,              0.4190,                   0,              0.0147
        92,        71,      1.00,              1.4556,                   0,              0.0588
        92,        72,      1.00,              1.4409,                   0,              0.0515
        92,        73,      1.00,              0.4411,                   0,              0.0588
        92,        74,      1.00,              1.0439,                   0,              0.0441
        92,        75,      1.00,              1.9628,                   0,              0.1911
        92,        76,      1.00,              3.0141,                   0,              0.1323
        92,        77,      1.00,              0.5220,                   0,              0.0882
        92,        78,      1.00,                   0,                   0,              0.0074
        92,        79,      1.00,              3.5802,                   0,              0.1544
        92,        80,      1.00,              5.2636,                   0,              0.1323
        92,        81,      1.00,              4.1021,                   0,              0.1470
        92,        82,      1.00,              1.7423,                   0,              0.0294
        92,        83,      1.00,             10.0788,                   0,              0.3088
        92,        84,      1.00,             97.7375,                   0,              0.9410
        92,        85,      1.00,             27.0607,                   0,              0.5514
        92,        86,      1.00,             13.3061,                   0,              0.3235
        92,        87,      1.00,              1.6173,                   0,              0.0294
        92,        88,      1.00,              2.0437,                   0,              0.0441
        92,        89,      1.00,              2.9700,                   0,              0.1103
        92,        90,      1.00,             10.4023,                   0,              0.2941
        92,        91,      1.00,             21.0104,                   0,              0.2573
        92,        92,      1.00,            253.0368,                   0,              0.9042
        92,        93,      1.00,             18.6947,                   0,              0.1617
        92,        94,      1.00,              8.6894,                   0,              0.2279
        92,        95,      1.00,             49.3209,                   0,              0.5220
        92,        96,      1.00,              1.9187,                   0,              0.0662
        92,        97,      1.00,              0.7646,                   0,              0.0294
        92,        98,      1.00,              1.1542,                   0,              0.0735
        92,        99,      1.00,              0.6175,                   0,              0.0221
        92,       100,      1.00,              1.2497,                   0,              0.2058
        92,       101,      1.00,              1.4262,                   0,              0.1397
        92,       102,      1.00,              1.7496,                   0,              0.0294
        92,       103,      1.00,              5.5871,                   0,              0.2058
        92,       104,      1.00,              4.0286,                   0,              0.1397
        92,       105,      1.00,              1.4556,                   0,              0.1250
        92,       106,      1.00,              4.9181,                   0,              0.1323
        92,       107,      1.00,              4.1536,                   0,              0.1323
        92,       108,      1.00,              0.4190,                   0,              0.0662
        92,       109,      1.00,              1.2792,                   0,              0.0735
        92,       110,      1.00,              3.5213,                   0,              0.0441
        92,       111,      1.00,              1.1395,                   0,              0.0294
        92,       112,      1.00,              1.1689,                   0,              0.0735
        92,       114,      1.00,              2.7862,                   0,              0.2941
        92,       115,      1.00,                   0,                   0,              0.0515
        92,       116,      1.00,              0.1838,                   0,              0.0735
        92,       117,      1.00,              8.7776,                   0,              0.1985
        92,       118,      1.00,             15.1881,                   0,              0.2499
        92,       119,      1.00,            113.3961,                   0,              0.8601
        92,       120,      1.00,             75.3156,                   0,              0.4190
        92,       121,      1.00,             48.0196,                   0,              0.5146
        92,       122,      1.00,             19.0255,                   0,              0.2867
        92,       123,      1.00,             10.0935,                   0,              0.2573
        92,       124,      1.00,              3.2052,                   0,              0.2205
        92,       125,      1.00,              2.2201,                   0,              0.1250
        92,       126,      1.00,             54.4889,                   0,              0.8381
        92,       127,      1.00,             33.1403,                   0,              0.7866
        92,       128,      1.00,              4.9916,                   0,              0.1911
        92,       129,      1.00,              3.2346,                   0,              0.1470
        92,       130,      1.00,              2.4333,                   0,              0.0809
        92,       131,      1.00,              3.3008,                   0,              0.1029
        92,       132,      1.00,              1.7496,                   0,              0.0809
        92,       133,      1.00,              1.8379,                   0,              0.0809
        92,       134,      1.00,              1.2203,                   0,              0.0662
        92,       135,      1.00,              4.1315,                   0,              0.0956
        92,       136,      1.00,              2.6024,                   0,              0.1397
        92,       137,      1.00,              1.1101,                   0,              0.0515
        92,       138,      1.00,              1.6688,                   0,              0.0882
        92,       139,      1.00,              0.1103,                   0,              0.0294
        92,       140,      1.00,              2.6318,                   0,              0.1617
        92,       141,      1.00,              3.3376,                   0,              0.2132
        92,       142,      1.00,             10.8213,                   0,              0.3235
        92,       143,      1.00,              4.5800,                   0,              0.2058
        92,       144,      1.00,              0.4852,                   0,              0.0368
        92,       145,      1.00,              1.4482,                   0,              0.0882
        92,       146,      1.00,              2.3157,                   0,              0.2647
        92,       147,      1.00,              0.5367,                   0,              0.1176
        92,       148,      1.00,              2.5142,                   0,              0.2058
        92,       149,      1.00,              0.9557,                   0,              0.1470
        92,       150,      1.00,              1.6173,                   0,              0.1470
        92,       151,      1.00,              1.5070,                   0,              0.3529
        92,       152,      1.00,              0.3896,                   0,              0.1103
        92,       153,      1.00,              0.4705,                   0,              0.0882
        92,       154,      1.00,              3.9404,                   0,              0.5072
        92,       155,      1.00,              1.9114,                   0,              0.3749
        92,       156,      1.00,              0.3235,                   0,              0.0441
        92,       157,      1.00,              0.2352,                   0,              0.0147
        92,       158,      1.00,                   0,                   0,              0.0221
        92,       159,      1.00,              0.0074,                   0,              0.0221
        92,       160,      1.00,              0.3529,                   0,              0.0662
        92,       161,      1.00,              1.2644,                   0,              0.1764
        92,       162,      1.00,              1.1468,                   0,              0.1764
        92,       163,      1.00,              0.0074,                   0,              0.0074
        92,       164,      1.00,              1.3821,                   0,              0.1397
        92,       165,      1.00,              1.2497,                   0,              0.1764
        92,       166,      1.00,              1.4188,                   0,              0.1911
        92,       167,      1.00,              0.8675,                   0,              0.1103
        92,       168,      1.00,              0.5661,                   0,              0.0662
        92,       169,      1.00,              0.2647,                   0,              0.0294
        92,       170,      1.00,              0.5367,                   0,              0.1397
        92,       171,      1.00,                   0,                   0,              0.0221
        92,       172,      1.00,              1.3012,                   0,              0.0882
        92,       173,      1.00,              0.0441,                   0,                   0
        92,       174,      1.00,              0.4484,                   0,              0.0294
        92,       175,      1.00,              0.7057,                   0,              0.0662
        92,       176,      1.00,              0.0221,                   0,                   0
        92,       177,      1.00,              0.5440,                   0,              0.0662
        92,       178,      1.00,              0.9263,                   0,              0.1617
        92,       179,      1.00,              0.8381,                   0,              0.1691
        92,       180,      1.00,              0.2058,                   0,              0.0147
        92,       181,      1.00,              0.4117,                   0,              0.0588
        92,       182,      1.00,              0.7866,                   0,              0.1103
        92,       183,      1.00,              0.2352,                   0,              0.0147
        92,       184,      1.00,              0.3896,                   0,              0.0221
        92,       185,      1.00,              0.4190,                   0,              0.0221
        92,       186,      1.00,              0.1176,                   0,              0.0074
        92,       187,      1.00,              0.1617,                   0,                   0
        92,       188,      1.00,              0.4852,                   0,              0.0221
        92,       189,      1.00,              0.0809,                   0,                   0
        92,       190,      1.00,              0.1470,                   0,              0.0074
        92,       191,      1.00,              0.0074,                   0,              0.0147
        92,       192,      1.00,              0.1911,                   0,              0.0147
        92,       193,      1.00,              0.0588,                   0,              0.0074
        92,       194,      1.00,              0.0221,                   0,                   0
        92,       195,      1.00,              0.4925,                   0,              0.0074
        92,       196,      1.00,              0.1470,                   0,              0.0147
        92,       197,      1.00,              0.0221,                   0,                   0
        92,       198,      1.00,                   0,                   0,              0.0074
        92,       199,      1.00,              0.0147,                   0,                   0
        92,       200,      1.00,              0.0441,                   0,              0.0074
        92,       201,      1.00,              0.0882,                   0,              0.0074
        92,       202,      1.00,              0.0441,                   0,                   0
        92,       203,      1.00,              0.0294,                   0,              0.0074
        92,       204,      1.00,              0.0368,                   0,              0.0074
        92,       205,      1.00,              0.0662,                   0,                   0
        92,       206,      1.00,              0.0662,                   0,                   0
        92,       207,      1.00,              0.0441,                   0,              0.0074
        92,       208,      1.00,              5.4401,                   0,              0.2058
        92,       209,      1.00,              4.2932,                   0,              0.2794
        92,       210,      1.00,              2.9920,                   0,              0.1617
        92,       211,      1.00,              0.0147,                   0,              0.0441
        92,       212,      1.00,              0.3529,                   0,              0.0368
        92,       213,      1.00,              0.2794,                   0,              0.0368
        92,       214,      1.00,              0.0074,                   0,              0.0074
        92,       218,      1.00,                   0,                   0,              0.0074
        92,       219,      1.00,                   0,                   0,              0.0074
        92,       224,      1.00,                   0,                   0,              0.0515
        92,       226,      1.00,                   0,                   0,              0.0368
        92,       228,      1.00,                   0,                   0,              0.0074
        93,         2,      1.00,              0.2058,                   0,                   0
        93,         4,      1.00,              0.1397,                   0,                   0
        93,         6,      1.00,              0.2058,                   0,              0.0074
        93,         7,      1.00,              0.2058,                   0,              0.0074
        93,         8,      1.00,              0.2205,                   0,              0.0074
        93,        10,      1.00,              0.2058,                   0,                   0
        93,        11,      1.00,              0.0735,                   0,                   0
        93,        12,      1.00,              0.0074,                   0,              0.0074
        93,        13,      1.00,              0.2205,                   0,              0.0074
        93,        14,      1.00,              0.4264,                   0,                   0
        93,        15,      1.00,              0.0074,                   0,              0.0147
        93,        17,      1.00,              0.2058,                   0,                   0
        93,        21,      1.00,                   0,                   0,              0.0074
        93,        22,      1.00,              0.2058,                   0,                   0
        93,        23,      1.00,              0.0074,                   0,                   0
        93,        24,      1.00,              0.0074,                   0,              0.0074
        93,        27,      1.00,              0.0074,                   0,                   0
        93,        28,      1.00,              0.4190,                   0,              0.0074
        93,        29,      1.00,              0.2058,                   0,                   0
        93,        30,      1.00,              0.0074,                   0,              0.0074
        93,        31,      1.00,                   0,                   0,              0.0074
        93,        32,      1.00,              0.0074,                   0,              0.0074
        93,        33,      1.00,              0.2132,                   0,              0.0147
        93,        35,      1.00,              0.6249,                   0,                   0
        93,        36,      1.00,              0.2132,                   0,              0.0074
        93,        37,      1.00,              0.0147,                   0,                   0
        93,        38,      1.00,              0.0074,                   0,                   0
        93,        39,      1.00,              0.2205,                   0,              0.0147
        93,        40,      1.00,              0.0147,                   0,                   0
        93,        41,      1.00,              0.8381,                   0,              0.0221
        93,        42,      1.00,              0.2058,                   0,              0.0074
        93,        43,      1.00,              0.8307,                   0,              0.0074
        93,        44,      1.00,              1.1468,                   0,              0.0294
        93,        45,      1.00,              1.4703,                   0,              0.0368
        93,        46,      1.00,              0.7719,                   0,              0.0515
        93,        47,      1.00,              0.4852,                   0,              0.0074
        93,        48,      1.00,              0.0294,                   0,              0.0074
        93,        49,      1.00,              0.0147,                   0,              0.0147
        93,        50,      1.00,              0.1764,                   0,              0.0221
        93,        51,      1.00,              0.0074,                   0,                   0
        93,        52,      1.00,              0.2132,                   0,              0.0147
        93,        55,      1.00,              0.4264,                   0,              0.0147
        93,        56,      1.00,              0.5734,                   0,              0.0147
        93,        57,      1.00,              0.0221,                   0,                   0
        93,        58,      1.00,              0.4925,                   0,              0.0294
        93,        59,      1.00,              0.2058,                   0,              0.0147
        93,        60,      1.00,              0.0074,                   0,              0.0074
        93,        61,      1.00,              0.4190,                   0,              0.0147
        93,        62,      1.00,              0.1691,                   0,              0.0074
        93,        63,      1.00,              0.8307,                   0,              0.0221
        93,        64,      1.00,              0.0074,                   0,              0.0221
        93,        65,      1.00,              0.5220,                   0,              0.0074
        93,        66,      1.00,              0.5220,                   0,              0.0074
        93,        67,      1.00,              0.7498,                   0,              0.0294
        93,        68,      1.00,              0.1029,                   0,              0.0074
        93,        69,      1.00,              0.4190,                   0,              0.0221
        93,        70,      1.00,              0.2058,                   0,                   0
        93,        71,      1.00,              0.2132,                   0,              0.0147
        93,        72,      1.00,              0.2058,                   0,              0.0074
        93,        73,      1.00,              0.0147,                   0,              0.0147
        93,        74,      1.00,              0.5220,                   0,              0.0074
        93,        75,      1.00,              0.7425,                   0,              0.0441
        93,        76,      1.00,              0.3161,                   0,              0.0294
        93,        77,      1.00,                   0,                   0,              0.0147
        93,        79,      1.00,              0.8381,                   0,              0.0368
        93,        80,      1.00,              1.1395,                   0,              0.0294
        93,        81,      1.00,              1.8085,                   0,              0.0735
        93,        82,      1.00,              0.4264,                   0,                   0
        93,        83,      1.00,              2.3966,                   0,              0.0735
        93,        84,      1.00,             26.2961,                   0,              0.1323
        93,        85,      1.00,             11.6153,                   0,              0.0956
        93,        86,      1.00,              7.0941,                   0,              0.0662
        93,        87,      1.00,              0.6249,                   0,              0.0074
        93,        88,      1.00,              0.7278,                   0,              0.0074
        93,        89,      1.00,              1.2424,                   0,              0.0147
        93,        90,      1.00,              5.6239,                   0,              0.0515
        93,        91,      1.00,              9.6083,                   0,              0.0441
        93,        92,      1.00,             17.0701,                   0,              0.1617
        93,        93,      1.00,             15.4307,                   0,              0.0294
        93,        94,      1.00,              4.8446,                   0,              0.0441
        93,        95,      1.00,              9.1378,                   0,              0.1250
        93,        96,      1.00,              0.8234,                   0,              0.0074
        93,        97,      1.00,              0.1250,                   0,              0.0074
        93,        98,      1.00,              0.0882,                   0,              0.0147
        93,       100,      1.00,              0.0074,                   0,              0.0368
        93,       101,      1.00,              0.6322,                   0,              0.0221
        93,       102,      1.00,                   0,                   0,              0.0074
        93,       103,      1.00,              2.7127,                   0,              0.0294
        93,       104,      1.00,              1.6541,                   0,              0.0221
        93,       105,      1.00,              0.4190,                   0,              0.0221
        93,       106,      1.00,              1.9849,                   0,              0.0221
        93,       107,      1.00,              1.1468,                   0,              0.0221
        93,       108,      1.00,              0.3161,                   0,              0.0147
        93,       109,      1.00,              0.4852,                   0,              0.0221
        93,       110,      1.00,              1.2350,                   0,              0.0074
        93,       111,      1.00,              0.5146,                   0,              0.0074
        93,       112,      1.00,              0.4264,                   0,              0.0074
        93,       114,      1.00,              1.0292,                   0,              0.0588
        93,       115,      1.00,                   0,                   0,              0.0147
        93,       116,      1.00,              0.1103,                   0,              0.0147
        93,       117,      1.00,              0.4925,                   0,              0.0441
        93,       118,      1.00,              2.7127,                   0,              0.0515
        93,       119,      1.00,              7.3882,                   0,              0.0956
        93,       120,      1.00,             14.3794,                   0,              0.0809
        93,       121,      1.00,              5.0063,                   0,              0.0956
        93,       122,      1.00,              2.8009,                   0,              0.0662
        93,       123,      1.00,              2.1760,                   0,              0.0588
        93,       124,      1.00,              0.5072,                   0,              0.0515
        93,       125,      1.00,              0.0221,                   0,              0.0294
        93,       126,      1.00,              3.8595,                   0,              0.0956
        93,       127,      1.00,              3.4993,                   0,              0.1691
        93,       128,      1.00,              0.5072,                   0,              0.0441
        93,       129,      1.00,              0.3749,                   0,              0.0368
        93,       130,      1.00,              0.4999,                   0,              0.0221
        93,       131,      1.00,              0.5293,                   0,              0.0221
        93,       132,      1.00,              0.1691,                   0,              0.0221
        93,       133,      1.00,              0.1323,                   0,              0.0147
        93,       134,      1.00,              0.2573,                   0,              0.0147
        93,       135,      1.00,              0.1103,                   0,              0.0221
        93,       136,      1.00,              0.0147,                   0,              0.0294
        93,       137,      1.00,              0.0074,                   0,              0.0074
        93,       138,      1.00,              0.2132,                   0,              0.0147
        93,       139,      1.00,              0.0221,                   0,              0.0074
        93,       140,      1.00,              0.4337,                   0,              0.0368
        93,       141,      1.00,              0.3896,                   0,              0.0515
        93,       142,      1.00,              1.4556,                   0,              0.0294
        93,       143,      1.00,              0.6910,                   0,              0.0515
        93,       144,      1.00,              0.1176,                   0,              0.0074
        93,       145,      1.00,              0.2279,                   0,              0.0221
        93,       146,      1.00,              0.5220,                   0,              0.0662
        93,       147,      1.00,              0.0809,                   0,              0.0294
        93,       148,      1.00,              0.5808,                   0,              0.0515
        93,       149,      1.00,              0.2279,                   0,              0.0368
        93,       150,      1.00,              0.2426,                   0,              0.0441
        93,       151,      1.00,              0.3823,                   0,              0.0809
        93,       152,      1.00,              0.0809,                   0,              0.0221
        93,       153,      1.00,              0.1397,                   0,              0.0221
        93,       154,      1.00,              0.5293,                   0,              0.0809
        93,       155,      1.00,              0.4117,                   0,              0.0735
        93,       156,      1.00,              0.0294,                   0,              0.0147
        93,       157,      1.00,              0.0074,                   0,                   0
        93,       158,      1.00,                   0,                   0,              0.0074
        93,       159,      1.00,                   0,                   0,              0.0074
        93,       160,      1.00,              0.1250,                   0,              0.0147
        93,       161,      1.00,              0.4411,                   0,              0.0368
        93,       162,      1.00,              0.2279,                   0,              0.0368
        93,       164,      1.00,              0.3088,                   0,              0.0221
        93,       165,      1.00,              0.1103,                   0,              0.0441
        93,       166,      1.00,              0.2058,                   0,              0.0441
        93,       167,      1.00,              0.0515,                   0,              0.0221
        93,       168,      1.00,              0.1176,                   0,              0.0147
        93,       169,      1.00,              0.0956,                   0,              0.0074
        93,       170,      1.00,              0.0735,                   0,              0.0294
        93,       171,      1.00,                   0,                   0,              0.0074
        93,       172,      1.00,              0.1764,                   0,              0.0147
        93,       174,      1.00,              0.0735,                   0,              0.0074
        93,       175,      1.00,              0.0882,                   0,              0.0147
        93,       177,      1.00,              0.0956,                   0,              0.0147
        93,       178,      1.00,              0.1176,                   0,              0.0368
        93,       179,      1.00,              0.1838,                   0,              0.0368
        93,       181,      1.00,              0.0662,                   0,              0.0147
        93,       182,      1.00,              0.2058,                   0,              0.0221
        93,       183,      1.00,              0.0735,                   0,                   0
        93,       184,      1.00,              0.0368,                   0,                   0
        93,       186,      1.00,              0.0221,                   0,                   0
        93,       187,      1.00,              0.0368,                   0,                   0
        93,       188,      1.00,              0.0515,                   0,              0.0074
        93,       189,      1.00,              0.0221,                   0,                   0
        93,       192,      1.00,              0.0735,                   0,                   0
        93,       195,      1.00,              0.0588,                   0,                   0
        93,       196,      1.00,              0.0221,                   0,                   0
        93,       198,      1.00,              0.0221,                   0,                   0
        93,       201,      1.00,              0.0074,                   0,                   0
        93,       207,      1.00,              0.0221,                   0,                   0
        93,       208,      1.00,              0.9924,                   0,              0.0221
        93,       209,      1.00,              1.1468,                   0,              0.0515
        93,       210,      1.00,              0.8895,                   0,              0.0294
        93,       211,      1.00,              0.0074,                   0,              0.0074
        93,       212,      1.00,              0.0074,                   0,              0.0074
        93,       213,      1.00,              0.0074,                   0,              0.0074
        93,       224,      1.00,                   0,                   0,              0.0147
        93,       226,      1.00,                   0,                   0,              0.0147
        94,         6,      1.00,              0.0294,                   0,              0.0074
        94,         7,      1.00,              0.2573,                   0,              0.0074
        94,         8,      1.00,              0.7646,                   0,              0.0074
        94,         9,      1.00,              0.4264,                   0,              0.0074
        94,        11,      1.00,              0.2499,                   0,                   0
        94,        12,      1.00,              0.0074,                   0,              0.0074
        94,        13,      1.00,              0.2279,                   0,              0.0074
        94,        14,      1.00,              0.8381,                   0,                   0
        94,        15,      1.00,              0.3235,                   0,              0.0147
        94,        17,      1.00,                   0,                   0,              0.0074
        94,        19,      1.00,                   0,                   0,              0.0074
        94,        21,      1.00,                   0,                   0,              0.0074
        94,        23,      1.00,              0.0074,                   0,                   0
        94,        24,      1.00,              0.2132,                   0,                   0
        94,        25,      1.00,              0.2058,                   0,                   0
        94,        27,      1.00,              0.2205,                   0,                   0
        94,        28,      1.00,              0.6249,                   0,              0.0147
        94,        29,      1.00,              0.0074,                   0,                   0
        94,        30,      1.00,              0.0074,                   0,              0.0074
        94,        31,      1.00,              0.0074,                   0,              0.0074
        94,        32,      1.00,              0.2132,                   0,              0.0074
        94,        33,      1.00,              0.4264,                   0,              0.0147
        94,        35,      1.00,              0.2205,                   0,                   0
        94,        36,      1.00,              0.0147,                   0,              0.0074
        94,        37,      1.00,              0.0221,                   0,                   0
        94,        38,      1.00,              0.0147,                   0,                   0
        94,        39,      1.00,              0.4337,                   0,              0.0221
        94,        40,      1.00,              0.2279,                   0,                   0
        94,        41,      1.00,              0.3382,                   0,              0.0294
        94,        42,      1.00,              0.3088,                   0,              0.0074
        94,        43,      1.00,              0.5220,                   0,              0.0074
        94,        44,      1.00,              0.4411,                   0,              0.0441
        94,        45,      1.00,              0.7351,                   0,              0.0588
        94,        46,      1.00,              0.9189,                   0,              0.0735
        94,        47,      1.00,              0.1838,                   0,              0.0147
        94,        48,      1.00,                   0,                   0,              0.0074
        94,        49,      1.00,              0.3308,                   0,              0.0221
        94,        50,      1.00,              0.0074,                   0,              0.0515
        94,        51,      1.00,              0.0147,                   0,                   0
        94,        52,      1.00,              0.6322,                   0,              0.0221
        94,        54,      1.00,              0.2132,                   0,                   0
        94,        55,      1.00,              0.9557,                   0,              0.0221
        94,        56,      1.00,              0.6249,                   0,              0.0221
        94,        57,      1.00,              0.0221,                   0,                   0
        94,        58,      1.00,              0.4043,                   0,              0.0441
        94,        59,      1.00,              0.2132,                   0,              0.0147
        94,        60,      1.00,              0.2132,                   0,              0.0074
        94,        61,      1.00,              1.3527,                   0,              0.0221
        94,        62,      1.00,              1.0439,                   0,              0.0074
        94,        63,      1.00,              0.7278,                   0,              0.0294
        94,        64,      1.00,              0.0221,                   0,              0.0368
        94,        65,      1.00,              0.4925,                   0,              0.0147
        94,        66,      1.00,              0.2205,                   0,              0.0074
        94,        67,      1.00,              0.5587,                   0,              0.0368
        94,        68,      1.00,              0.0147,                   0,              0.0074
        94,        69,      1.00,              0.2205,                   0,              0.0294
        94,        70,      1.00,              0.5220,                   0,                   0
        94,        71,      1.00,              0.4852,                   0,              0.0221
        94,        72,      1.00,              0.3161,                   0,              0.0074
        94,        73,      1.00,              0.0294,                   0,              0.0221
        94,        74,      1.00,              0.6322,                   0,              0.0147
        94,        75,      1.00,              1.1762,                   0,              0.0735
        94,        76,      1.00,              1.1468,                   0,              0.0368
        94,        77,      1.00,              0.2132,                   0,              0.0294
        94,        79,      1.00,              1.4923,                   0,              0.0441
        94,        80,      1.00,              1.0219,                   0,              0.0368
        94,        81,      1.00,              1.6100,                   0,              0.0735
        94,        82,      1.00,              0.4999,                   0,              0.0074
        94,        83,      1.00,              4.6829,                   0,              0.1103
        94,        84,      1.00,              7.9984,                   0,              0.1691
        94,        85,      1.00,              7.1677,                   0,              0.1176
        94,        86,      1.00,              9.4981,                   0,              0.1029
        94,        87,      1.00,              1.8746,                   0,              0.0074
        94,        88,      1.00,              2.6465,                   0,              0.0147
        94,        89,      1.00,              4.3962,                   0,              0.0294
        94,        90,      1.00,             12.6445,                   0,              0.0956
        94,        91,      1.00,              4.8299,                   0,              0.0515
        94,        92,      1.00,             10.0421,                   0,              0.2279
        94,        93,      1.00,              5.6092,                   0,              0.0441
        94,        94,      1.00,              8.2042,                   0,              0.0662
        94,        95,      1.00,             16.7172,                   0,              0.2132
        94,        96,      1.00,              0.5220,                   0,              0.0294
        94,        97,      1.00,              0.0515,                   0,              0.0074
        94,        98,      1.00,              0.6763,                   0,              0.0074
        94,        99,      1.00,              0.3161,                   0,                   0
        94,       100,      1.00,              0.9483,                   0,              0.0441
        94,       101,      1.00,              0.4337,                   0,              0.0294
        94,       102,      1.00,              0.8234,                   0,                   0
        94,       103,      1.00,              4.9549,                   0,              0.0809
        94,       104,      1.00,              4.4329,                   0,              0.0515
        94,       105,      1.00,              1.6688,                   0,              0.0441
        94,       106,      1.00,              3.3523,                   0,              0.0588
        94,       107,      1.00,              2.8303,                   0,              0.0588
        94,       108,      1.00,              0.2205,                   0,              0.0147
        94,       109,      1.00,              0.2352,                   0,              0.0368
        94,       110,      1.00,              1.8746,                   0,              0.0147
        94,       111,      1.00,              1.6173,                   0,              0.0147
        94,       112,      1.00,              0.2352,                   0,              0.0074
        94,       114,      1.00,              1.9702,                   0,              0.1250
        94,       115,      1.00,                   0,                   0,              0.0147
        94,       116,      1.00,              0.2205,                   0,              0.0368
        94,       117,      1.00,              2.7127,                   0,              0.0662
        94,       118,      1.00,              3.3523,                   0,              0.1691
        94,       119,      1.00,              2.5362,                   0,              0.1250
        94,       120,      1.00,              6.4987,                   0,              0.1176
        94,       121,      1.00,              4.3447,                   0,              0.1838
        94,       122,      1.00,              8.4321,                   0,              0.1470
        94,       123,      1.00,              3.2126,                   0,              0.1470
        94,       124,      1.00,              0.8381,                   0,              0.0735
        94,       125,      1.00,              0.0368,                   0,              0.0368
        94,       126,      1.00,              1.3674,                   0,              0.1911
        94,       127,      1.00,              2.7421,                   0,              0.2867
        94,       128,      1.00,              0.4411,                   0,              0.0882
        94,       129,      1.00,              0.4484,                   0,              0.0662
        94,       130,      1.00,              0.3014,                   0,              0.0368
        94,       131,      1.00,              0.6469,                   0,              0.0368
        94,       132,      1.00,              0.5367,                   0,              0.0368
        94,       133,      1.00,              0.1838,                   0,              0.0368
        94,       134,      1.00,              0.2132,                   0,              0.0294
        94,       135,      1.00,              0.0735,                   0,              0.0368
        94,       136,      1.00,              0.4411,                   0,              0.0441
        94,       137,      1.00,              0.2058,                   0,              0.0147
        94,       138,      1.00,              0.4264,                   0,              0.0221
        94,       139,      1.00,              0.0368,                   0,              0.0147
        94,       140,      1.00,              0.4264,                   0,              0.0662
        94,       141,      1.00,              0.6249,                   0,              0.0882
        94,       142,      1.00,              0.8454,                   0,              0.0515
        94,       143,      1.00,              0.6690,                   0,              0.0882
        94,       144,      1.00,              0.1323,                   0,              0.0147
        94,       145,      1.00,              0.2279,                   0,              0.0441
        94,       146,      1.00,              0.5293,                   0,              0.1103
        94,       147,      1.00,              0.2573,                   0,              0.0515
        94,       148,      1.00,              0.4411,                   0,              0.0956
        94,       149,      1.00,              0.1397,                   0,              0.0662
        94,       150,      1.00,              0.2647,                   0,              0.0662
        94,       151,      1.00,              0.2720,                   0,              0.1470
        94,       152,      1.00,              0.0735,                   0,              0.0441
        94,       153,      1.00,              0.0588,                   0,              0.0368
        94,       154,      1.00,              0.4558,                   0,              0.1397
        94,       155,      1.00,              0.1911,                   0,              0.1397
        94,       156,      1.00,              0.0515,                   0,              0.0221
        94,       157,      1.00,                   0,                   0,              0.0074
        94,       158,      1.00,                   0,                   0,              0.0147
        94,       159,      1.00,                   0,                   0,              0.0074
        94,       160,      1.00,              0.1470,                   0,              0.0294
        94,       161,      1.00,              0.3676,                   0,              0.0662
        94,       162,      1.00,              0.0368,                   0,              0.0441
        94,       164,      1.00,              0.1470,                   0,              0.0368
        94,       165,      1.00,              0.1397,                   0,              0.0735
        94,       166,      1.00,              0.2720,                   0,              0.0735
        94,       167,      1.00,              0.1323,                   0,              0.0441
        94,       168,      1.00,              0.0588,                   0,              0.0221
        94,       169,      1.00,              0.0294,                   0,              0.0147
        94,       170,      1.00,              0.0588,                   0,              0.0588
        94,       172,      1.00,              0.2205,                   0,              0.0368
        94,       173,      1.00,              0.0147,                   0,                   0
        94,       174,      1.00,              0.1029,                   0,              0.0221
        94,       175,      1.00,              0.0441,                   0,              0.0294
        94,       176,      1.00,              0.0147,                   0,                   0
        94,       177,      1.00,              0.0074,                   0,              0.0294
        94,       178,      1.00,              0.1470,                   0,              0.0662
        94,       179,      1.00,              0.1029,                   0,              0.0588
        94,       180,      1.00,              0.0294,                   0,              0.0074
        94,       181,      1.00,              0.0441,                   0,              0.0294
        94,       182,      1.00,              0.1397,                   0,              0.0441
        94,       183,      1.00,              0.0074,                   0,                   0
        94,       184,      1.00,              0.0294,                   0,              0.0074
        94,       185,      1.00,              0.0515,                   0,                   0
        94,       188,      1.00,              0.0074,                   0,              0.0074
        94,       190,      1.00,              0.0074,                   0,                   0
        94,       192,      1.00,                   0,                   0,              0.0074
        94,       196,      1.00,                   0,                   0,              0.0074
        94,       208,      1.00,              0.8528,                   0,              0.0294
        94,       209,      1.00,              1.0954,                   0,              0.0809
        94,       210,      1.00,              1.4997,                   0,              0.0368
        94,       211,      1.00,              0.0074,                   0,              0.0147
        94,       212,      1.00,              0.0147,                   0,              0.0074
        94,       213,      1.00,              0.0147,                   0,              0.0221
        94,       218,      1.00,                   0,                   0,              0.0074
        94,       219,      1.00,                   0,                   0,              0.0074
        94,       224,      1.00,                   0,                   0,              0.0294
        94,       226,      1.00,                   0,                   0,              0.0221
        95,         1,      1.00,              0.4117,                   0,                   0
        95,         2,      1.00,              0.1029,                   0,                   0
        95,         3,      1.00,              0.1764,                   0,                   0
        95,         4,      1.00,              0.6396,                   0,                   0
        95,         5,      1.00,                   0,                   0,              0.0074
        95,         6,      1.00,              0.0294,                   0,              0.0074
        95,         7,      1.00,              0.2573,                   0,              0.0147
        95,         8,      1.00,              1.4262,                   0,              0.0221
        95,         9,      1.00,              0.7425,                   0,              0.0147
        95,        10,      1.00,              0.2058,                   0,                   0
        95,        11,      1.00,              0.3455,                   0,              0.0074
        95,        12,      1.00,              0.2794,                   0,              0.0221
        95,        13,      1.00,              0.7498,                   0,              0.0294
        95,        14,      1.00,              1.6247,                   0,              0.0074
        95,        15,      1.00,              1.1983,                   0,              0.0515
        95,        17,      1.00,              0.9263,                   0,              0.0074
        95,        18,      1.00,              0.1617,                   0,              0.0074
        95,        19,      1.00,              0.4558,                   0,              0.0074
        95,        20,      1.00,              0.2058,                   0,                   0
        95,        21,      1.00,              0.2058,                   0,              0.0147
        95,        22,      1.00,              0.8234,                   0,                   0
        95,        23,      1.00,              1.1468,                   0,              0.0074
        95,        24,      1.00,              0.4264,                   0,              0.0074
        95,        26,      1.00,              0.4190,                   0,                   0
        95,        27,      1.00,              0.2205,                   0,              0.0074
        95,        28,      1.00,              0.5293,                   0,              0.0515
        95,        29,      1.00,              0.0074,                   0,                   0
        95,        30,      1.00,              0.2794,                   0,              0.0221
        95,        31,      1.00,              0.2132,                   0,              0.0221
        95,        32,      1.00,              1.4482,                   0,              0.0368
        95,        33,      1.00,              0.2205,                   0,              0.0515
        95,        34,      1.00,              0.2058,                   0,              0.0074
        95,        35,      1.00,              0.8013,                   0,              0.0147
        95,        36,      1.00,              0.4337,                   0,              0.0441
        95,        37,      1.00,              0.6469,                   0,              0.0074
        95,        38,      1.00,              0.1176,                   0,              0.0074
        95,        39,      1.00,              0.7572,                   0,              0.0515
        95,        40,      1.00,              0.7572,                   0,              0.0147
        95,        41,      1.00,              1.2350,                   0,              0.0956
        95,        42,      1.00,              0.3161,                   0,              0.0221
        95,        43,      1.00,              0.4484,                   0,              0.0294
        95,        44,      1.00,              0.7204,                   0,              0.1397
        95,        45,      1.00,              2.1981,                   0,              0.1911
        95,        46,      1.00,              2.0952,                   0,              0.2205
        95,        47,      1.00,              0.2941,                   0,              0.0441
        95,        48,      1.00,                   0,                   0,              0.0221
        95,        49,      1.00,              0.2426,                   0,              0.0662
        95,        50,      1.00,              0.0074,                   0,              0.1323
        95,        51,      1.00,              0.0221,                   0,                   0
        95,        52,      1.00,              1.1027,                   0,              0.0588
        95,        53,      1.00,                   0,                   0,              0.0074
        95,        54,      1.00,              0.1103,                   0,              0.0074
        95,        55,      1.00,              1.8893,                   0,              0.0662
        95,        56,      1.00,              0.7057,                   0,              0.0809
        95,        57,      1.00,              0.0294,                   0,                   0
        95,        58,      1.00,              1.1762,                   0,              0.1323
        95,        59,      1.00,              0.8307,                   0,              0.0662
        95,        60,      1.00,              1.0439,                   0,              0.0221
        95,        61,      1.00,              0.9483,                   0,              0.0662
        95,        62,      1.00,              0.4264,                   0,              0.0294
        95,        63,      1.00,              1.4556,                   0,              0.0735
        95,        64,      1.00,              0.3970,                   0,              0.0956
        95,        65,      1.00,              1.7864,                   0,              0.0221
        95,        66,      1.00,              1.2718,                   0,              0.0147
        95,        67,      1.00,              2.4480,                   0,              0.1103
        95,        68,      1.00,              1.1762,                   0,              0.0294
        95,        69,      1.00,              0.3308,                   0,              0.0809
        95,        70,      1.00,              0.2132,                   0,              0.0074
        95,        71,      1.00,              0.9410,                   0,              0.0515
        95,        72,      1.00,              0.8895,                   0,              0.0294
        95,        73,      1.00,              0.0368,                   0,              0.0735
        95,        74,      1.00,              1.1101,                   0,              0.0368
        95,        75,      1.00,              3.6610,                   0,              0.2205
        95,        76,      1.00,              2.4039,                   0,              0.1103
        95,        77,      1.00,              0.9924,                   0,              0.0809
        95,        79,      1.00,              3.4919,                   0,              0.0735
        95,        80,      1.00,              6.6384,                   0,              0.1029
        95,        81,      1.00,              2.7494,                   0,              0.1691
        95,        82,      1.00,              1.0880,                   0,              0.0221
        95,        83,      1.00,              8.9541,                   0,              0.3014
        95,        84,      1.00,             18.2463,                   0,              0.4043
        95,        85,      1.00,             11.2257,                   0,              0.3088
        95,        86,      1.00,             12.5416,                   0,              0.2499
        95,        87,      1.00,              3.5213,                   0,              0.0221
        95,        88,      1.00,              6.4766,                   0,              0.0441
        95,        89,      1.00,              8.6968,                   0,              0.0956
        95,        90,      1.00,             18.5477,                   0,              0.2205
        95,        91,      1.00,              6.5354,                   0,              0.1617
        95,        92,      1.00,             41.9474,                   0,              0.5220
        95,        93,      1.00,              8.3586,                   0,              0.1250
        95,        94,      1.00,             14.6000,                   0,              0.2132
        95,        95,      1.00,            122.4751,                   0,              0.6175
        95,        96,      1.00,              1.4703,                   0,              0.0956
        95,        97,      1.00,              0.3749,                   0,              0.0221
        95,        98,      1.00,              0.2794,                   0,              0.0221
        95,        99,      1.00,              0.0074,                   0,              0.0147
        95,       100,      1.00,              1.6835,                   0,              0.1323
        95,       101,      1.00,              0.8160,                   0,              0.0735
        95,       102,      1.00,              0.8307,                   0,              0.0074
        95,       103,      1.00,              9.9833,                   0,              0.1470
        95,       104,      1.00,              7.4029,                   0,              0.1397
        95,       105,      1.00,              4.6020,                   0,              0.1029
        95,       106,      1.00,              7.2412,                   0,              0.1029
        95,       107,      1.00,              7.2265,                   0,              0.0588
        95,       108,      1.00,              1.1762,                   0,              0.0441
        95,       109,      1.00,              3.4772,                   0,              0.0441
        95,       110,      1.00,              4.4109,                   0,              0.0515
        95,       111,      1.00,              4.2932,                   0,              0.0368
        95,       112,      1.00,              0.8675,                   0,              0.0441
        95,       114,      1.00,              4.6314,                   0,              0.2499
        95,       115,      1.00,              0.0074,                   0,              0.0368
        95,       116,      1.00,              0.3455,                   0,              0.1029
        95,       117,      1.00,             14.1148,                   0,              0.2426
        95,       118,      1.00,             22.3337,                   0,              0.4558
        95,       119,      1.00,             22.6278,                   0,              0.4631
        95,       120,      1.00,             21.9441,                   0,              0.3014
        95,       121,      1.00,             31.3319,                   0,              0.4925
        95,       122,      1.00,             59.9804,                   0,              0.4484
        95,       123,      1.00,             19.8563,                   0,              0.4264
        95,       124,      1.00,              7.2779,                   0,              0.2573
        95,       125,      1.00,              3.6610,                   0,              0.1250
        95,       126,      1.00,             14.2839,                   0,              0.4558
        95,       127,      1.00,             25.2155,                   0,              0.8087
        95,       128,      1.00,              3.6096,                   0,              0.2279
        95,       129,      1.00,              5.8738,                   0,              0.1691
        95,       130,      1.00,              2.6833,                   0,              0.0956
        95,       131,      1.00,              2.2201,                   0,              0.1323
        95,       132,      1.00,              2.0216,                   0,              0.0882
        95,       133,      1.00,              1.9922,                   0,              0.1029
        95,       134,      1.00,              1.4629,                   0,              0.0735
        95,       135,      1.00,              3.3890,                   0,              0.1029
        95,       136,      1.00,              3.0729,                   0,              0.1470
        95,       137,      1.00,              1.5217,                   0,              0.0441
        95,       138,      1.00,              2.4186,                   0,              0.0662
        95,       139,      1.00,              0.2205,                   0,              0.0368
        95,       140,      1.00,              3.3449,                   0,              0.1911
        95,       141,      1.00,              3.0509,                   0,              0.2279
        95,       142,      1.00,              3.1464,                   0,              0.1470
        95,       143,      1.00,              4.8299,                   0,              0.2279
        95,       144,      1.00,              0.5293,                   0,              0.0441
        95,       145,      1.00,              1.4262,                   0,              0.1029
        95,       146,      1.00,              3.6831,                   0,              0.2941
        95,       147,      1.00,              0.8969,                   0,              0.1397
        95,       148,      1.00,              4.0139,                   0,              0.2352
        95,       149,      1.00,              1.3747,                   0,              0.1764
        95,       150,      1.00,              1.8599,                   0,              0.1985
        95,       151,      1.00,              2.3672,                   0,              0.3749
        95,       152,      1.00,              0.9042,                   0,              0.1176
        95,       153,      1.00,              0.9042,                   0,              0.0956
        95,       154,      1.00,              3.1244,                   0,              0.4337
        95,       155,      1.00,              2.3672,                   0,              0.3676
        95,       156,      1.00,              0.2205,                   0,              0.0441
        95,       157,      1.00,              0.3308,                   0,              0.0294
        95,       158,      1.00,              0.2058,                   0,              0.0441
        95,       159,      1.00,              0.0147,                   0,              0.0221
        95,       160,      1.00,              0.6690,                   0,              0.0809
        95,       161,      1.00,              2.1025,                   0,              0.1985
        95,       162,      1.00,              1.9114,                   0,              0.1617
        95,       163,      1.00,              0.0074,                   0,              0.0074
        95,       164,      1.00,              1.9922,                   0,              0.1617
        95,       165,      1.00,              1.4041,                   0,              0.2058
        95,       166,      1.00,              1.7717,                   0,              0.2132
        95,       167,      1.00,              1.0439,                   0,              0.1176
        95,       168,      1.00,              0.6175,                   0,              0.0882
        95,       169,      1.00,              0.3896,                   0,              0.0368
        95,       170,      1.00,              0.7866,                   0,              0.1617
        95,       171,      1.00,                   0,                   0,              0.0074
        95,       172,      1.00,              1.9775,                   0,              0.1029
        95,       173,      1.00,              0.0515,                   0,                   0
        95,       174,      1.00,              0.6396,                   0,              0.0515
        95,       175,      1.00,              0.9410,                   0,              0.0882
        95,       176,      1.00,              0.0588,                   0,                   0
        95,       177,      1.00,              0.5881,                   0,              0.0809
        95,       178,      1.00,              1.1248,                   0,              0.1617
        95,       179,      1.00,              1.6026,                   0,              0.1985
        95,       180,      1.00,              0.1764,                   0,              0.0147
        95,       181,      1.00,              0.7057,                   0,              0.0515
        95,       182,      1.00,              1.0145,                   0,              0.1029
        95,       183,      1.00,              0.2647,                   0,              0.0074
        95,       184,      1.00,              0.3602,                   0,              0.0147
        95,       185,      1.00,              0.3382,                   0,              0.0074
        95,       186,      1.00,              0.1764,                   0,              0.0074
        95,       187,      1.00,              0.1911,                   0,                   0
        95,       188,      1.00,              0.4705,                   0,              0.0294
        95,       189,      1.00,              0.1176,                   0,                   0
        95,       190,      1.00,              0.1176,                   0,              0.0074
        95,       191,      1.00,                   0,                   0,              0.0074
        95,       192,      1.00,              0.1470,                   0,              0.0221
        95,       193,      1.00,              0.0515,                   0,              0.0074
        95,       195,      1.00,              0.3529,                   0,              0.0074
        95,       196,      1.00,              0.1176,                   0,              0.0147
        95,       197,      1.00,              0.0662,                   0,                   0
        95,       198,      1.00,              0.0735,                   0,              0.0074
        95,       199,      1.00,              0.0221,                   0,                   0
        95,       200,      1.00,              0.0221,                   0,              0.0074
        95,       201,      1.00,              0.1544,                   0,              0.0147
        95,       202,      1.00,              0.0735,                   0,                   0
        95,       203,      1.00,              0.0074,                   0,              0.0074
        95,       204,      1.00,              0.0221,                   0,              0.0147
        95,       205,      1.00,              0.0662,                   0,                   0
        95,       206,      1.00,              0.0441,                   0,                   0
        95,       207,      1.00,              0.0735,                   0,              0.0074
        95,       208,      1.00,              1.2203,                   0,              0.0882
        95,       209,      1.00,              2.0290,                   0,              0.2426
        95,       210,      1.00,              1.7643,                   0,              0.1250
        95,       211,      1.00,              0.0294,                   0,              0.0441
        95,       212,      1.00,              0.0515,                   0,              0.0368
        95,       213,      1.00,              0.1397,                   0,              0.0515
        95,       214,      1.00,              0.0074,                   0,              0.0074
        95,       218,      1.00,                   0,                   0,              0.0074
        95,       219,      1.00,                   0,                   0,              0.0147
        95,       224,      1.00,                   0,                   0,              0.0588
        95,       226,      1.00,                   0,                   0,              0.0515
        95,       227,      1.00,                   0,                   0,              0.0074
        95,       228,      1.00,                   0,                   0,              0.0074
        96,         6,      1.00,              0.2058,                   0,                   0
        96,         8,      1.00,              0.0882,                   0,                   0
        96,         9,      1.00,              0.1176,                   0,                   0
        96,        12,      1.00,              0.2058,                   0,                   0
        96,        13,      1.00,              0.1029,                   0,                   0
        96,        15,      1.00,              0.1029,                   0,              0.0809
        96,        17,      1.00,                   0,                   0,              0.0074
        96,        22,      1.00,              0.2058,                   0,                   0
        96,        27,      1.00,              0.2058,                   0,              0.0221
        96,        28,      1.00,              0.6175,                   0,              0.0515
        96,        29,      1.00,              0.6175,                   0,              0.0074
        96,        31,      1.00,              0.1029,                   0,                   0
        96,        32,      1.00,              0.4705,                   0,              0.0515
        96,        33,      1.00,              0.4117,                   0,                   0
        96,        34,      1.00,              0.2058,                   0,              0.0147
        96,        35,      1.00,              0.2058,                   0,                   0
        96,        40,      1.00,              0.2058,                   0,                   0
        96,        43,      1.00,              0.0662,                   0,              0.0221
        96,        45,      1.00,              0.2132,                   0,              0.0074
        96,        46,      1.00,              0.3749,                   0,              0.0074
        96,        47,      1.00,              0.1985,                   0,              0.0441
        96,        50,      1.00,                   0,                   0,              0.0221
        96,        52,      1.00,              0.0662,                   0,              0.0147
        96,        54,      1.00,              0.2058,                   0,              0.0294
        96,        55,      1.00,              0.3088,                   0,              0.0368
        96,        56,      1.00,              0.1985,                   0,                   0
        96,        57,      1.00,              0.0074,                   0,                   0
        96,        58,      1.00,              0.4117,                   0,              0.0074
        96,        59,      1.00,                   0,                   0,              0.0074
        96,        60,      1.00,              0.8234,                   0,              0.0221
        96,        61,      1.00,              0.3088,                   0,                   0
        96,        62,      1.00,              0.2058,                   0,                   0
        96,        63,      1.00,              1.0292,                   0,              0.0074
        96,        64,      1.00,                   0,                   0,              0.0074
        96,        65,      1.00,              1.1321,                   0,              0.0294
        96,        66,      1.00,              0.1029,                   0,              0.0882
        96,        67,      1.00,              0.9851,                   0,              0.0074
        96,        68,      1.00,              0.5661,                   0,                   0
        96,        69,      1.00,              0.5808,                   0,              0.0074
        96,        70,      1.00,                   0,                   0,              0.0147
        96,        71,      1.00,              0.2058,                   0,              0.0221
        96,        72,      1.00,                   0,                   0,              0.0074
        96,        73,      1.00,              0.6249,                   0,              0.0294
        96,        74,      1.00,              0.2058,                   0,              0.0147
        96,        75,      1.00,              1.1395,                   0,              0.0147
        96,        76,      1.00,              0.8895,                   0,                   0
        96,        77,      1.00,              0.4778,                   0,                   0
        96,        79,      1.00,              2.4774,                   0,              0.0588
        96,        80,      1.00,              2.1687,                   0,              0.0147
        96,        81,      1.00,              0.3235,                   0,              0.0147
        96,        82,      1.00,                   0,                   0,              0.0662
        96,        83,      1.00,              0.6322,                   0,              0.1691
        96,        84,      1.00,              1.5806,                   0,              0.0441
        96,        85,      1.00,              1.8158,                   0,              0.0074
        96,        86,      1.00,              3.8742,                   0,              0.1397
        96,        87,      1.00,              1.7129,                   0,              0.0074
        96,        88,      1.00,              1.0954,                   0,              0.0074
        96,        89,      1.00,              2.1834,                   0,              0.0147
        96,        90,      1.00,              2.5583,                   0,              0.0294
        96,        91,      1.00,              0.4117,                   0,                   0
        96,        92,      1.00,              1.1762,                   0,              0.0662
        96,        93,      1.00,              0.6175,                   0,              0.0074
        96,        94,      1.00,              1.6100,                   0,              0.0294
        96,        95,      1.00,              4.7784,                   0,              0.0956
        96,        96,      1.00,              2.5730,                   0,                   0
        96,        97,      1.00,              0.7131,                   0,                   0
        96,        98,      1.00,              1.5438,                   0,              0.1103
        96,        99,      1.00,              0.1029,                   0,                   0
        96,       100,      1.00,              1.7717,                   0,              0.0294
        96,       101,      1.00,              0.4190,                   0,              0.0074
        96,       102,      1.00,              0.5146,                   0,              0.0368
        96,       103,      1.00,              7.5573,                   0,              0.1029
        96,       104,      1.00,              4.7123,                   0,              0.0221
        96,       105,      1.00,              1.4041,                   0,              0.0294
        96,       106,      1.00,              2.4333,                   0,              0.0368
        96,       107,      1.00,              2.1246,                   0,              0.0368
        96,       108,      1.00,              0.0662,                   0,              0.0221
        96,       109,      1.00,              0.4190,                   0,              0.0221
        96,       110,      1.00,              1.9555,                   0,              0.0074
        96,       111,      1.00,              0.6837,                   0,                   0
        96,       112,      1.00,              0.2058,                   0,                   0
        96,       114,      1.00,              1.5217,                   0,              0.0441
        96,       115,      1.00,                   0,                   0,              0.0074
        96,       116,      1.00,                   0,                   0,              0.0074
        96,       117,      1.00,              1.2424,                   0,              0.0588
        96,       118,      1.00,              2.2275,                   0,              0.0294
        96,       119,      1.00,              0.5146,                   0,              0.0221
        96,       120,      1.00,              0.8013,                   0,              0.0221
        96,       121,      1.00,              1.5291,                   0,              0.1103
        96,       122,      1.00,              3.4625,                   0,              0.0662
        96,       123,      1.00,              1.1174,                   0,              0.0221
        96,       124,      1.00,              0.9336,                   0,              0.0221
        96,       125,      1.00,              0.0074,                   0,              0.0221
        96,       126,      1.00,              0.3014,                   0,              0.1176
        96,       127,      1.00,              1.5953,                   0,              0.2132
        96,       128,      1.00,              0.1985,                   0,              0.0588
        96,       129,      1.00,              0.3749,                   0,              0.0294
        96,       130,      1.00,              0.0882,                   0,              0.0221
        96,       131,      1.00,              0.5146,                   0,              0.0074
        96,       132,      1.00,              0.2132,                   0,              0.0294
        96,       133,      1.00,              0.0809,                   0,              0.0074
        96,       134,      1.00,              0.0588,                   0,              0.0074
        96,       135,      1.00,              0.3749,                   0,              0.0221
        96,       136,      1.00,              0.5220,                   0,              0.0147
        96,       137,      1.00,              0.2647,                   0,              0.0074
        96,       138,      1.00,                   0,                   0,              0.0147
        96,       139,      1.00,              0.0221,                   0,              0.0074
        96,       140,      1.00,              0.2426,                   0,              0.0147
        96,       141,      1.00,              0.1617,                   0,              0.0588
        96,       142,      1.00,              0.1029,                   0,              0.0294
        96,       143,      1.00,              0.3529,                   0,              0.0809
        96,       144,      1.00,              0.0588,                   0,              0.0147
        96,       145,      1.00,              0.1470,                   0,              0.0441
        96,       146,      1.00,              0.2794,                   0,              0.0662
        96,       147,      1.00,              0.0956,                   0,              0.0441
        96,       148,      1.00,              0.1911,                   0,              0.0809
        96,       149,      1.00,              0.1176,                   0,              0.0515
        96,       150,      1.00,              0.0588,                   0,              0.0368
        96,       151,      1.00,              0.1544,                   0,              0.1176
        96,       152,      1.00,              0.0221,                   0,              0.0294
        96,       153,      1.00,              0.0515,                   0,              0.0221
        96,       154,      1.00,              0.1838,                   0,              0.0735
        96,       155,      1.00,              0.0956,                   0,              0.0735
        96,       156,      1.00,              0.0368,                   0,              0.0147
        96,       159,      1.00,                   0,                   0,              0.0074
        96,       160,      1.00,              0.0368,                   0,              0.0074
        96,       161,      1.00,              0.0662,                   0,              0.0221
        96,       162,      1.00,              0.0074,                   0,              0.0147
        96,       164,      1.00,              0.0074,                   0,              0.0074
        96,       165,      1.00,              0.0588,                   0,              0.0441
        96,       166,      1.00,              0.1103,                   0,              0.0441
        96,       167,      1.00,                   0,                   0,              0.0294
        96,       168,      1.00,              0.0368,                   0,              0.0147
        96,       169,      1.00,              0.0147,                   0,              0.0074
        96,       170,      1.00,                   0,                   0,              0.0074
        96,       172,      1.00,              0.0662,                   0,                   0
        96,       176,      1.00,              0.0074,                   0,                   0
        96,       177,      1.00,                   0,                   0,              0.0221
        96,       178,      1.00,              0.1029,                   0,              0.0441
        96,       179,      1.00,              0.0735,                   0,              0.0515
        96,       180,      1.00,                   0,                   0,              0.0074
        96,       181,      1.00,              0.0441,                   0,              0.0074
        96,       182,      1.00,              0.0735,                   0,              0.0368
        96,       190,      1.00,              0.1029,                   0,                   0
        96,       193,      1.00,              0.0368,                   0,                   0
        96,       201,      1.00,              0.0662,                   0,                   0
        96,       208,      1.00,              0.0956,                   0,                   0
        96,       209,      1.00,              0.3529,                   0,              0.0074
        96,       210,      1.00,              0.4852,                   0,              0.1250
        96,       211,      1.00,                   0,                   0,              0.0074
        96,       213,      1.00,              0.2132,                   0,              0.0074
        96,       224,      1.00,                   0,                   0,              0.0074
        96,       226,      1.00,                   0,                   0,              0.0074
        97,         1,      1.00,              0.0735,                   0,                   0
        97,         2,      1.00,              0.0735,                   0,                   0
        97,         6,      1.00,              0.2941,                   0,                   0
        97,         7,      1.00,              0.2573,                   0,                   0
        97,         8,      1.00,              0.0074,                   0,              0.0074
        97,         9,      1.00,              0.0956,                   0,                   0
        97,        11,      1.00,              0.0735,                   0,                   0
        97,        13,      1.00,              0.0515,                   0,                   0
        97,        14,      1.00,              0.2426,                   0,                   0
        97,        15,      1.00,              0.9557,                   0,              0.0809
        97,        16,      1.00,              0.0441,                   0,                   0
        97,        17,      1.00,              0.1617,                   0,              0.0147
        97,        19,      1.00,              0.0588,                   0,                   0
        97,        21,      1.00,              0.0956,                   0,              0.0147
        97,        23,      1.00,              0.1397,                   0,                   0
        97,        24,      1.00,              0.0294,                   0,                   0
        97,        25,      1.00,              0.0735,                   0,                   0
        97,        26,      1.00,                   0,                   0,              0.0147
        97,        27,      1.00,              0.2205,                   0,              0.0294
        97,        28,      1.00,              0.6763,                   0,              0.0588
        97,        29,      1.00,              0.0294,                   0,              0.0294
        97,        30,      1.00,              0.1985,                   0,              0.0441
        97,        31,      1.00,              0.5661,                   0,              0.0515
        97,        32,      1.00,              0.5367,                   0,              0.0588
        97,        33,      1.00,              2.0584,                   0,              0.0882
        97,        34,      1.00,              0.1838,                   0,              0.0074
        97,        35,      1.00,              0.2352,                   0,                   0
        97,        36,      1.00,              0.0074,                   0,              0.0074
        97,        37,      1.00,              0.0074,                   0,                   0
        97,        38,      1.00,              0.0956,                   0,                   0
        97,        39,      1.00,              0.1029,                   0,              0.0147
        97,        40,      1.00,              0.0074,                   0,                   0
        97,        41,      1.00,              0.1544,                   0,              0.0074
        97,        43,      1.00,              0.2426,                   0,                   0
        97,        44,      1.00,              0.2499,                   0,              0.0147
        97,        45,      1.00,              0.3455,                   0,              0.0221
        97,        46,      1.00,              0.4337,                   0,              0.0221
        97,        47,      1.00,              0.1691,                   0,              0.0074
        97,        48,      1.00,                   0,                   0,              0.0074
        97,        49,      1.00,              0.1838,                   0,              0.0074
        97,        50,      1.00,                   0,                   0,              0.0294
        97,        51,      1.00,              0.0074,                   0,                   0
        97,        52,      1.00,              0.5220,                   0,              0.0074
        97,        54,      1.00,              0.2941,                   0,                   0
        97,        55,      1.00,              0.6322,                   0,              0.0147
        97,        56,      1.00,              0.3823,                   0,              0.0074
        97,        57,      1.00,              0.0147,                   0,                   0
        97,        58,      1.00,              0.1029,                   0,              0.0074
        97,        59,      1.00,              0.5881,                   0,              0.0515
        97,        60,      1.00,              1.3600,                   0,              0.0294
        97,        61,      1.00,              2.6833,                   0,              0.0735
        97,        62,      1.00,              3.0435,                   0,              0.0368
        97,        63,      1.00,             10.5126,                   0,              0.0588
        97,        64,      1.00,              8.1086,                   0,              0.0882
        97,        65,      1.00,              1.1909,                   0,              0.0221
        97,        66,      1.00,              0.3676,                   0,              0.0147
        97,        67,      1.00,              6.1826,                   0,              0.0515
        97,        68,      1.00,              3.4331,                   0,              0.0221
        97,        69,      1.00,              1.6026,                   0,              0.0221
        97,        70,      1.00,              0.3602,                   0,                   0
        97,        71,      1.00,              0.3602,                   0,              0.0074
        97,        72,      1.00,              0.4117,                   0,              0.0662
        97,        73,      1.00,              0.2499,                   0,              0.0294
        97,        74,      1.00,              0.0515,                   0,              0.0147
        97,        75,      1.00,              1.7570,                   0,              0.1176
        97,        76,      1.00,              3.6169,                   0,              0.0515
        97,        77,      1.00,              4.9255,                   0,              0.0221
        97,        78,      1.00,              0.2352,                   0,              0.0221
        97,        79,      1.00,              4.6241,                   0,              0.0735
        97,        80,      1.00,              1.5585,                   0,              0.0588
        97,        81,      1.00,              0.3161,                   0,              0.0074
        97,        82,      1.00,              0.4852,                   0,              0.0294
        97,        83,      1.00,              1.1101,                   0,              0.0809
        97,        84,      1.00,              0.3088,                   0,              0.0294
        97,        85,      1.00,              0.5220,                   0,              0.0294
        97,        86,      1.00,              0.2058,                   0,              0.0515
        97,        87,      1.00,              0.2205,                   0,              0.0074
        97,        89,      1.00,              0.1029,                   0,                   0
        97,        90,      1.00,              0.5734,                   0,              0.0221
        97,        91,      1.00,              0.1470,                   0,              0.0074
        97,        92,      1.00,              0.2205,                   0,              0.0294
        97,        93,      1.00,                   0,                   0,              0.0074
        97,        94,      1.00,              0.3382,                   0,              0.0074
        97,        95,      1.00,              0.1691,                   0,              0.0221
        97,        96,      1.00,              0.2794,                   0,                   0
        97,        97,      1.00,             12.9532,                   0,              0.0221
        97,        98,      1.00,             10.7037,                   0,              0.0294
        97,        99,      1.00,              3.0288,                   0,              0.0221
        97,       100,      1.00,              8.5056,                   0,              0.1176
        97,       101,      1.00,             13.4458,                   0,              0.1103
        97,       102,      1.00,              1.8599,                   0,              0.0147
        97,       103,      1.00,              3.4846,                   0,              0.0588
        97,       104,      1.00,              0.3161,                   0,              0.0221
        97,       105,      1.00,              1.6541,                   0,              0.0221
        97,       106,      1.00,              1.8305,                   0,              0.0588
        97,       107,      1.00,              0.2058,                   0,              0.0074
        97,       108,      1.00,              0.3970,                   0,              0.0074
        97,       109,      1.00,              0.4337,                   0,              0.0074
        97,       112,      1.00,              0.2647,                   0,              0.0074
        97,       113,      1.00,              0.0956,                   0,                   0
        97,       114,      1.00,              2.3378,                   0,              0.0515
        97,       115,      1.00,                   0,                   0,              0.0882
        97,       116,      1.00,              0.0074,                   0,              0.0221
        97,       117,      1.00,              1.9555,                   0,              0.0735
        97,       118,      1.00,              1.0366,                   0,              0.0074
        97,       119,      1.00,              0.3823,                   0,              0.0221
        97,       120,      1.00,              0.1103,                   0,              0.0147
        97,       121,      1.00,              0.2867,                   0,              0.0221
        97,       122,      1.00,              0.0515,                   0,              0.0147
        97,       123,      1.00,              0.2647,                   0,              0.0147
        97,       124,      1.00,              0.1029,                   0,              0.0221
        97,       125,      1.00,              0.3455,                   0,              0.0147
        97,       126,      1.00,              0.1470,                   0,              0.0294
        97,       127,      1.00,              0.2426,                   0,              0.0368
        97,       128,      1.00,              0.0735,                   0,              0.0147
        97,       129,      1.00,                   0,                   0,              0.0074
        97,       130,      1.00,              0.0441,                   0,              0.0074
        97,       131,      1.00,                   0,                   0,              0.0074
        97,       132,      1.00,              0.0368,                   0,              0.0074
        97,       133,      1.00,                   0,                   0,              0.0074
        97,       134,      1.00,                   0,                   0,              0.0074
        97,       135,      1.00,              0.1544,                   0,              0.0294
        97,       136,      1.00,              0.3308,                   0,              0.0441
        97,       137,      1.00,              0.1470,                   0,              0.0221
        97,       138,      1.00,              0.1911,                   0,              0.0221
        97,       140,      1.00,              0.1470,                   0,              0.0221
        97,       141,      1.00,              0.1323,                   0,              0.0074
        97,       142,      1.00,              0.1470,                   0,              0.0074
        97,       143,      1.00,              0.0735,                   0,              0.0147
        97,       144,      1.00,              0.0074,                   0,                   0
        97,       145,      1.00,              0.0074,                   0,              0.0074
        97,       146,      1.00,              0.0809,                   0,              0.0221
        97,       147,      1.00,              0.0221,                   0,              0.0074
        97,       148,      1.00,              0.0809,                   0,              0.0074
        97,       149,      1.00,              0.0735,                   0,              0.0074
        97,       150,      1.00,              0.0147,                   0,              0.0147
        97,       151,      1.00,              0.0735,                   0,              0.0221
        97,       152,      1.00,              0.0147,                   0,              0.0074
        97,       153,      1.00,              0.0294,                   0,              0.0074
        97,       154,      1.00,              0.1617,                   0,              0.0147
        97,       155,      1.00,              0.0735,                   0,              0.0294
        97,       157,      1.00,                   0,                   0,              0.0074
        97,       158,      1.00,                   0,                   0,              0.0147
        97,       159,      1.00,                   0,                   0,              0.0074
        97,       160,      1.00,                   0,                   0,              0.0074
        97,       161,      1.00,              0.0662,                   0,              0.0147
        97,       162,      1.00,              0.2941,                   0,              0.0441
        97,       163,      1.00,                   0,                   0,              0.0074
        97,       164,      1.00,              0.1323,                   0,              0.0368
        97,       165,      1.00,              0.0515,                   0,              0.0147
        97,       166,      1.00,              0.0368,                   0,              0.0147
        97,       167,      1.00,              0.0294,                   0,              0.0147
        97,       168,      1.00,              0.0441,                   0,              0.0074
        97,       169,      1.00,              0.0515,                   0,              0.0074
        97,       170,      1.00,              0.2867,                   0,              0.0147
        97,       171,      1.00,                   0,                   0,              0.0074
        97,       172,      1.00,              0.1470,                   0,              0.0147
        97,       174,      1.00,              0.1029,                   0,              0.0074
        97,       175,      1.00,              0.0074,                   0,              0.0147
        97,       177,      1.00,              0.0735,                   0,              0.0147
        97,       178,      1.00,              0.0147,                   0,              0.0074
        97,       179,      1.00,              0.0882,                   0,              0.0221
        97,       181,      1.00,              0.2426,                   0,              0.0074
        97,       182,      1.00,              0.0809,                   0,              0.0294
        97,       185,      1.00,              0.1470,                   0,                   0
        97,       186,      1.00,              0.1470,                   0,                   0
        97,       187,      1.00,              0.0956,                   0,                   0
        97,       188,      1.00,              0.4778,                   0,              0.0074
        97,       192,      1.00,                   0,                   0,              0.0074
        97,       196,      1.00,                   0,                   0,              0.0074
        97,       199,      1.00,              0.0368,                   0,                   0
        97,       202,      1.00,              0.1323,                   0,                   0
        97,       205,      1.00,                   0,                   0,              0.0074
        97,       207,      1.00,              0.1470,                   0,              0.0074
        97,       208,      1.00,              0.3088,                   0,              0.0074
        97,       209,      1.00,              1.1321,                   0,              0.0221
        97,       210,      1.00,              0.4264,                   0,              0.0147
        97,       211,      1.00,              0.0074,                   0,              0.0074
        97,       212,      1.00,              0.1029,                   0,              0.0074
        97,       213,      1.00,              0.0956,                   0,              0.0221
        97,       214,      1.00,                   0,                   0,              0.0074
        97,       219,      1.00,                   0,                   0,              0.0074
        97,       224,      1.00,                   0,                   0,              0.0368
        97,       226,      1.00,              0.0074,                   0,              0.0294
        98,         1,      1.00,              0.0294,                   0,                   0
        98,         2,      1.00,              0.2352,                   0,                   0
        98,         6,      1.00,              0.2058,                   0,                   0
        98,         7,      1.00,              0.1691,                   0,                   0
        98,         8,      1.00,              0.1029,                   0,                   0
        98,         9,      1.00,              0.1103,                   0,                   0
        98,        11,      1.00,              0.0294,                   0,                   0
        98,        13,      1.00,              0.2647,                   0,                   0
        98,        14,      1.00,              0.1764,                   0,                   0
        98,        15,      1.00,              0.9483,                   0,              0.0515
        98,        16,      1.00,              0.0588,                   0,                   0
        98,        17,      1.00,              0.1617,                   0,              0.0074
        98,        19,      1.00,              0.0662,                   0,                   0
        98,        21,      1.00,              0.1176,                   0,              0.0147
        98,        23,      1.00,              0.1691,                   0,                   0
        98,        24,      1.00,              0.0368,                   0,                   0
        98,        25,      1.00,              0.0294,                   0,                   0
        98,        26,      1.00,                   0,                   0,              0.0074
        98,        27,      1.00,              0.0956,                   0,              0.0294
        98,        28,      1.00,              0.9924,                   0,              0.0368
        98,        29,      1.00,              0.0368,                   0,              0.0221
        98,        30,      1.00,              0.2426,                   0,              0.0368
        98,        31,      1.00,              0.9557,                   0,              0.0368
        98,        32,      1.00,              0.3014,                   0,              0.0368
        98,        33,      1.00,              2.1172,                   0,              0.0662
        98,        34,      1.00,              0.2279,                   0,              0.0074
        98,        35,      1.00,              0.2867,                   0,                   0
        98,        36,      1.00,                   0,                   0,              0.0074
        98,        37,      1.00,              0.0074,                   0,                   0
        98,        38,      1.00,              0.3235,                   0,                   0
        98,        39,      1.00,              0.1176,                   0,              0.0147
        98,        40,      1.00,              0.0074,                   0,                   0
        98,        41,      1.00,              0.0662,                   0,              0.0074
        98,        43,      1.00,              0.1764,                   0,                   0
        98,        44,      1.00,              0.1838,                   0,              0.0147
        98,        45,      1.00,              0.6102,                   0,              0.0294
        98,        46,      1.00,              0.1838,                   0,              0.0294
        98,        47,      1.00,              0.1838,                   0,              0.0074
        98,        48,      1.00,                   0,                   0,              0.0074
        98,        49,      1.00,              0.1029,                   0,              0.0074
        98,        50,      1.00,                   0,                   0,              0.0441
        98,        51,      1.00,              0.0074,                   0,                   0
        98,        52,      1.00,              0.4043,                   0,              0.0074
        98,        53,      1.00,                   0,                   0,              0.0074
        98,        54,      1.00,              0.1250,                   0,                   0
        98,        55,      1.00,              0.6175,                   0,              0.0147
        98,        56,      1.00,              0.3308,                   0,              0.0147
        98,        57,      1.00,              0.0147,                   0,                   0
        98,        58,      1.00,              0.5293,                   0,              0.0074
        98,        59,      1.00,              0.7793,                   0,              0.0515
        98,        60,      1.00,              0.9777,                   0,              0.0221
        98,        61,      1.00,              2.8009,                   0,              0.0662
        98,        62,      1.00,              2.7494,                   0,              0.0294
        98,        63,      1.00,              8.7703,                   0,              0.0515
        98,        64,      1.00,              7.7705,                   0,              0.0662
        98,        65,      1.00,              1.6026,                   0,              0.0221
        98,        66,      1.00,              0.7351,                   0,              0.0221
        98,        67,      1.00,              5.8518,                   0,              0.0441
        98,        68,      1.00,              3.7198,                   0,              0.0147
        98,        69,      1.00,              1.6761,                   0,              0.0147
        98,        70,      1.00,              0.2647,                   0,                   0
        98,        71,      1.00,              0.2647,                   0,              0.0074
        98,        72,      1.00,              0.2132,                   0,              0.1103
        98,        73,      1.00,              0.1838,                   0,              0.0809
        98,        74,      1.00,              0.0221,                   0,              0.0368
        98,        75,      1.00,              2.0731,                   0,              0.1911
        98,        76,      1.00,              3.7713,                   0,              0.0588
        98,        77,      1.00,              5.4989,                   0,              0.0294
        98,        78,      1.00,              0.2720,                   0,              0.0147
        98,        79,      1.00,              9.8656,                   0,              0.0956
        98,        80,      1.00,              2.1613,                   0,              0.0735
        98,        81,      1.00,              0.2647,                   0,              0.0294
        98,        82,      1.00,              0.3529,                   0,              0.0956
        98,        83,      1.00,              2.1099,                   0,              0.1617
        98,        84,      1.00,              0.3896,                   0,              0.0515
        98,        85,      1.00,              0.8013,                   0,              0.0441
        98,        86,      1.00,              0.6028,                   0,              0.0882
        98,        87,      1.00,              0.0956,                   0,              0.0147
        98,        88,      1.00,                   0,                   0,              0.0588
        98,        89,      1.00,              0.2720,                   0,                   0
        98,        90,      1.00,              0.4631,                   0,              0.2720
        98,        91,      1.00,              0.5367,                   0,              0.0147
        98,        92,      1.00,              0.1985,                   0,              0.0735
        98,        93,      1.00,              0.1029,                   0,              0.0147
        98,        94,      1.00,              0.3529,                   0,              0.0074
        98,        95,      1.00,              0.2720,                   0,              0.0221
        98,        96,      1.00,              0.3382,                   0,              0.1103
        98,        97,      1.00,             10.2185,                   0,              0.0294
        98,        98,      1.00,             15.6953,                   0,              0.0368
        98,        99,      1.00,              4.6167,                   0,              0.0221
        98,       100,      1.00,             15.1881,                   0,              0.1911
        98,       101,      1.00,             11.8505,                   0,              0.1176
        98,       102,      1.00,              2.8818,                   0,              0.0221
        98,       103,      1.00,             10.3508,                   0,              0.0956
        98,       104,      1.00,              1.5070,                   0,              0.0441
        98,       105,      1.00,              4.0948,                   0,              0.0294
        98,       106,      1.00,              3.8889,                   0,              0.1617
        98,       107,      1.00,              1.3012,                   0,              0.0074
        98,       108,      1.00,              1.1174,                   0,              0.0074
        98,       109,      1.00,              1.1248,                   0,              0.0074
        98,       110,      1.00,              0.4117,                   0,              0.0074
        98,       111,      1.00,              0.3088,                   0,                   0
        98,       112,      1.00,              0.4705,                   0,              0.0147
        98,       113,      1.00,              0.1103,                   0,                   0
        98,       114,      1.00,              5.6459,                   0,              0.0735
        98,       115,      1.00,                   0,                   0,              0.0515
        98,       116,      1.00,              0.4852,                   0,              0.0368
        98,       117,      1.00,              4.5285,                   0,              0.1397
        98,       118,      1.00,              2.0584,                   0,              0.0147
        98,       119,      1.00,              0.5514,                   0,              0.0368
        98,       120,      1.00,              0.5514,                   0,              0.0221
        98,       121,      1.00,              0.3088,                   0,              0.0368
        98,       122,      1.00,              0.3676,                   0,              0.0147
        98,       123,      1.00,              0.5734,                   0,              0.0147
        98,       124,      1.00,              0.1250,                   0,              0.0147
        98,       125,      1.00,              0.5072,                   0,              0.0147
        98,       126,      1.00,              0.1985,                   0,              0.0441
        98,       127,      1.00,              0.3235,                   0,              0.0368
        98,       128,      1.00,              0.1323,                   0,              0.0147
        98,       129,      1.00,                   0,                   0,              0.0074
        98,       130,      1.00,              0.1103,                   0,              0.0074
        98,       131,      1.00,              0.0074,                   0,              0.0074
        98,       132,      1.00,                   0,                   0,              0.0074
        98,       133,      1.00,              0.0074,                   0,              0.0074
        98,       134,      1.00,              0.1029,                   0,              0.0074
        98,       135,      1.00,              0.3749,                   0,              0.0221
        98,       136,      1.00,              0.8454,                   0,              0.0441
        98,       137,      1.00,              0.3308,                   0,              0.0147
        98,       138,      1.00,              0.7498,                   0,              0.0221
        98,       140,      1.00,              0.3823,                   0,              0.0221
        98,       141,      1.00,              0.1397,                   0,              0.0074
        98,       142,      1.00,              0.1176,                   0,              0.0221
        98,       143,      1.00,              0.1250,                   0,              0.0221
        98,       144,      1.00,              0.0221,                   0,                   0
        98,       145,      1.00,              0.0147,                   0,              0.0074
        98,       146,      1.00,              0.0368,                   0,              0.0221
        98,       147,      1.00,              0.1250,                   0,              0.0074
        98,       148,      1.00,              0.1250,                   0,              0.0074
        98,       149,      1.00,              0.0588,                   0,              0.0074
        98,       150,      1.00,              0.0735,                   0,              0.0147
        98,       151,      1.00,                   0,                   0,              0.0147
        98,       152,      1.00,              0.2058,                   0,              0.0074
        98,       153,      1.00,              0.2058,                   0,              0.0074
        98,       154,      1.00,              0.0368,                   0,              0.0147
        98,       155,      1.00,                   0,                   0,              0.0515
        98,       156,      1.00,              0.0368,                   0,                   0
        98,       157,      1.00,              0.2058,                   0,              0.0074
        98,       158,      1.00,                   0,                   0,              0.0147
        98,       159,      1.00,                   0,                   0,              0.0074
        98,       160,      1.00,                   0,                   0,              0.0074
        98,       161,      1.00,              0.0368,                   0,              0.0221
        98,       162,      1.00,              0.8160,                   0,              0.0441
        98,       164,      1.00,              0.3529,                   0,              0.0294
        98,       165,      1.00,              0.1103,                   0,              0.0147
        98,       166,      1.00,              0.0221,                   0,              0.0147
        98,       167,      1.00,              0.6175,                   0,              0.0074
        98,       168,      1.00,              0.0515,                   0,              0.0074
        98,       169,      1.00,              0.0662,                   0,              0.0074
        98,       170,      1.00,              0.1985,                   0,              0.0147
        98,       171,      1.00,                   0,                   0,              0.0074
        98,       172,      1.00,              0.1691,                   0,              0.0147
        98,       174,      1.00,              0.0662,                   0,              0.0074
        98,       175,      1.00,              0.2132,                   0,              0.0147
        98,       177,      1.00,              0.3014,                   0,              0.0147
        98,       178,      1.00,              0.0221,                   0,              0.0074
        98,       179,      1.00,              0.0662,                   0,              0.0147
        98,       181,      1.00,              0.1764,                   0,              0.0074
        98,       182,      1.00,                   0,                   0,              0.0294
        98,       184,      1.00,              0.3088,                   0,                   0
        98,       185,      1.00,              0.0588,                   0,                   0
        98,       186,      1.00,              0.0588,                   0,                   0
        98,       187,      1.00,              0.4190,                   0,                   0
        98,       188,      1.00,              0.4264,                   0,              0.0074
        98,       192,      1.00,              0.2058,                   0,              0.0074
        98,       196,      1.00,              0.2058,                   0,              0.0074
        98,       199,      1.00,              0.0221,                   0,                   0
        98,       202,      1.00,              0.0735,                   0,                   0
        98,       204,      1.00,                   0,                   0,              0.0074
        98,       205,      1.00,                   0,                   0,              0.0074
        98,       207,      1.00,              0.0588,                   0,              0.0074
        98,       208,      1.00,              0.4043,                   0,              0.0074
        98,       209,      1.00,              0.7719,                   0,              0.0294
        98,       210,      1.00,              0.6837,                   0,              0.0221
        98,       211,      1.00,              0.0074,                   0,              0.0074
        98,       212,      1.00,              0.3308,                   0,              0.0074
        98,       213,      1.00,              0.1617,                   0,              0.0147
        98,       219,      1.00,                   0,                   0,              0.0074
        98,       224,      1.00,                   0,                   0,              0.0441
        98,       226,      1.00,              0.0074,                   0,              0.0368
        99,         6,      1.00,              0.2058,                   0,                   0
        99,         8,      1.00,              0.1911,                   0,                   0
        99,         9,      1.00,              0.2058,                   0,                   0
        99,        11,      1.00,              0.0221,                   0,                   0
        99,        13,      1.00,              0.4117,                   0,                   0
        99,        14,      1.00,              0.6249,                   0,                   0
        99,        15,      1.00,              0.1764,                   0,              0.0294
        99,        17,      1.00,              0.2647,                   0,              0.0294
        99,        21,      1.00,              0.6249,                   0,              0.0294
        99,        23,      1.00,              0.2720,                   0,                   0
        99,        26,      1.00,                   0,                   0,              0.0074
        99,        27,      1.00,              0.0074,                   0,              0.0147
        99,        28,      1.00,              0.9336,                   0,              0.0294
        99,        29,      1.00,              0.5146,                   0,              0.0221
        99,        30,      1.00,              0.4264,                   0,              0.0294
        99,        31,      1.00,              0.6249,                   0,              0.0294
        99,        32,      1.00,              0.6249,                   0,              0.0221
        99,        33,      1.00,              2.1393,                   0,              0.0515
        99,        35,      1.00,              0.1029,                   0,                   0
        99,        36,      1.00,              0.2058,                   0,              0.0074
        99,        37,      1.00,              0.0074,                   0,                   0
        99,        38,      1.00,              0.0074,                   0,                   0
        99,        39,      1.00,              0.2132,                   0,                   0
        99,        40,      1.00,              0.2132,                   0,                   0
        99,        41,      1.00,              1.0366,                   0,              0.0074
        99,        43,      1.00,              0.4117,                   0,                   0
        99,        44,      1.00,              0.4778,                   0,              0.0074
        99,        45,      1.00,              0.4264,                   0,              0.0074
        99,        46,      1.00,              0.4558,                   0,              0.0147
        99,        47,      1.00,              0.3455,                   0,                   0
        99,        49,      1.00,              0.0662,                   0,                   0
        99,        50,      1.00,                   0,                   0,              0.0147
        99,        52,      1.00,              0.0662,                   0,                   0
        99,        55,      1.00,              0.0074,                   0,              0.0074
        99,        56,      1.00,              0.2058,                   0,                   0
        99,        57,      1.00,              0.0074,                   0,                   0
        99,        58,      1.00,              0.1103,                   0,              0.0074
        99,        59,      1.00,              0.3749,                   0,              0.0221
        99,        60,      1.00,              0.8307,                   0,              0.0147
        99,        61,      1.00,              1.9775,                   0,              0.0588
        99,        62,      1.00,              0.9630,                   0,              0.0368
        99,        63,      1.00,              4.1536,                   0,              0.0441
        99,        64,      1.00,              3.2787,                   0,              0.0735
        99,        65,      1.00,              0.9557,                   0,              0.0221
        99,        66,      1.00,              0.5220,                   0,              0.0074
        99,        67,      1.00,              3.0582,                   0,              0.0294
        99,        68,      1.00,              1.8599,                   0,              0.0147
        99,        69,      1.00,              0.6910,                   0,              0.0147
        99,        70,      1.00,              0.2058,                   0,                   0
        99,        71,      1.00,              0.1029,                   0,              0.0074
        99,        72,      1.00,              0.8234,                   0,              0.0368
        99,        73,      1.00,              0.0074,                   0,              0.0147
        99,        74,      1.00,              0.3088,                   0,              0.0074
        99,        75,      1.00,              0.7425,                   0,              0.0735
        99,        76,      1.00,              0.7940,                   0,              0.0368
        99,        77,      1.00,              0.9924,                   0,              0.0074
        99,        78,      1.00,              0.8234,                   0,              0.0074
        99,        79,      1.00,              2.1319,                   0,              0.0515
        99,        80,      1.00,              1.0366,                   0,              0.0441
        99,        81,      1.00,              0.1176,                   0,              0.0074
        99,        82,      1.00,              0.2132,                   0,              0.0074
        99,        83,      1.00,              0.5293,                   0,              0.0368
        99,        84,      1.00,              0.5220,                   0,              0.0147
        99,        85,      1.00,              0.4190,                   0,              0.0147
        99,        86,      1.00,              0.2720,                   0,              0.0368
        99,        87,      1.00,                   0,                   0,              0.0074
        99,        88,      1.00,              0.1029,                   0,                   0
        99,        89,      1.00,              0.2058,                   0,                   0
        99,        90,      1.00,              0.0074,                   0,              0.0074
        99,        91,      1.00,              0.4117,                   0,                   0
        99,        92,      1.00,              0.6175,                   0,              0.0221
        99,        94,      1.00,              0.0074,                   0,                   0
        99,        95,      1.00,              0.0074,                   0,              0.0147
        99,        96,      1.00,              0.1029,                   0,                   0
        99,        97,      1.00,              2.3451,                   0,              0.0221
        99,        98,      1.00,              2.7935,                   0,              0.0221
        99,        99,      1.00,             26.2079,                   0,              0.0221
        99,       100,      1.00,             18.3566,                   0,              0.1323
        99,       101,      1.00,             40.0286,                   0,              0.1544
        99,       102,      1.00,              1.2350,                   0,              0.0147
        99,       103,      1.00,              3.2273,                   0,              0.0294
        99,       104,      1.00,              0.2132,                   0,              0.0221
        99,       105,      1.00,              1.7202,                   0,              0.0147
        99,       106,      1.00,              0.8307,                   0,                   0
        99,       107,      1.00,              0.7278,                   0,                   0
        99,       108,      1.00,              0.1103,                   0,                   0
        99,       109,      1.00,              0.8234,                   0,                   0
        99,       110,      1.00,              0.2647,                   0,                   0
        99,       112,      1.00,              0.7425,                   0,                   0
        99,       114,      1.00,              3.6316,                   0,              0.0441
        99,       115,      1.00,                   0,                   0,              0.0735
        99,       116,      1.00,              0.2132,                   0,              0.0294
        99,       117,      1.00,              2.1760,                   0,              0.0441
        99,       118,      1.00,              1.2424,                   0,              0.0074
        99,       119,      1.00,              0.2058,                   0,              0.0147
        99,       120,      1.00,              0.2058,                   0,              0.0074
        99,       121,      1.00,              0.0074,                   0,              0.0147
        99,       122,      1.00,              0.7204,                   0,              0.0074
        99,       123,      1.00,              0.0074,                   0,              0.0147
        99,       124,      1.00,              0.0074,                   0,              0.0147
        99,       125,      1.00,              0.3235,                   0,              0.0147
        99,       126,      1.00,              0.3014,                   0,              0.0221
        99,       127,      1.00,              0.3896,                   0,              0.0368
        99,       128,      1.00,              0.0882,                   0,              0.0147
        99,       129,      1.00,                   0,                   0,              0.0147
        99,       132,      1.00,                   0,                   0,              0.0074
        99,       133,      1.00,                   0,                   0,              0.0074
        99,       134,      1.00,                   0,                   0,              0.0074
        99,       135,      1.00,              0.0074,                   0,              0.0221
        99,       136,      1.00,              0.8381,                   0,              0.0441
        99,       137,      1.00,              0.2058,                   0,              0.0147
        99,       138,      1.00,              0.9336,                   0,              0.0147
        99,       140,      1.00,              0.2720,                   0,              0.0147
        99,       141,      1.00,              0.0588,                   0,              0.0074
        99,       142,      1.00,              0.1838,                   0,              0.0147
        99,       143,      1.00,              0.2647,                   0,              0.0147
        99,       144,      1.00,              0.0588,                   0,                   0
        99,       145,      1.00,              0.1544,                   0,              0.0074
        99,       146,      1.00,              0.2132,                   0,              0.0147
        99,       147,      1.00,                   0,                   0,              0.0074
        99,       148,      1.00,              0.1911,                   0,              0.0074
        99,       149,      1.00,              0.2058,                   0,                   0
        99,       150,      1.00,              0.2058,                   0,              0.0074
        99,       151,      1.00,                   0,                   0,              0.0074
        99,       154,      1.00,              0.4117,                   0,              0.0147
        99,       155,      1.00,              0.0074,                   0,              0.0221
        99,       156,      1.00,              0.2058,                   0,                   0
        99,       157,      1.00,                   0,                   0,              0.0221
        99,       158,      1.00,                   0,                   0,              0.0221
        99,       160,      1.00,                   0,                   0,              0.0074
        99,       161,      1.00,              0.0147,                   0,              0.0147
        99,       162,      1.00,              0.2867,                   0,              0.0882
        99,       163,      1.00,                   0,                   0,              0.0074
        99,       164,      1.00,              0.3896,                   0,              0.0588
        99,       165,      1.00,                   0,                   0,              0.0074
        99,       166,      1.00,                   0,                   0,              0.0147
        99,       167,      1.00,              0.2058,                   0,              0.0074
        99,       168,      1.00,              0.2058,                   0,              0.0074
        99,       169,      1.00,                   0,                   0,              0.0074
        99,       170,      1.00,              0.3161,                   0,              0.0147
        99,       172,      1.00,              0.5220,                   0,              0.0662
        99,       173,      1.00,              0.2058,                   0,                   0
        99,       174,      1.00,              0.3088,                   0,              0.0074
        99,       175,      1.00,              0.2132,                   0,              0.0074
        99,       177,      1.00,                   0,                   0,              0.0147
        99,       178,      1.00,              0.2058,                   0,              0.0074
        99,       179,      1.00,              0.4117,                   0,              0.0074
        99,       181,      1.00,              0.0074,                   0,              0.0074
        99,       182,      1.00,              0.1029,                   0,              0.0221
        99,       185,      1.00,              0.1029,                   0,                   0
        99,       188,      1.00,              0.4778,                   0,              0.0221
        99,       189,      1.00,                   0,                   0,              0.0074
        99,       191,      1.00,                   0,                   0,              0.0074
        99,       192,      1.00,              0.1764,                   0,              0.0294
        99,       193,      1.00,              0.0515,                   0,                   0
        99,       195,      1.00,              0.2647,                   0,                   0
        99,       196,      1.00,              0.1029,                   0,              0.0147
        99,       198,      1.00,                   0,                   0,              0.0074
        99,       199,      1.00,              0.0735,                   0,                   0
        99,       200,      1.00,                   0,                   0,              0.0074
        99,       201,      1.00,              0.0441,                   0,                   0
        99,       202,      1.00,              0.1617,                   0,              0.0074
        99,       203,      1.00,              0.1103,                   0,                   0
        99,       204,      1.00,                   0,                   0,              0.0074
        99,       205,      1.00,              0.2058,                   0,              0.0074
        99,       206,      1.00,                   0,                   0,              0.0074
        99,       207,      1.00,              0.6175,                   0,              0.0221
        99,       209,      1.00,              0.5955,                   0,              0.0147
        99,       210,      1.00,              0.4852,                   0,              0.0074
        99,       211,      1.00,              0.0074,                   0,              0.0074
        99,       212,      1.00,              0.0074,                   0,                   0
        99,       213,      1.00,              0.0074,                   0,              0.0441
        99,       214,      1.00,                   0,                   0,              0.0074
        99,       224,      1.00,                   0,                   0,              0.0588
        99,       226,      1.00,              0.0074,                   0,              0.0515
       100,         3,      1.00,              0.2058,                   0,                   0
       100,         5,      1.00,                   0,                   0,              0.0074
       100,         6,      1.00,              0.3970,                   0,                   0
       100,         7,      1.00,              0.3602,                   0,                   0
       100,         8,      1.00,              0.6690,                   0,              0.0074
       100,         9,      1.00,              0.1838,                   0,                   0
       100,        11,      1.00,              0.2499,                   0,                   0
       100,        12,      1.00,              0.0662,                   0,                   0
       100,        13,      1.00,              0.4852,                   0,              0.0074
       100,        14,      1.00,              0.2279,                   0,                   0
       100,        15,      1.00,              2.3598,                   0,              0.8234
       100,        16,      1.00,              0.0588,                   0,                   0
       100,        17,      1.00,                   0,                   0,              0.0882
       100,        18,      1.00,              0.1029,                   0,                   0
       100,        19,      1.00,              0.2058,                   0,              0.0147
       100,        20,      1.00,              0.1029,                   0,                   0
       100,        21,      1.00,              0.7351,                   0,              0.1911
       100,        22,      1.00,                   0,                   0,              0.0147
       100,        23,      1.00,              0.1691,                   0,                   0
       100,        24,      1.00,              0.0074,                   0,                   0
       100,        26,      1.00,              0.0074,                   0,              0.0294
       100,        27,      1.00,              0.2205,                   0,              0.1176
       100,        28,      1.00,              2.5068,                   0,              0.3014
       100,        29,      1.00,              0.8381,                   0,              0.1764
       100,        30,      1.00,              0.5661,                   0,              0.1764
       100,        31,      1.00,              1.3968,                   0,              0.2205
       100,        32,      1.00,              1.0071,                   0,              0.3382
       100,        33,      1.00,              1.6100,                   0,              0.3235
       100,        34,      1.00,                   0,                   0,              0.0515
       100,        35,      1.00,              0.6249,                   0,              0.0074
       100,        36,      1.00,              0.4190,                   0,              0.0147
       100,        37,      1.00,              0.0809,                   0,              0.0074
       100,        38,      1.00,              0.0147,                   0,              0.0074
       100,        39,      1.00,              0.4925,                   0,              0.0735
       100,        40,      1.00,              0.2205,                   0,              0.0221
       100,        41,      1.00,              0.4337,                   0,              0.0441
       100,        43,      1.00,              0.2132,                   0,              0.0147
       100,        44,      1.00,              0.6396,                   0,              0.0662
       100,        45,      1.00,              1.2718,                   0,              0.1029
       100,        46,      1.00,              0.3308,                   0,              0.0956
       100,        47,      1.00,              0.3088,                   0,              0.0294
       100,        48,      1.00,                   0,                   0,              0.0221
       100,        49,      1.00,              0.0294,                   0,              0.0588
       100,        50,      1.00,              0.0074,                   0,              0.1323
       100,        51,      1.00,              0.0074,                   0,                   0
       100,        52,      1.00,              0.2279,                   0,              0.0221
       100,        53,      1.00,              0.2058,                   0,              0.0294
       100,        54,      1.00,              0.2132,                   0,              0.0221
       100,        55,      1.00,              0.4558,                   0,              0.0441
       100,        56,      1.00,              0.6175,                   0,              0.0588
       100,        57,      1.00,              0.0221,                   0,                   0
       100,        58,      1.00,              0.6984,                   0,              0.0221
       100,        59,      1.00,              1.2497,                   0,              0.1764
       100,        60,      1.00,              0.9116,                   0,              0.0956
       100,        61,      1.00,              2.3819,                   0,              0.2573
       100,        62,      1.00,              3.0509,                   0,              0.3382
       100,        63,      1.00,              7.7411,                   0,              0.1764
       100,        64,      1.00,              3.0361,                   0,              0.1764
       100,        65,      1.00,              2.0437,                   0,              0.1764
       100,        66,      1.00,              0.6322,                   0,              0.0882
       100,        67,      1.00,              4.0212,                   0,              0.1691
       100,        68,      1.00,              1.8232,                   0,              0.0956
       100,        69,      1.00,              1.4703,                   0,              0.0882
       100,        70,      1.00,              0.4190,                   0,              0.0147
       100,        71,      1.00,              0.2205,                   0,              0.0294
       100,        72,      1.00,              0.3823,                   0,              0.1470
       100,        73,      1.00,              0.4337,                   0,              0.1029
       100,        74,      1.00,              0.7278,                   0,              0.0588
       100,        75,      1.00,              3.1685,                   0,              0.4190
       100,        76,      1.00,              2.7715,                   0,              0.1544
       100,        77,      1.00,              2.7862,                   0,              0.1103
       100,        78,      1.00,              3.0656,                   0,              0.0221
       100,        79,      1.00,             11.4389,                   0,              0.3088
       100,        80,      1.00,              5.7121,                   0,              0.1911
       100,        81,      1.00,              0.5808,                   0,              0.0294
       100,        82,      1.00,              0.0221,                   0,              0.1176
       100,        83,      1.00,              2.1099,                   0,              0.3676
       100,        84,      1.00,              2.2348,                   0,              0.1544
       100,        85,      1.00,              1.6982,                   0,              0.1323
       100,        86,      1.00,              2.1099,                   0,              0.2867
       100,        87,      1.00,              1.0366,                   0,              0.0515
       100,        88,      1.00,              0.4778,                   0,              0.0221
       100,        89,      1.00,              0.2720,                   0,              0.0441
       100,        90,      1.00,              1.4629,                   0,              0.1103
       100,        91,      1.00,              0.0147,                   0,              0.0515
       100,        92,      1.00,              0.8381,                   0,              0.2058
       100,        93,      1.00,              0.0074,                   0,              0.0368
       100,        94,      1.00,              0.0221,                   0,              0.0441
       100,        95,      1.00,              2.7715,                   0,              0.1323
       100,        96,      1.00,              0.4190,                   0,              0.0294
       100,        97,      1.00,              9.5348,                   0,              0.1176
       100,        98,      1.00,             14.2839,                   0,              0.1911
       100,        99,      1.00,             22.0543,                   0,              0.1323
       100,       100,      1.00,            196.5924,                   0,              0.7351
       100,       101,      1.00,             36.6543,                   0,              0.5220
       100,       102,      1.00,             12.7842,                   0,              0.2058
       100,       103,      1.00,             28.0164,                   0,              0.3161
       100,       104,      1.00,              2.6245,                   0,              0.1911
       100,       105,      1.00,             17.6214,                   0,              0.3602
       100,       106,      1.00,              8.3733,                   0,              0.0956
       100,       107,      1.00,              5.2416,                   0,              0.0956
       100,       108,      1.00,              4.1168,                   0,              0.1176
       100,       109,      1.00,              1.5438,                   0,              0.0515
       100,       110,      1.00,              0.8895,                   0,              0.0221
       100,       111,      1.00,              0.6249,                   0,              0.0074
       100,       112,      1.00,              0.7351,                   0,              0.1029
       100,       113,      1.00,              0.2058,                   0,                   0
       100,       114,      1.00,             72.5955,                   0,              0.4925
       100,       115,      1.00,              0.0147,                   0,              0.4778
       100,       116,      1.00,              1.9187,                   0,              0.1911
       100,       117,      1.00,             20.1797,                   0,              0.9189
       100,       118,      1.00,              5.2930,                   0,              0.2352
       100,       119,      1.00,              0.8381,                   0,              0.1103
       100,       120,      1.00,              0.8381,                   0,              0.0735
       100,       121,      1.00,              0.5440,                   0,              0.1985
       100,       122,      1.00,              1.4482,                   0,              0.1176
       100,       123,      1.00,              2.3157,                   0,              0.1470
       100,       124,      1.00,              0.3896,                   0,              0.3088
       100,       125,      1.00,              1.8011,                   0,              0.2499
       100,       126,      1.00,              0.5587,                   0,              0.2867
       100,       127,      1.00,              1.2497,                   0,              0.4999
       100,       128,      1.00,              0.3235,                   0,              0.1691
       100,       129,      1.00,              0.2132,                   0,              0.1323
       100,       130,      1.00,              0.0074,                   0,              0.0882
       100,       131,      1.00,              0.8013,                   0,              0.0809
       100,       132,      1.00,              0.6249,                   0,              0.1029
       100,       133,      1.00,              0.0221,                   0,              0.0809
       100,       134,      1.00,              0.9483,                   0,              0.1323
       100,       135,      1.00,              3.4478,                   0,              0.3529
       100,       136,      1.00,              6.0943,                   0,              0.4411
       100,       137,      1.00,              2.8083,                   0,              0.2058
       100,       138,      1.00,              1.9040,                   0,              0.3235
       100,       139,      1.00,              0.0074,                   0,              0.0368
       100,       140,      1.00,              1.3821,                   0,              0.3455
       100,       141,      1.00,              0.4925,                   0,              0.1985
       100,       142,      1.00,              0.2647,                   0,              0.2058
       100,       143,      1.00,              0.6984,                   0,              0.3235
       100,       144,      1.00,              0.0956,                   0,              0.0735
       100,       145,      1.00,              0.1985,                   0,              0.1617
       100,       146,      1.00,              0.6690,                   0,              0.3823
       100,       147,      1.00,              0.4264,                   0,              0.1323
       100,       148,      1.00,              0.8307,                   0,              0.1397
       100,       149,      1.00,              0.3161,                   0,              0.0956
       100,       150,      1.00,              0.4190,                   0,              0.1323
       100,       151,      1.00,              0.6396,                   0,              0.0515
       100,       152,      1.00,              0.0662,                   0,              0.0221
       100,       153,      1.00,              0.0074,                   0,              0.0147
       100,       154,      1.00,              0.9410,                   0,              0.1323
       100,       155,      1.00,              0.1250,                   0,              0.2426
       100,       156,      1.00,              0.3088,                   0,                   0
       100,       157,      1.00,              0.3823,                   0,              0.0809
       100,       158,      1.00,              0.2058,                   0,              0.0441
       100,       159,      1.00,              0.0147,                   0,              0.0441
       100,       160,      1.00,              0.1250,                   0,              0.1691
       100,       161,      1.00,              0.3676,                   0,              0.1103
       100,       162,      1.00,              3.4552,                   0,              0.5072
       100,       163,      1.00,              0.1544,                   0,              0.0441
       100,       164,      1.00,              3.1685,                   0,              0.4999
       100,       165,      1.00,              0.2720,                   0,              0.0735
       100,       166,      1.00,              0.6910,                   0,              0.1103
       100,       167,      1.00,              0.4264,                   0,              0.1176
       100,       168,      1.00,              0.3676,                   0,              0.0882
       100,       169,      1.00,              0.5734,                   0,              0.0662
       100,       170,      1.00,              0.8234,                   0,              0.1691
       100,       171,      1.00,                   0,                   0,              0.0294
       100,       172,      1.00,              1.7055,                   0,              0.4117
       100,       173,      1.00,              0.2132,                   0,              0.0074
       100,       174,      1.00,              0.8528,                   0,              0.1838
       100,       175,      1.00,              0.8307,                   0,              0.2132
       100,       176,      1.00,              0.1985,                   0,                   0
       100,       177,      1.00,              0.6396,                   0,              0.2132
       100,       178,      1.00,              0.3749,                   0,              0.0368
       100,       179,      1.00,              0.0221,                   0,              0.1544
       100,       180,      1.00,              0.0074,                   0,              0.0221
       100,       181,      1.00,              0.5440,                   0,              0.1691
       100,       182,      1.00,              0.6984,                   0,              0.1911
       100,       183,      1.00,              0.0147,                   0,              0.0221
       100,       184,      1.00,              0.1176,                   0,              0.0147
       100,       185,      1.00,              0.4264,                   0,                   0
       100,       186,      1.00,              0.0074,                   0,              0.0074
       100,       187,      1.00,              0.2058,                   0,                   0
       100,       188,      1.00,              0.6396,                   0,              0.2352
       100,       189,      1.00,              0.2132,                   0,                   0
       100,       190,      1.00,              0.0221,                   0,              0.0074
       100,       191,      1.00,                   0,                   0,              0.0588
       100,       192,      1.00,              0.2132,                   0,              0.1397
       100,       193,      1.00,                   0,                   0,              0.0074
       100,       194,      1.00,              0.0074,                   0,                   0
       100,       195,      1.00,              0.7866,                   0,              0.0147
       100,       196,      1.00,              0.2058,                   0,              0.0515
       100,       197,      1.00,              0.2647,                   0,                   0
       100,       198,      1.00,                   0,                   0,              0.0147
       100,       199,      1.00,                   0,                   0,              0.0074
       100,       200,      1.00,                   0,                   0,              0.0368
       100,       201,      1.00,              0.3749,                   0,              0.0147
       100,       202,      1.00,                   0,                   0,              0.0147
       100,       203,      1.00,                   0,                   0,              0.0074
       100,       204,      1.00,                   0,                   0,              0.0441
       100,       205,      1.00,              0.1029,                   0,              0.0588
       100,       206,      1.00,                   0,                   0,              0.0368
       100,       207,      1.00,              0.2058,                   0,              0.1470
       100,       208,      1.00,              0.8381,                   0,              0.0147
       100,       209,      1.00,              0.7793,                   0,              0.1250
       100,       210,      1.00,              0.9557,                   0,              0.0882
       100,       211,      1.00,              0.2426,                   0,              0.1103
       100,       212,      1.00,              0.5955,                   0,              0.0809
       100,       213,      1.00,              1.7790,                   0,              0.2058
       100,       214,      1.00,              0.1838,                   0,              0.0515
       100,       218,      1.00,                   0,                   0,              0.0074
       100,       219,      1.00,                   0,                   0,              0.0147
       100,       224,      1.00,                   0,                   0,              0.1691
       100,       226,      1.00,              0.0147,                   0,              0.1323
       100,       227,      1.00,                   0,                   0,              0.0147
       100,       228,      1.00,                   0,                   0,              0.0074
       101,         2,      1.00,              0.0735,                   0,                   0
       101,         3,      1.00,              0.0294,                   0,                   0
       101,         5,      1.00,                   0,                   0,              0.0074
       101,         6,      1.00,              0.4411,                   0,                   0
       101,         7,      1.00,              0.3455,                   0,              0.0074
       101,         8,      1.00,              0.3749,                   0,              0.0074
       101,         9,      1.00,              0.1250,                   0,                   0
       101,        10,      1.00,              0.2058,                   0,                   0
       101,        12,      1.00,              0.2132,                   0,                   0
       101,        13,      1.00,              0.7425,                   0,              0.0147
       101,        14,      1.00,              0.6102,                   0,              0.0147
       101,        15,      1.00,              3.3082,                   0,              0.2426
       101,        17,      1.00,              0.9263,                   0,              0.1397
       101,        18,      1.00,              0.2058,                   0,              0.0074
       101,        19,      1.00,              0.5808,                   0,              0.0147
       101,        20,      1.00,              0.2058,                   0,                   0
       101,        21,      1.00,              1.1542,                   0,              0.4190
       101,        22,      1.00,              0.2058,                   0,              0.0074
       101,        23,      1.00,              0.2205,                   0,              0.0147
       101,        24,      1.00,              0.0147,                   0,              0.0147
       101,        25,      1.00,              0.4117,                   0,                   0
       101,        26,      1.00,              0.0074,                   0,              0.0368
       101,        27,      1.00,              0.6028,                   0,              0.0809
       101,        28,      1.00,              1.7055,                   0,              0.1617
       101,        29,      1.00,              0.4337,                   0,              0.1176
       101,        30,      1.00,              3.0509,                   0,              0.1544
       101,        31,      1.00,              1.3600,                   0,              0.1691
       101,        32,      1.00,              1.8820,                   0,              0.1470
       101,        33,      1.00,              4.7931,                   0,              0.2794
       101,        34,      1.00,              0.2132,                   0,              0.0147
       101,        35,      1.00,              0.6322,                   0,                   0
       101,        36,      1.00,              0.0147,                   0,              0.0221
       101,        37,      1.00,              0.0294,                   0,              0.0074
       101,        38,      1.00,              0.2279,                   0,              0.0074
       101,        39,      1.00,              0.2352,                   0,              0.0294
       101,        40,      1.00,              0.5440,                   0,              0.0074
       101,        41,      1.00,              1.5365,                   0,              0.0441
       101,        42,      1.00,              0.0662,                   0,              0.0147
       101,        43,      1.00,              0.7351,                   0,              0.0221
       101,        44,      1.00,              1.1248,                   0,              0.0662
       101,        45,      1.00,              1.5659,                   0,              0.0368
       101,        46,      1.00,              0.6837,                   0,              0.0956
       101,        47,      1.00,              0.3896,                   0,              0.0221
       101,        48,      1.00,                   0,                   0,              0.0147
       101,        49,      1.00,              0.1029,                   0,              0.0147
       101,        50,      1.00,              0.0074,                   0,              0.0882
       101,        51,      1.00,              0.0074,                   0,                   0
       101,        52,      1.00,              0.4411,                   0,              0.0294
       101,        53,      1.00,                   0,                   0,              0.0147
       101,        54,      1.00,              0.4190,                   0,              0.0147
       101,        55,      1.00,              1.3747,                   0,              0.0588
       101,        56,      1.00,              0.0441,                   0,              0.0294
       101,        58,      1.00,              1.0880,                   0,              0.0735
       101,        59,      1.00,              1.7717,                   0,              0.1470
       101,        60,      1.00,              2.7347,                   0,              0.0809
       101,        61,      1.00,              7.8072,                   0,              0.2794
       101,        62,      1.00,              5.2416,                   0,              0.1911
       101,        63,      1.00,             23.3997,                   0,              0.2132
       101,        64,      1.00,             14.4823,                   0,              0.3749
       101,        65,      1.00,              3.2934,                   0,              0.1029
       101,        66,      1.00,              1.3600,                   0,              0.0294
       101,        67,      1.00,             12.7989,                   0,              0.1911
       101,        68,      1.00,              5.7782,                   0,              0.0809
       101,        69,      1.00,              2.9994,                   0,              0.0882
       101,        70,      1.00,              1.0366,                   0,              0.0074
       101,        71,      1.00,              0.9410,                   0,              0.0368
       101,        72,      1.00,              1.1027,                   0,              0.1985
       101,        73,      1.00,              0.1470,                   0,              0.0662
       101,        74,      1.00,              0.0147,                   0,              0.0221
       101,        75,      1.00,              6.2193,                   0,              0.3676
       101,        76,      1.00,              8.5130,                   0,              0.2352
       101,        77,      1.00,              8.8658,                   0,              0.0735
       101,        78,      1.00,              0.3676,                   0,              0.0515
       101,        79,      1.00,              8.9026,                   0,              0.2941
       101,        80,      1.00,              1.9555,                   0,              0.2205
       101,        81,      1.00,              0.9924,                   0,              0.0294
       101,        82,      1.00,              0.4411,                   0,              0.0515
       101,        83,      1.00,              2.0878,                   0,              0.1617
       101,        84,      1.00,              1.9702,                   0,              0.1103
       101,        85,      1.00,              1.7055,                   0,              0.0882
       101,        86,      1.00,              2.2054,                   0,              0.1250
       101,        87,      1.00,              0.3161,                   0,              0.0368
       101,        88,      1.00,              0.5220,                   0,              0.0074
       101,        89,      1.00,              0.2132,                   0,              0.0074
       101,        90,      1.00,              0.5440,                   0,              0.0441
       101,        91,      1.00,              0.8381,                   0,              0.0294
       101,        92,      1.00,              1.2571,                   0,              0.1397
       101,        93,      1.00,              0.2205,                   0,              0.0221
       101,        94,      1.00,              0.0221,                   0,              0.0294
       101,        95,      1.00,              1.3747,                   0,              0.0735
       101,        96,      1.00,              0.2720,                   0,              0.0074
       101,        97,      1.00,             18.0699,                   0,              0.1103
       101,        98,      1.00,             14.3353,                   0,              0.1176
       101,        99,      1.00,             55.1873,                   0,              0.1544
       101,       100,      1.00,             45.6745,                   0,              0.5220
       101,       101,      1.00,            198.0847,                   0,              0.5734
       101,       102,      1.00,              2.7641,                   0,              0.0515
       101,       103,      1.00,             11.8505,                   0,              0.1250
       101,       104,      1.00,              1.7276,                   0,              0.1029
       101,       105,      1.00,              5.7856,                   0,              0.0515
       101,       106,      1.00,              3.2567,                   0,                   0
       101,       107,      1.00,              2.7127,                   0,              0.0074
       101,       108,      1.00,              1.5512,                   0,              0.0147
       101,       109,      1.00,              0.6469,                   0,                   0
       101,       110,      1.00,              0.3088,                   0,              0.0074
       101,       111,      1.00,              0.2132,                   0,              0.0074
       101,       112,      1.00,              1.2644,                   0,              0.0074
       101,       113,      1.00,                   0,                   0,              0.0074
       101,       114,      1.00,             11.2257,                   0,              0.1764
       101,       115,      1.00,              0.0074,                   0,              0.3161
       101,       116,      1.00,              0.9704,                   0,              0.1176
       101,       117,      1.00,              6.6751,                   0,              0.1323
       101,       118,      1.00,              2.0952,                   0,              0.0294
       101,       119,      1.00,              0.2279,                   0,              0.0956
       101,       120,      1.00,              0.9777,                   0,              0.0515
       101,       121,      1.00,              0.2573,                   0,              0.0882
       101,       122,      1.00,              0.7425,                   0,              0.0368
       101,       123,      1.00,              1.4262,                   0,              0.0515
       101,       124,      1.00,              0.8822,                   0,              0.0662
       101,       125,      1.00,              0.5440,                   0,              0.0515
       101,       126,      1.00,              0.3308,                   0,              0.1176
       101,       127,      1.00,              0.6763,                   0,              0.1985
       101,       128,      1.00,              0.1323,                   0,              0.0735
       101,       129,      1.00,              0.4190,                   0,              0.0515
       101,       130,      1.00,              0.1103,                   0,              0.0294
       101,       131,      1.00,              0.0147,                   0,              0.0147
       101,       132,      1.00,              0.0074,                   0,              0.0294
       101,       133,      1.00,              0.2279,                   0,              0.0147
       101,       134,      1.00,              0.0147,                   0,              0.0221
       101,       135,      1.00,              1.0292,                   0,              0.0809
       101,       136,      1.00,              3.5728,                   0,              0.1470
       101,       137,      1.00,              1.6541,                   0,              0.0588
       101,       138,      1.00,              0.8895,                   0,              0.0662
       101,       139,      1.00,              0.0074,                   0,              0.0074
       101,       140,      1.00,              0.3455,                   0,              0.0588
       101,       141,      1.00,              0.3161,                   0,              0.0662
       101,       142,      1.00,              0.2132,                   0,              0.0441
       101,       143,      1.00,              0.3602,                   0,              0.0809
       101,       144,      1.00,              0.0294,                   0,              0.0074
       101,       145,      1.00,              0.0809,                   0,              0.0441
       101,       146,      1.00,              0.4558,                   0,              0.0588
       101,       147,      1.00,              0.6249,                   0,              0.0221
       101,       148,      1.00,              0.3088,                   0,              0.0441
       101,       149,      1.00,              0.0074,                   0,              0.0147
       101,       150,      1.00,              0.1470,                   0,              0.0515
       101,       151,      1.00,              0.2205,                   0,              0.1029
       101,       152,      1.00,              0.1470,                   0,              0.0294
       101,       153,      1.00,              0.0662,                   0,              0.0221
       101,       154,      1.00,              0.2205,                   0,              0.0588
       101,       155,      1.00,              0.0221,                   0,              0.1029
       101,       156,      1.00,              0.0515,                   0,              0.0074
       101,       157,      1.00,              0.0074,                   0,              0.0147
       101,       158,      1.00,                   0,                   0,              0.0735
       101,       159,      1.00,              0.0147,                   0,              0.0147
       101,       160,      1.00,              0.0147,                   0,              0.0294
       101,       161,      1.00,              0.3161,                   0,              0.0662
       101,       162,      1.00,              1.7864,                   0,              0.1617
       101,       163,      1.00,              0.0074,                   0,              0.0147
       101,       164,      1.00,              0.7278,                   0,              0.1250
       101,       165,      1.00,              0.1911,                   0,              0.0515
       101,       166,      1.00,              0.4190,                   0,              0.0662
       101,       167,      1.00,              0.2132,                   0,              0.0441
       101,       168,      1.00,              0.8528,                   0,              0.0294
       101,       169,      1.00,              0.3088,                   0,              0.0221
       101,       170,      1.00,              0.0294,                   0,              0.0294
       101,       171,      1.00,                   0,                   0,              0.0221
       101,       172,      1.00,              1.1909,                   0,              0.0368
       101,       174,      1.00,              0.2279,                   0,              0.0147
       101,       175,      1.00,              0.3455,                   0,              0.0294
       101,       177,      1.00,              0.2279,                   0,              0.0441
       101,       178,      1.00,              0.0074,                   0,              0.0294
       101,       179,      1.00,              0.0147,                   0,              0.0368
       101,       180,      1.00,              0.3088,                   0,                   0
       101,       181,      1.00,              0.2279,                   0,              0.0221
       101,       182,      1.00,              0.4190,                   0,              0.1176
       101,       183,      1.00,              0.0074,                   0,              0.0074
       101,       184,      1.00,              0.0074,                   0,              0.0074
       101,       185,      1.00,              0.3161,                   0,                   0
       101,       186,      1.00,              0.0074,                   0,              0.0074
       101,       187,      1.00,              0.4117,                   0,                   0
       101,       188,      1.00,              1.2497,                   0,              0.0294
       101,       189,      1.00,              0.0074,                   0,                   0
       101,       190,      1.00,              0.0147,                   0,                   0
       101,       191,      1.00,              0.1029,                   0,              0.0074
       101,       192,      1.00,                   0,                   0,              0.0294
       101,       193,      1.00,              0.0515,                   0,                   0
       101,       195,      1.00,              0.2058,                   0,                   0
       101,       196,      1.00,              0.6175,                   0,              0.0147
       101,       198,      1.00,              0.2058,                   0,              0.0074
       101,       200,      1.00,              0.2058,                   0,              0.0147
       101,       201,      1.00,              0.0441,                   0,              0.0074
       101,       202,      1.00,                   0,                   0,              0.0074
       101,       203,      1.00,              0.0074,                   0,                   0
       101,       204,      1.00,                   0,                   0,              0.0147
       101,       205,      1.00,              0.3088,                   0,              0.0221
       101,       207,      1.00,                   0,                   0,              0.0221
       101,       208,      1.00,              1.1689,                   0,              0.0294
       101,       209,      1.00,              0.6469,                   0,              0.0956
       101,       210,      1.00,              2.1981,                   0,              0.0662
       101,       211,      1.00,              0.0294,                   0,              0.0221
       101,       212,      1.00,              0.0588,                   0,              0.0147
       101,       213,      1.00,              0.2941,                   0,              0.0735
       101,       214,      1.00,              0.0147,                   0,              0.0147
       101,       218,      1.00,                   0,                   0,              0.0074
       101,       219,      1.00,                   0,                   0,              0.0147
       101,       224,      1.00,                   0,                   0,              0.2058
       101,       226,      1.00,              0.0294,                   0,              0.1691
       101,       227,      1.00,                   0,                   0,              0.0074
       101,       228,      1.00,                   0,                   0,              0.0074
       102,         1,      1.00,              0.2058,                   0,                   0
       102,         6,      1.00,              0.3088,                   0,                   0
       102,        11,      1.00,              0.0735,                   0,                   0
       102,        12,      1.00,              0.1323,                   0,                   0
       102,        13,      1.00,              0.2058,                   0,                   0
       102,        15,      1.00,              0.2132,                   0,              0.0221
       102,        17,      1.00,              0.1029,                   0,                   0
       102,        21,      1.00,              0.6175,                   0,              0.0074
       102,        26,      1.00,              0.0588,                   0,                   0
       102,        27,      1.00,              0.2058,                   0,              0.0074
       102,        28,      1.00,              0.8234,                   0,              0.0147
       102,        29,      1.00,                   0,                   0,              0.0074
       102,        30,      1.00,              0.0074,                   0,              0.0147
       102,        31,      1.00,              0.0074,                   0,              0.0147
       102,        32,      1.00,              0.0662,                   0,              0.0147
       102,        33,      1.00,              0.8307,                   0,              0.0221
       102,        35,      1.00,              0.2058,                   0,                   0
       102,        39,      1.00,                   0,                   0,              0.0074
       102,        41,      1.00,              0.1029,                   0,                   0
       102,        42,      1.00,              0.0588,                   0,                   0
       102,        43,      1.00,              0.2058,                   0,                   0
       102,        44,      1.00,                   0,                   0,              0.0074
       102,        45,      1.00,              0.4190,                   0,              0.0147
       102,        46,      1.00,              0.0074,                   0,              0.0074
       102,        49,      1.00,                   0,                   0,              0.0074
       102,        50,      1.00,                   0,                   0,              0.0147
       102,        55,      1.00,              0.2058,                   0,              0.0074
       102,        56,      1.00,                   0,                   0,              0.0074
       102,        59,      1.00,              0.7204,                   0,              0.0147
       102,        60,      1.00,              0.3749,                   0,              0.0074
       102,        61,      1.00,              0.6322,                   0,              0.0221
       102,        62,      1.00,              0.6249,                   0,              0.0147
       102,        63,      1.00,              2.6833,                   0,              0.0147
       102,        64,      1.00,              0.8969,                   0,              0.0147
       102,        65,      1.00,              0.6175,                   0,              0.0074
       102,        66,      1.00,              0.4778,                   0,              0.0074
       102,        67,      1.00,              0.9924,                   0,              0.0147
       102,        68,      1.00,              0.8381,                   0,              0.0074
       102,        69,      1.00,              0.0074,                   0,              0.0074
       102,        72,      1.00,                   0,                   0,              0.0368
       102,        73,      1.00,              0.0074,                   0,              0.0221
       102,        74,      1.00,              0.4117,                   0,              0.0074
       102,        75,      1.00,              1.5512,                   0,              0.0662
       102,        76,      1.00,              1.4482,                   0,              0.0221
       102,        77,      1.00,              1.9555,                   0,              0.0147
       102,        78,      1.00,              0.1029,                   0,              0.0074
       102,        79,      1.00,              6.7045,                   0,              0.0588
       102,        80,      1.00,              1.7129,                   0,              0.0294
       102,        81,      1.00,              0.0956,                   0,              0.0074
       102,        82,      1.00,              0.2058,                   0,              0.0147
       102,        83,      1.00,              1.3086,                   0,              0.0368
       102,        84,      1.00,              0.1691,                   0,              0.0294
       102,        85,      1.00,              0.6249,                   0,              0.0221
       102,        86,      1.00,              1.7570,                   0,              0.0441
       102,        87,      1.00,              0.4117,                   0,              0.0074
       102,        88,      1.00,              0.6763,                   0,              0.0221
       102,        89,      1.00,              0.2058,                   0,                   0
       102,        90,      1.00,              0.0074,                   0,              0.0956
       102,        91,      1.00,              0.2058,                   0,              0.0147
       102,        92,      1.00,              0.7204,                   0,              0.0294
       102,        93,      1.00,              0.7204,                   0,              0.0074
       102,        94,      1.00,              0.0074,                   0,                   0
       102,        95,      1.00,              0.9924,                   0,              0.0074
       102,        96,      1.00,              0.1029,                   0,              0.0368
       102,        97,      1.00,              2.0216,                   0,              0.0147
       102,        98,      1.00,              4.4697,                   0,              0.0221
       102,        99,      1.00,              2.2275,                   0,              0.0147
       102,       100,      1.00,             12.0637,                   0,              0.2058
       102,       101,      1.00,              2.7274,                   0,              0.0515
       102,       102,      1.00,             12.9091,                   0,              0.0147
       102,       103,      1.00,             19.2975,                   0,              0.0662
       102,       104,      1.00,              2.6392,                   0,              0.0221
       102,       105,      1.00,             15.9453,                   0,              0.0515
       102,       106,      1.00,              6.3222,                   0,              0.0588
       102,       107,      1.00,              1.6761,                   0,              0.0074
       102,       108,      1.00,              1.6761,                   0,              0.0294
       102,       109,      1.00,              0.8969,                   0,              0.0074
       102,       110,      1.00,              0.3088,                   0,              0.0074
       102,       111,      1.00,              0.6175,                   0,                   0
       102,       112,      1.00,              0.2058,                   0,              0.0074
       102,       114,      1.00,              9.9833,                   0,              0.2205
       102,       115,      1.00,                   0,                   0,              0.0221
       102,       116,      1.00,              0.2205,                   0,              0.0441
       102,       117,      1.00,              5.4327,                   0,              0.1764
       102,       118,      1.00,              3.4258,                   0,              0.0147
       102,       119,      1.00,                   0,                   0,              0.0147
       102,       120,      1.00,              0.0662,                   0,              0.0074
       102,       121,      1.00,              0.5220,                   0,              0.0147
       102,       122,      1.00,              0.9336,                   0,              0.0074
       102,       123,      1.00,              1.5512,                   0,              0.0147
       102,       124,      1.00,              0.6910,                   0,              0.0147
       102,       125,      1.00,              1.6614,                   0,              0.0147
       102,       126,      1.00,              0.1617,                   0,              0.0221
       102,       127,      1.00,              0.4558,                   0,              0.0147
       102,       128,      1.00,              0.0588,                   0,              0.0074
       102,       129,      1.00,              0.4117,                   0,                   0
       102,       131,      1.00,              0.0662,                   0,                   0
       102,       132,      1.00,              0.2058,                   0,                   0
       102,       133,      1.00,              0.0074,                   0,              0.0221
       102,       134,      1.00,              0.5146,                   0,              0.0441
       102,       135,      1.00,              0.5220,                   0,              0.1617
       102,       136,      1.00,              0.7278,                   0,              0.1617
       102,       137,      1.00,              0.8454,                   0,              0.0882
       102,       138,      1.00,              0.0074,                   0,              0.1691
       102,       139,      1.00,                   0,                   0,              0.0147
       102,       140,      1.00,              0.2132,                   0,              0.1691
       102,       141,      1.00,              0.0662,                   0,                   0
       102,       142,      1.00,              0.0956,                   0,              0.0074
       102,       143,      1.00,              0.0882,                   0,              0.0588
       102,       144,      1.00,              0.0294,                   0,              0.0441
       102,       145,      1.00,              0.0368,                   0,              0.0368
       102,       146,      1.00,              0.2132,                   0,              0.1985
       102,       147,      1.00,                   0,                   0,              0.0515
       102,       148,      1.00,              0.0809,                   0,              0.0588
       102,       149,      1.00,                   0,                   0,              0.0662
       102,       150,      1.00,              0.2058,                   0,              0.0074
       102,       151,      1.00,              0.0074,                   0,              0.0221
       102,       152,      1.00,                   0,                   0,              0.0147
       102,       153,      1.00,                   0,                   0,              0.0147
       102,       154,      1.00,                   0,                   0,              0.0294
       102,       155,      1.00,              0.2132,                   0,              0.0662
       102,       156,      1.00,                   0,                   0,              0.0074
       102,       157,      1.00,                   0,                   0,              0.0294
       102,       158,      1.00,                   0,                   0,              0.0074
       102,       159,      1.00,                   0,                   0,              0.0147
       102,       160,      1.00,              0.0662,                   0,              0.0882
       102,       161,      1.00,              0.0588,                   0,              0.0221
       102,       162,      1.00,              0.4411,                   0,              0.2132
       102,       163,      1.00,                   0,                   0,              0.0147
       102,       164,      1.00,              0.3308,                   0,              0.1764
       102,       165,      1.00,                   0,                   0,              0.0221
       102,       166,      1.00,              0.2058,                   0,              0.0441
       102,       167,      1.00,                   0,                   0,              0.0441
       102,       168,      1.00,              0.2058,                   0,              0.0294
       102,       169,      1.00,                   0,                   0,              0.0147
       102,       170,      1.00,              0.0074,                   0,              0.0147
       102,       172,      1.00,              0.6249,                   0,              0.0588
       102,       174,      1.00,              0.2132,                   0,              0.0368
       102,       175,      1.00,              0.0074,                   0,              0.0368
       102,       177,      1.00,              0.0074,                   0,              0.0515
       102,       178,      1.00,                   0,                   0,              0.0221
       102,       179,      1.00,              0.2058,                   0,              0.0515
       102,       180,      1.00,                   0,                   0,              0.0074
       102,       181,      1.00,              0.2132,                   0,              0.0294
       102,       182,      1.00,                   0,                   0,              0.0441
       102,       183,      1.00,              0.1029,                   0,              0.0074
       102,       184,      1.00,              0.2058,                   0,              0.0147
       102,       185,      1.00,              0.0662,                   0,              0.0074
       102,       188,      1.00,                   0,                   0,              0.0147
       102,       190,      1.00,                   0,                   0,              0.0147
       102,       191,      1.00,                   0,                   0,              0.0074
       102,       192,      1.00,                   0,                   0,              0.0221
       102,       193,      1.00,              0.1103,                   0,                   0
       102,       195,      1.00,              0.1029,                   0,              0.0074
       102,       196,      1.00,                   0,                   0,              0.0074
       102,       200,      1.00,                   0,                   0,              0.0074
       102,       201,      1.00,              0.0809,                   0,                   0
       102,       203,      1.00,              0.0147,                   0,                   0
       102,       204,      1.00,                   0,                   0,              0.0074
       102,       205,      1.00,                   0,                   0,              0.0074
       102,       206,      1.00,                   0,                   0,              0.0074
       102,       207,      1.00,                   0,                   0,              0.0294
       102,       208,      1.00,              0.2058,                   0,              0.0074
       102,       209,      1.00,              0.2132,                   0,              0.0074
       102,       210,      1.00,                   0,                   0,              0.0074
       102,       211,      1.00,              0.1103,                   0,              0.0368
       102,       212,      1.00,              0.0147,                   0,              0.0368
       102,       213,      1.00,              0.2205,                   0,              0.0956
       102,       214,      1.00,                   0,                   0,              0.0221
       102,       224,      1.00,                   0,                   0,              0.0221
       102,       226,      1.00,                   0,                   0,              0.0147
       103,         1,      1.00,              0.1029,                   0,                   0
       103,         2,      1.00,              0.2058,                   0,                   0
       103,         4,      1.00,              0.6175,                   0,                   0
       103,         5,      1.00,                   0,                   0,              0.0074
       103,         6,      1.00,              0.5146,                   0,                   0
       103,         7,      1.00,              0.4484,                   0,              0.0074
       103,         8,      1.00,              0.8087,                   0,              0.0074
       103,         9,      1.00,              0.9924,                   0,              0.0074
       103,        11,      1.00,              0.0956,                   0,              0.0074
       103,        12,      1.00,              0.8160,                   0,              0.0074
       103,        13,      1.00,              0.5220,                   0,              0.0074
       103,        14,      1.00,              0.6322,                   0,                   0
       103,        15,      1.00,              2.3525,                   0,              0.0368
       103,        16,      1.00,              0.4117,                   0,                   0
       103,        17,      1.00,              0.7204,                   0,              0.0147
       103,        19,      1.00,              1.1248,                   0,              0.0074
       103,        21,      1.00,              1.4409,                   0,              0.0294
       103,        22,      1.00,              0.5146,                   0,                   0
       103,        23,      1.00,              0.4190,                   0,                   0
       103,        24,      1.00,              0.8307,                   0,                   0
       103,        25,      1.00,              0.4117,                   0,                   0
       103,        26,      1.00,              0.4778,                   0,                   0
       103,        27,      1.00,              1.0439,                   0,              0.0147
       103,        28,      1.00,              1.8746,                   0,              0.0294
       103,        29,      1.00,              0.8307,                   0,              0.0147
       103,        30,      1.00,              0.5367,                   0,              0.0441
       103,        31,      1.00,              1.4629,                   0,              0.0368
       103,        32,      1.00,              1.5585,                   0,              0.0147
       103,        33,      1.00,              4.5138,                   0,              0.1103
       103,        34,      1.00,              0.6175,                   0,                   0
       103,        35,      1.00,              0.6249,                   0,                   0
       103,        36,      1.00,              0.3161,                   0,              0.0074
       103,        37,      1.00,              0.0221,                   0,                   0
       103,        38,      1.00,              0.6322,                   0,                   0
       103,        39,      1.00,              1.0071,                   0,              0.0147
       103,        40,      1.00,              0.2205,                   0,              0.0074
       103,        41,      1.00,              0.6616,                   0,              0.0294
       103,        42,      1.00,              0.2058,                   0,              0.0074
       103,        43,      1.00,              1.1983,                   0,              0.0074
       103,        44,      1.00,              0.3308,                   0,              0.0441
       103,        45,      1.00,              2.3010,                   0,              0.0441
       103,        46,      1.00,              2.4995,                   0,              0.0809
       103,        47,      1.00,              1.3380,                   0,              0.0074
       103,        48,      1.00,                   0,                   0,              0.0147
       103,        49,      1.00,              0.2279,                   0,              0.0074
       103,        50,      1.00,              0.0074,                   0,              0.0809
       103,        51,      1.00,              0.0221,                   0,                   0
       103,        52,      1.00,              1.2939,                   0,              0.0147
       103,        54,      1.00,              0.9336,                   0,              0.0074
       103,        55,      1.00,              2.5510,                   0,              0.0294
       103,        56,      1.00,              1.2130,                   0,              0.0147
       103,        57,      1.00,              0.0441,                   0,                   0
       103,        58,      1.00,              1.1542,                   0,              0.0368
       103,        59,      1.00,              2.5362,                   0,              0.0221
       103,        60,      1.00,              1.6835,                   0,              0.0147
       103,        61,      1.00,              6.9618,                   0,              0.1470
       103,        62,      1.00,              7.0427,                   0,              0.1176
       103,        63,      1.00,              6.6825,                   0,              0.1250
       103,        64,      1.00,              5.9841,                   0,              0.1617
       103,        65,      1.00,              3.6904,                   0,              0.0588
       103,        66,      1.00,              2.4039,                   0,              0.0221
       103,        67,      1.00,             12.9385,                   0,              0.1838
       103,        68,      1.00,              5.5503,                   0,              0.0809
       103,        69,      1.00,              3.8375,                   0,              0.0662
       103,        70,      1.00,              0.3749,                   0,              0.0074
       103,        71,      1.00,              2.1687,                   0,              0.0294
       103,        72,      1.00,              1.8158,                   0,              0.1029
       103,        73,      1.00,              0.2499,                   0,              0.1029
       103,        74,      1.00,              3.1097,                   0,              0.0515
       103,        75,      1.00,             11.6079,                   0,              0.2867
       103,        76,      1.00,             17.8273,                   0,              0.1470
       103,        77,      1.00,              8.4395,                   0,              0.0809
       103,        78,      1.00,              0.5734,                   0,                   0
       103,        79,      1.00,             62.9063,                   0,              0.3749
       103,        80,      1.00,             23.0982,                   0,              0.2058
       103,        81,      1.00,              1.4482,                   0,              0.1103
       103,        82,      1.00,              1.2644,                   0,              0.0735
       103,        83,      1.00,             13.5708,                   0,              0.2573
       103,        84,      1.00,              8.5130,                   0,              0.2573
       103,        85,      1.00,             11.7476,                   0,              0.1911
       103,        86,      1.00,             14.5853,                   0,              0.3088
       103,        87,      1.00,              4.5285,                   0,              0.0735
       103,        88,      1.00,              1.5585,                   0,              0.0735
       103,        89,      1.00,              7.4176,                   0,              0.0735
       103,        90,      1.00,             11.0566,                   0,              0.3235
       103,        91,      1.00,              2.5142,                   0,              0.0882
       103,        92,      1.00,              3.6978,                   0,              0.2058
       103,        93,      1.00,              1.9922,                   0,              0.0294
       103,        94,      1.00,              2.9406,                   0,              0.0809
       103,        95,      1.00,             12.2402,                   0,              0.1470
       103,        96,      1.00,              6.5501,                   0,              0.1029
       103,        97,      1.00,              7.0206,                   0,              0.0588
       103,        98,      1.00,             16.3276,                   0,              0.0956
       103,        99,      1.00,              6.4913,                   0,              0.0294
       103,       100,      1.00,             41.5136,                   0,              0.3161
       103,       101,      1.00,             14.8279,                   0,              0.1250
       103,       102,      1.00,             24.9435,                   0,              0.0662
       103,       103,      1.00,            251.0886,                   0,              0.5661
       103,       104,      1.00,             35.4928,                   0,              0.2279
       103,       105,      1.00,             51.4528,                   0,              0.2279
       103,       106,      1.00,             78.8222,                   0,              0.4117
       103,       107,      1.00,             36.2353,                   0,              0.2647
       103,       108,      1.00,              5.0284,                   0,              0.1103
       103,       109,      1.00,             14.3206,                   0,              0.1544
       103,       110,      1.00,              5.5209,                   0,              0.0588
       103,       111,      1.00,              3.3670,                   0,              0.0515
       103,       112,      1.00,              1.5217,                   0,              0.0074
       103,       113,      1.00,              0.1029,                   0,                   0
       103,       114,      1.00,             44.7188,                   0,              0.0956
       103,       115,      1.00,              0.2132,                   0,              0.0147
       103,       116,      1.00,              1.4482,                   0,              0.1250
       103,       117,      1.00,             29.8101,                   0,              0.3749
       103,       118,      1.00,             29.6263,                   0,              0.3676
       103,       119,      1.00,              2.8009,                   0,              0.1029
       103,       120,      1.00,              2.5804,                   0,              0.0515
       103,       121,      1.00,              2.8671,                   0,              0.1470
       103,       122,      1.00,             10.6890,                   0,              0.2205
       103,       123,      1.00,             13.4090,                   0,              0.1838
       103,       124,      1.00,              6.4840,                   0,              0.2794
       103,       125,      1.00,              6.0649,                   0,              0.1838
       103,       126,      1.00,              2.6245,                   0,              0.2132
       103,       127,      1.00,              6.9692,                   0,              0.2794
       103,       128,      1.00,              1.4923,                   0,              0.0956
       103,       129,      1.00,              1.6614,                   0,              0.0809
       103,       130,      1.00,              1.1321,                   0,              0.0441
       103,       131,      1.00,              0.9189,                   0,              0.0662
       103,       132,      1.00,              1.0071,                   0,              0.0809
       103,       133,      1.00,              0.4337,                   0,              0.0588
       103,       134,      1.00,              2.2348,                   0,              0.1029
       103,       135,      1.00,              2.1393,                   0,              0.1985
       103,       136,      1.00,              6.6384,                   0,              0.1103
       103,       137,      1.00,              3.4625,                   0,              0.0294
       103,       138,      1.00,              2.2569,                   0,              0.1103
       103,       139,      1.00,              0.4190,                   0,              0.0294
       103,       140,      1.00,              3.4258,                   0,              0.2058
       103,       141,      1.00,              1.1689,                   0,              0.0956
       103,       142,      1.00,              1.0145,                   0,              0.0662
       103,       143,      1.00,              2.0290,                   0,              0.2352
       103,       144,      1.00,              0.2058,                   0,              0.0515
       103,       145,      1.00,              0.5220,                   0,              0.0588
       103,       146,      1.00,              1.3821,                   0,              0.2352
       103,       147,      1.00,              0.3161,                   0,              0.0956
       103,       148,      1.00,              1.1101,                   0,              0.1176
       103,       149,      1.00,              0.4411,                   0,              0.1103
       103,       150,      1.00,              0.6910,                   0,              0.0956
       103,       151,      1.00,              0.4705,                   0,              0.1323
       103,       152,      1.00,              0.3455,                   0,              0.0588
       103,       153,      1.00,              0.1176,                   0,              0.0441
       103,       154,      1.00,              1.4850,                   0,              0.2058
       103,       155,      1.00,              0.6543,                   0,              0.1617
       103,       156,      1.00,              0.1250,                   0,              0.0221
       103,       157,      1.00,              0.1103,                   0,              0.0074
       103,       159,      1.00,              0.1103,                   0,              0.0074
       103,       160,      1.00,              0.5881,                   0,              0.0588
       103,       161,      1.00,              0.8307,                   0,              0.1029
       103,       162,      1.00,              4.3079,                   0,              0.1103
       103,       163,      1.00,              0.1985,                   0,              0.0074
       103,       164,      1.00,              3.4258,                   0,              0.0662
       103,       165,      1.00,              0.4778,                   0,              0.0956
       103,       166,      1.00,              0.5514,                   0,              0.1176
       103,       167,      1.00,              0.4778,                   0,              0.0662
       103,       168,      1.00,              0.7793,                   0,              0.0147
       103,       169,      1.00,              0.5220,                   0,              0.0147
       103,       170,      1.00,              0.8822,                   0,              0.0294
       103,       172,      1.00,              2.1025,                   0,              0.0294
       103,       173,      1.00,              0.1029,                   0,                   0
       103,       174,      1.00,              0.6396,                   0,              0.0074
       103,       175,      1.00,              1.4703,                   0,              0.0221
       103,       176,      1.00,              0.1029,                   0,                   0
       103,       177,      1.00,              1.0439,                   0,              0.0221
       103,       178,      1.00,              0.5220,                   0,              0.0662
       103,       179,      1.00,              0.4631,                   0,              0.0588
       103,       180,      1.00,              0.0735,                   0,                   0
       103,       181,      1.00,              0.5367,                   0,              0.0074
       103,       182,      1.00,              0.3970,                   0,              0.0515
       103,       183,      1.00,              0.0074,                   0,              0.0074
       103,       184,      1.00,              0.8307,                   0,                   0
       103,       185,      1.00,              0.2132,                   0,                   0
       103,       186,      1.00,              0.0074,                   0,              0.0074
       103,       187,      1.00,              0.1029,                   0,                   0
       103,       188,      1.00,              0.5955,                   0,              0.0221
       103,       189,      1.00,              0.0074,                   0,                   0
       103,       190,      1.00,              0.0147,                   0,                   0
       103,       192,      1.00,              0.3161,                   0,              0.0221
       103,       193,      1.00,              0.1838,                   0,              0.0074
       103,       195,      1.00,              0.2132,                   0,                   0
       103,       196,      1.00,              0.2058,                   0,              0.0147
       103,       198,      1.00,                   0,                   0,              0.0074
       103,       199,      1.00,              0.0441,                   0,                   0
       103,       200,      1.00,                   0,                   0,              0.0074
       103,       201,      1.00,              0.2132,                   0,              0.0074
       103,       202,      1.00,              0.1617,                   0,                   0
       103,       203,      1.00,              0.1176,                   0,              0.0074
       103,       204,      1.00,              0.2058,                   0,              0.0074
       103,       207,      1.00,                   0,                   0,              0.0074
       103,       208,      1.00,              1.1248,                   0,              0.0515
       103,       209,      1.00,              1.9702,                   0,              0.0956
       103,       210,      1.00,              3.3229,                   0,              0.0294
       103,       211,      1.00,              0.1250,                   0,              0.0147
       103,       212,      1.00,              0.3161,                   0,              0.0147
       103,       213,      1.00,              1.8452,                   0,              0.0368
       103,       214,      1.00,              0.2352,                   0,              0.0074
       103,       218,      1.00,                   0,                   0,              0.0074
       103,       219,      1.00,                   0,                   0,              0.0147
       103,       224,      1.00,                   0,                   0,              0.0882
       103,       226,      1.00,              0.0074,                   0,              0.0662
       103,       227,      1.00,                   0,                   0,              0.0074
       103,       228,      1.00,                   0,                   0,              0.0074
       104,         7,      1.00,              0.0809,                   0,                   0
       104,         8,      1.00,              0.7131,                   0,              0.0074
       104,         9,      1.00,              0.1250,                   0,                   0
       104,        10,      1.00,              0.2058,                   0,                   0
       104,        11,      1.00,              0.0147,                   0,                   0
       104,        12,      1.00,              0.2720,                   0,                   0
       104,        13,      1.00,              0.2132,                   0,                   0
       104,        14,      1.00,              0.2132,                   0,                   0
       104,        15,      1.00,              0.8675,                   0,              0.0441
       104,        17,      1.00,              0.3088,                   0,                   0
       104,        19,      1.00,              0.2279,                   0,                   0
       104,        21,      1.00,                   0,                   0,              0.0074
       104,        22,      1.00,              0.2058,                   0,                   0
       104,        23,      1.00,              0.4778,                   0,                   0
       104,        24,      1.00,              0.0074,                   0,                   0
       104,        25,      1.00,              0.2058,                   0,                   0
       104,        26,      1.00,              0.2058,                   0,                   0
       104,        27,      1.00,              0.5881,                   0,              0.0515
       104,        28,      1.00,              1.9628,                   0,              0.0515
       104,        29,      1.00,              0.4117,                   0,              0.0074
       104,        30,      1.00,              0.8895,                   0,              0.0147
       104,        31,      1.00,              0.4337,                   0,              0.0147
       104,        32,      1.00,              2.0584,                   0,              0.0368
       104,        33,      1.00,              1.3086,                   0,              0.0368
       104,        34,      1.00,              0.2058,                   0,              0.0147
       104,        35,      1.00,              1.3012,                   0,                   0
       104,        36,      1.00,              0.6249,                   0,              0.0074
       104,        37,      1.00,              0.0147,                   0,                   0
       104,        38,      1.00,              0.0074,                   0,                   0
       104,        39,      1.00,              0.4264,                   0,              0.0368
       104,        40,      1.00,              0.0147,                   0,                   0
       104,        41,      1.00,              0.1176,                   0,              0.0147
       104,        42,      1.00,              0.2058,                   0,                   0
       104,        43,      1.00,              0.4778,                   0,              0.0441
       104,        44,      1.00,              1.2056,                   0,              0.0441
       104,        45,      1.00,              1.5217,                   0,              0.0735
       104,        46,      1.00,              1.1762,                   0,              0.0882
       104,        47,      1.00,              0.9483,                   0,              0.0662
       104,        48,      1.00,                   0,                   0,              0.0147
       104,        49,      1.00,              0.2205,                   0,              0.0221
       104,        50,      1.00,                   0,                   0,              0.0882
       104,        51,      1.00,              0.0221,                   0,                   0
       104,        52,      1.00,              1.0219,                   0,              0.0147
       104,        53,      1.00,              0.1029,                   0,                   0
       104,        54,      1.00,              1.0292,                   0,              0.0221
       104,        55,      1.00,              1.5732,                   0,              0.0515
       104,        56,      1.00,              0.7057,                   0,              0.0221
       104,        57,      1.00,              0.0294,                   0,                   0
       104,        58,      1.00,              1.2056,                   0,              0.0147
       104,        59,      1.00,              2.0216,                   0,              0.0074
       104,        60,      1.00,              1.0366,                   0,              0.0368
       104,        61,      1.00,              1.0071,                   0,              0.0515
       104,        62,      1.00,              1.8232,                   0,              0.0294
       104,        63,      1.00,              1.8232,                   0,              0.0515
       104,        64,      1.00,              1.0439,                   0,              0.0662
       104,        65,      1.00,              1.3086,                   0,              0.1250
       104,        66,      1.00,              1.5070,                   0,              0.0588
       104,        67,      1.00,              3.8595,                   0,              0.0956
       104,        68,      1.00,              2.1760,                   0,              0.0294
       104,        69,      1.00,              1.0439,                   0,              0.0882
       104,        70,      1.00,              1.7496,                   0,              0.0147
       104,        71,      1.00,              1.6541,                   0,              0.0441
       104,        72,      1.00,              1.3012,                   0,              0.0441
       104,        73,      1.00,              0.4411,                   0,              0.0809
       104,        74,      1.00,              2.4848,                   0,              0.0441
       104,        75,      1.00,              7.0280,                   0,              0.1029
       104,        76,      1.00,              6.6604,                   0,              0.0515
       104,        77,      1.00,              3.0067,                   0,              0.0515
       104,        78,      1.00,              0.2058,                   0,                   0
       104,        79,      1.00,             15.3057,                   0,              0.1397
       104,        80,      1.00,             20.4076,                   0,              0.1103
       104,        81,      1.00,              1.3012,                   0,              0.0956
       104,        82,      1.00,              1.5585,                   0,              0.1029
       104,        83,      1.00,             15.1587,                   0,              0.3088
       104,        84,      1.00,              7.8293,                   0,              0.1397
       104,        85,      1.00,              8.2704,                   0,              0.0882
       104,        86,      1.00,             19.5328,                   0,              0.1323
       104,        87,      1.00,             10.3729,                   0,              0.0368
       104,        88,      1.00,              2.7421,                   0,              0.0147
       104,        89,      1.00,              4.5726,                   0,              0.0441
       104,        90,      1.00,              7.1750,                   0,              0.0735
       104,        91,      1.00,              2.1319,                   0,              0.0221
       104,        92,      1.00,              1.9334,                   0,              0.1397
       104,        93,      1.00,              1.0366,                   0,              0.0221
       104,        94,      1.00,              2.5657,                   0,              0.0515
       104,        95,      1.00,              8.6159,                   0,              0.1397
       104,        96,      1.00,              6.7486,                   0,              0.0221
       104,        97,      1.00,              0.7278,                   0,              0.0221
       104,        98,      1.00,              2.1907,                   0,              0.0441
       104,        99,      1.00,              0.3161,                   0,              0.0221
       104,       100,      1.00,              4.3079,                   0,              0.1911
       104,       101,      1.00,              3.0214,                   0,              0.1029
       104,       102,      1.00,              3.0876,                   0,              0.0221
       104,       103,      1.00,             33.4785,                   0,              0.2279
       104,       104,      1.00,             49.6002,                   0,              0.0956
       104,       105,      1.00,              4.9328,                   0,              0.1838
       104,       106,      1.00,             15.1440,                   0,              0.1397
       104,       107,      1.00,              6.8148,                   0,              0.1544
       104,       108,      1.00,              0.8307,                   0,              0.1617
       104,       109,      1.00,              4.5432,                   0,              0.0809
       104,       110,      1.00,              5.2636,                   0,              0.0294
       104,       111,      1.00,              3.1538,                   0,              0.0147
       104,       112,      1.00,              0.2794,                   0,              0.0221
       104,       114,      1.00,              5.1754,                   0,              0.0515
       104,       115,      1.00,                   0,                   0,              0.0294
       104,       116,      1.00,              0.0147,                   0,              0.0368
       104,       117,      1.00,              3.4405,                   0,              0.4631
       104,       118,      1.00,              8.0498,                   0,              0.0735
       104,       119,      1.00,              0.4925,                   0,              0.0515
       104,       120,      1.00,              1.4703,                   0,              0.0441
       104,       121,      1.00,              2.8009,                   0,              0.1691
       104,       122,      1.00,              8.1307,                   0,              0.1176
       104,       123,      1.00,              5.6018,                   0,              0.0662
       104,       124,      1.00,              1.7790,                   0,              0.0441
       104,       125,      1.00,              1.1542,                   0,              0.0368
       104,       126,      1.00,              1.0660,                   0,              0.2058
       104,       127,      1.00,              4.1903,                   0,              0.3235
       104,       128,      1.00,              0.4411,                   0,              0.0882
       104,       129,      1.00,              1.6541,                   0,              0.0515
       104,       130,      1.00,              0.7204,                   0,              0.0294
       104,       131,      1.00,              0.9410,                   0,              0.0147
       104,       132,      1.00,              0.4558,                   0,              0.0368
       104,       133,      1.00,              0.5367,                   0,              0.0147
       104,       134,      1.00,              0.3823,                   0,              0.0147
       104,       135,      1.00,              0.7278,                   0,              0.0368
       104,       136,      1.00,              0.8234,                   0,              0.0294
       104,       137,      1.00,              0.1470,                   0,              0.0147
       104,       138,      1.00,              1.0954,                   0,              0.0147
       104,       139,      1.00,              0.0735,                   0,              0.0147
       104,       140,      1.00,              0.7719,                   0,              0.0368
       104,       141,      1.00,              0.7866,                   0,              0.0809
       104,       142,      1.00,              1.2424,                   0,              0.0441
       104,       143,      1.00,              1.2203,                   0,              0.1029
       104,       144,      1.00,              0.1397,                   0,              0.0221
       104,       145,      1.00,              0.1911,                   0,              0.0588
       104,       146,      1.00,              0.9042,                   0,              0.1029
       104,       147,      1.00,              0.1838,                   0,              0.0515
       104,       148,      1.00,              0.5146,                   0,              0.1176
       104,       149,      1.00,              0.3161,                   0,              0.0662
       104,       150,      1.00,              0.3602,                   0,              0.0662
       104,       151,      1.00,              0.5293,                   0,              0.1691
       104,       152,      1.00,              0.1323,                   0,              0.0441
       104,       153,      1.00,              0.1250,                   0,              0.0294
       104,       154,      1.00,              0.6763,                   0,              0.1176
       104,       155,      1.00,              0.4631,                   0,              0.1250
       104,       156,      1.00,              0.0735,                   0,              0.0221
       104,       159,      1.00,              0.2058,                   0,              0.0074
       104,       160,      1.00,              0.1985,                   0,              0.0147
       104,       161,      1.00,              0.5440,                   0,              0.0515
       104,       162,      1.00,              0.3308,                   0,              0.0294
       104,       164,      1.00,              0.2279,                   0,              0.0147
       104,       165,      1.00,              0.2279,                   0,              0.0735
       104,       166,      1.00,              0.3088,                   0,              0.0809
       104,       167,      1.00,              0.3014,                   0,              0.0588
       104,       168,      1.00,              0.2205,                   0,              0.0221
       104,       169,      1.00,              0.1103,                   0,              0.0074
       104,       170,      1.00,              0.3161,                   0,              0.0221
       104,       172,      1.00,              0.7278,                   0,              0.0074
       104,       173,      1.00,              0.0221,                   0,                   0
       104,       174,      1.00,              0.2132,                   0,                   0
       104,       175,      1.00,              0.2426,                   0,              0.0074
       104,       176,      1.00,              0.0221,                   0,                   0
       104,       177,      1.00,              0.0735,                   0,              0.0368
       104,       178,      1.00,              0.4043,                   0,              0.0735
       104,       179,      1.00,              0.2720,                   0,              0.0735
       104,       180,      1.00,              0.0735,                   0,              0.0074
       104,       181,      1.00,              0.1176,                   0,              0.0074
       104,       182,      1.00,              0.2573,                   0,              0.0662
       104,       183,      1.00,              0.0588,                   0,                   0
       104,       185,      1.00,              0.0809,                   0,                   0
       104,       188,      1.00,              0.1029,                   0,              0.0074
       104,       189,      1.00,              0.2058,                   0,                   0
       104,       190,      1.00,              0.2058,                   0,                   0
       104,       192,      1.00,              0.2058,                   0,              0.0074
       104,       193,      1.00,              0.1617,                   0,                   0
       104,       195,      1.00,              0.2058,                   0,                   0
       104,       196,      1.00,                   0,                   0,              0.0074
       104,       201,      1.00,              0.1250,                   0,                   0
       104,       203,      1.00,              0.0221,                   0,                   0
       104,       207,      1.00,              0.2058,                   0,                   0
       104,       208,      1.00,              2.4260,                   0,              0.0515
       104,       209,      1.00,              1.6320,                   0,              0.0956
       104,       210,      1.00,              3.0582,                   0,              0.1764
       104,       211,      1.00,              0.0074,                   0,              0.0147
       104,       212,      1.00,              0.0074,                   0,                   0
       104,       213,      1.00,              0.1176,                   0,              0.0074
       104,       218,      1.00,                   0,                   0,              0.0074
       104,       219,      1.00,                   0,                   0,              0.0074
       104,       224,      1.00,                   0,                   0,              0.0294
       104,       226,      1.00,                   0,                   0,              0.0221
       105,         4,      1.00,              0.2058,                   0,                   0
       105,         5,      1.00,              0.1617,                   0,                   0
       105,         6,      1.00,              0.2794,                   0,                   0
       105,         7,      1.00,              0.3749,                   0,                   0
       105,         8,      1.00,              0.3896,                   0,              0.0074
       105,         9,      1.00,              0.0662,                   0,                   0
       105,        11,      1.00,              0.0956,                   0,                   0
       105,        12,      1.00,              0.2647,                   0,                   0
       105,        13,      1.00,              0.1397,                   0,                   0
       105,        14,      1.00,              0.2132,                   0,                   0
       105,        15,      1.00,              0.4852,                   0,              0.0147
       105,        19,      1.00,                   0,                   0,              0.0074
       105,        20,      1.00,              0.0441,                   0,                   0
       105,        21,      1.00,              0.4117,                   0,              0.0147
       105,        22,      1.00,              0.1029,                   0,                   0
       105,        24,      1.00,              0.1029,                   0,                   0
       105,        26,      1.00,              0.2058,                   0,                   0
       105,        27,      1.00,              0.2132,                   0,              0.0147
       105,        28,      1.00,              0.8307,                   0,              0.0147
       105,        29,      1.00,              0.2132,                   0,              0.0074
       105,        30,      1.00,              0.2794,                   0,              0.0074
       105,        31,      1.00,              0.4264,                   0,              0.0147
       105,        32,      1.00,              0.7278,                   0,              0.0147
       105,        33,      1.00,              1.9334,                   0,              0.0294
       105,        35,      1.00,              0.5146,                   0,                   0
       105,        37,      1.00,              0.0074,                   0,                   0
       105,        38,      1.00,              0.0074,                   0,                   0
       105,        39,      1.00,              0.0074,                   0,              0.0074
       105,        40,      1.00,              0.0074,                   0,                   0
       105,        41,      1.00,              0.8307,                   0,              0.0074
       105,        44,      1.00,              0.0662,                   0,              0.0147
       105,        45,      1.00,              0.4264,                   0,              0.0147
       105,        46,      1.00,              0.0147,                   0,              0.0221
       105,        47,      1.00,              0.3455,                   0,              0.0074
       105,        48,      1.00,                   0,                   0,              0.0074
       105,        49,      1.00,              0.0074,                   0,                   0
       105,        50,      1.00,                   0,                   0,              0.0221
       105,        51,      1.00,              0.0074,                   0,                   0
       105,        52,      1.00,              0.2132,                   0,              0.0074
       105,        54,      1.00,              0.2058,                   0,                   0
       105,        55,      1.00,              0.2132,                   0,              0.0147
       105,        56,      1.00,              0.0074,                   0,              0.0074
       105,        58,      1.00,              0.4190,                   0,              0.0147
       105,        59,      1.00,              0.0662,                   0,              0.0147
       105,        60,      1.00,              0.1103,                   0,              0.0147
       105,        61,      1.00,              1.5732,                   0,              0.0368
       105,        62,      1.00,              1.7643,                   0,              0.0221
       105,        63,      1.00,              1.1542,                   0,              0.0368
       105,        64,      1.00,              1.2644,                   0,              0.0368
       105,        65,      1.00,              0.2794,                   0,              0.0147
       105,        66,      1.00,              0.4778,                   0,              0.0147
       105,        67,      1.00,              2.0216,                   0,              0.0221
       105,        68,      1.00,              1.1689,                   0,              0.0147
       105,        69,      1.00,              0.8307,                   0,              0.0074
       105,        70,      1.00,              0.2058,                   0,                   0
       105,        71,      1.00,              0.0074,                   0,              0.0074
       105,        72,      1.00,              0.4117,                   0,              0.0441
       105,        73,      1.00,              0.0147,                   0,              0.0368
       105,        74,      1.00,              0.4190,                   0,              0.0074
       105,        75,      1.00,              0.6690,                   0,              0.0735
       105,        76,      1.00,              1.5953,                   0,              0.0221
       105,        77,      1.00,              2.8891,                   0,              0.0147
       105,        78,      1.00,              0.5146,                   0,              0.0074
       105,        79,      1.00,             10.9095,                   0,              0.0956
       105,        80,      1.00,              3.8448,                   0,              0.0368
       105,        81,      1.00,              0.1544,                   0,              0.0074
       105,        82,      1.00,              0.4190,                   0,              0.0147
       105,        83,      1.00,              2.0805,                   0,              0.0441
       105,        84,      1.00,              1.8379,                   0,              0.0662
       105,        85,      1.00,              0.5367,                   0,              0.0294
       105,        86,      1.00,              2.5142,                   0,              0.3014
       105,        87,      1.00,              0.0074,                   0,              0.0515
       105,        88,      1.00,              0.1103,                   0,              0.0221
       105,        89,      1.00,              1.7717,                   0,              0.0368
       105,        90,      1.00,              1.6688,                   0,              0.0441
       105,        91,      1.00,              0.3161,                   0,              0.0147
       105,        92,      1.00,              0.9998,                   0,              0.1250
       105,        93,      1.00,              0.4190,                   0,              0.0221
       105,        94,      1.00,              0.7425,                   0,              0.0441
       105,        95,      1.00,              4.5358,                   0,              0.1029
       105,        96,      1.00,              1.5438,                   0,              0.0294
       105,        97,      1.00,              2.0584,                   0,              0.0221
       105,        98,      1.00,              4.2197,                   0,              0.0294
       105,        99,      1.00,              4.4917,                   0,              0.0147
       105,       100,      1.00,             23.7672,                   0,              0.3602
       105,       101,      1.00,              4.2491,                   0,              0.0515
       105,       102,      1.00,             14.4456,                   0,              0.0515
       105,       103,      1.00,             39.4185,                   0,              0.2279
       105,       104,      1.00,              3.6610,                   0,              0.1838
       105,       105,      1.00,             66.6703,                   0,              0.1617
       105,       106,      1.00,             21.0839,                   0,              0.1470
       105,       107,      1.00,             14.6147,                   0,              0.1323
       105,       108,      1.00,             10.1744,                   0,              0.0662
       105,       109,      1.00,              4.4329,                   0,              0.0809
       105,       110,      1.00,              1.9775,                   0,              0.0294
       105,       111,      1.00,              0.4778,                   0,              0.0147
       105,       112,      1.00,              0.2720,                   0,                   0
       105,       114,      1.00,             41.5871,                   0,              0.4043
       105,       115,      1.00,              0.1103,                   0,              0.0147
       105,       116,      1.00,              1.4850,                   0,              0.1029
       105,       117,      1.00,             30.5967,                   0,              0.3161
       105,       118,      1.00,             11.8358,                   0,              0.2132
       105,       119,      1.00,              1.2056,                   0,              0.0588
       105,       120,      1.00,              1.1615,                   0,              0.0368
       105,       121,      1.00,              0.9557,                   0,              0.0809
       105,       122,      1.00,              3.9551,                   0,              0.1029
       105,       123,      1.00,              4.6167,                   0,              0.0956
       105,       124,      1.00,              3.0656,                   0,              0.1323
       105,       125,      1.00,              4.0212,                   0,              0.0809
       105,       126,      1.00,              1.1321,                   0,              0.1323
       105,       127,      1.00,              2.5657,                   0,              0.1617
       105,       128,      1.00,              0.4558,                   0,              0.0515
       105,       129,      1.00,              1.2424,                   0,              0.0368
       105,       130,      1.00,              0.7278,                   0,              0.0221
       105,       131,      1.00,              0.2205,                   0,              0.0368
       105,       132,      1.00,              0.6249,                   0,              0.0294
       105,       133,      1.00,              0.0147,                   0,              0.0294
       105,       134,      1.00,              0.4264,                   0,              0.0441
       105,       135,      1.00,              5.5062,                   0,              0.1103
       105,       136,      1.00,              5.8076,                   0,              0.2205
       105,       137,      1.00,              2.7494,                   0,              0.0956
       105,       138,      1.00,              1.5365,                   0,              0.1176
       105,       139,      1.00,              0.0074,                   0,              0.0074
       105,       140,      1.00,              0.5440,                   0,              0.1029
       105,       141,      1.00,              0.4411,                   0,              0.0441
       105,       142,      1.00,              0.0147,                   0,              0.0368
       105,       143,      1.00,              0.7572,                   0,              0.0956
       105,       144,      1.00,              0.0515,                   0,              0.0147
       105,       145,      1.00,              0.1397,                   0,              0.0294
       105,       146,      1.00,              0.3676,                   0,              0.1029
       105,       147,      1.00,              0.2058,                   0,              0.0294
       105,       148,      1.00,              0.4852,                   0,              0.0515
       105,       149,      1.00,              0.1691,                   0,              0.0294
       105,       150,      1.00,              0.2132,                   0,              0.0515
       105,       151,      1.00,              0.2205,                   0,              0.0809
       105,       152,      1.00,              0.0882,                   0,              0.0294
       105,       153,      1.00,              0.1323,                   0,              0.0221
       105,       154,      1.00,              0.6175,                   0,              0.0956
       105,       155,      1.00,              0.4411,                   0,              0.0882
       105,       156,      1.00,              0.0515,                   0,              0.0074
       105,       157,      1.00,              0.0074,                   0,              0.0221
       105,       158,      1.00,              0.2058,                   0,              0.0147
       105,       159,      1.00,              0.0074,                   0,              0.0221
       105,       160,      1.00,              0.1176,                   0,              0.0441
       105,       161,      1.00,              0.1691,                   0,              0.0588
       105,       162,      1.00,              3.4993,                   0,              0.2132
       105,       163,      1.00,              0.0515,                   0,              0.0147
       105,       164,      1.00,              1.4335,                   0,              0.1838
       105,       165,      1.00,              0.1764,                   0,              0.0515
       105,       166,      1.00,              0.5220,                   0,              0.0588
       105,       167,      1.00,              0.0074,                   0,              0.0368
       105,       168,      1.00,              0.1029,                   0,              0.0221
       105,       169,      1.00,              0.1250,                   0,              0.0147
       105,       170,      1.00,              0.8454,                   0,              0.0441
       105,       171,      1.00,              0.1470,                   0,                   0
       105,       172,      1.00,              0.5146,                   0,              0.0441
       105,       173,      1.00,              0.2058,                   0,                   0
       105,       174,      1.00,              0.6396,                   0,              0.0074
       105,       175,      1.00,              0.2352,                   0,              0.0221
       105,       176,      1.00,              0.1029,                   0,                   0
       105,       177,      1.00,              0.8381,                   0,              0.0368
       105,       178,      1.00,              0.1029,                   0,              0.0368
       105,       179,      1.00,              0.2205,                   0,              0.0294
       105,       181,      1.00,              0.0809,                   0,              0.0147
       105,       182,      1.00,              0.2867,                   0,              0.0662
       105,       183,      1.00,              0.0074,                   0,              0.0074
       105,       184,      1.00,              0.0074,                   0,              0.0074
       105,       185,      1.00,              0.2132,                   0,                   0
       105,       186,      1.00,              0.0074,                   0,              0.0074
       105,       187,      1.00,              0.4117,                   0,                   0
       105,       188,      1.00,              0.5955,                   0,              0.0221
       105,       189,      1.00,              0.4190,                   0,                   0
       105,       190,      1.00,              0.0147,                   0,                   0
       105,       191,      1.00,              0.0588,                   0,              0.0147
       105,       192,      1.00,              0.0074,                   0,              0.0294
       105,       193,      1.00,              0.0221,                   0,                   0
       105,       195,      1.00,              0.1103,                   0,                   0
       105,       196,      1.00,              0.1029,                   0,              0.0147
       105,       198,      1.00,                   0,                   0,              0.0074
       105,       200,      1.00,                   0,                   0,              0.0074
       105,       201,      1.00,              0.0441,                   0,              0.0074
       105,       204,      1.00,                   0,                   0,              0.0074
       105,       205,      1.00,                   0,                   0,              0.0074
       105,       206,      1.00,                   0,                   0,              0.0074
       105,       207,      1.00,                   0,                   0,              0.0368
       105,       208,      1.00,              0.4852,                   0,              0.0074
       105,       209,      1.00,              0.0147,                   0,              0.0221
       105,       210,      1.00,              0.5881,                   0,              0.0221
       105,       211,      1.00,              0.2279,                   0,              0.0441
       105,       212,      1.00,              0.0441,                   0,              0.0294
       105,       213,      1.00,              1.3380,                   0,              0.0956
       105,       214,      1.00,              0.0662,                   0,              0.0221
       105,       218,      1.00,                   0,                   0,              0.0074
       105,       219,      1.00,                   0,                   0,              0.0074
       105,       224,      1.00,                   0,                   0,              0.0588
       105,       226,      1.00,              0.0074,                   0,              0.0441
       105,       227,      1.00,                   0,                   0,              0.0074
       105,       228,      1.00,                   0,                   0,              0.0074
       106,         1,      1.00,              0.1029,                   0,                   0
       106,         2,      1.00,              0.1029,                   0,                   0
       106,         6,      1.00,              0.1029,                   0,                   0
       106,         7,      1.00,              0.5146,                   0,                   0
       106,         8,      1.00,              0.2647,                   0,              0.0074
       106,         9,      1.00,              0.4117,                   0,                   0
       106,        10,      1.00,              0.2058,                   0,                   0
       106,        11,      1.00,              0.0074,                   0,                   0
       106,        12,      1.00,              0.2352,                   0,              0.0074
       106,        13,      1.00,              0.2867,                   0,              0.0074
       106,        14,      1.00,              0.1103,                   0,              0.0074
       106,        15,      1.00,              1.0733,                   0,              0.0294
       106,        17,      1.00,              0.3088,                   0,                   0
       106,        19,      1.00,              0.4337,                   0,              0.0074
       106,        21,      1.00,              0.2058,                   0,              0.0147
       106,        22,      1.00,              0.3088,                   0,                   0
       106,        23,      1.00,              0.2058,                   0,              0.0074
       106,        24,      1.00,              0.2132,                   0,              0.0074
       106,        26,      1.00,              0.6175,                   0,                   0
       106,        27,      1.00,              0.3161,                   0,              0.0074
       106,        28,      1.00,              0.8969,                   0,              0.0147
       106,        29,      1.00,              0.2058,                   0,              0.0074
       106,        30,      1.00,              0.4190,                   0,              0.0294
       106,        31,      1.00,              1.3453,                   0,              0.0294
       106,        32,      1.00,              0.4190,                   0,              0.0074
       106,        33,      1.00,              1.1468,                   0,              0.0588
       106,        35,      1.00,              0.5220,                   0,                   0
       106,        36,      1.00,              0.3161,                   0,              0.0147
       106,        37,      1.00,              0.2132,                   0,                   0
       106,        38,      1.00,              0.0074,                   0,                   0
       106,        39,      1.00,              0.4190,                   0,              0.0294
       106,        40,      1.00,              0.2132,                   0,              0.0147
       106,        41,      1.00,              0.6249,                   0,              0.0368
       106,        42,      1.00,                   0,                   0,              0.0074
       106,        43,      1.00,              0.3161,                   0,              0.0074
       106,        44,      1.00,              0.9336,                   0,              0.0368
       106,        45,      1.00,              1.3159,                   0,              0.0294
       106,        46,      1.00,              0.3896,                   0,              0.0515
       106,        47,      1.00,              0.8013,                   0,                   0
       106,        48,      1.00,                   0,                   0,              0.0074
       106,        49,      1.00,              0.0147,                   0,              0.0147
       106,        50,      1.00,                   0,                   0,              0.0515
       106,        51,      1.00,              0.0074,                   0,                   0
       106,        52,      1.00,              0.5146,                   0,              0.0147
       106,        55,      1.00,              1.2424,                   0,              0.0221
       106,        56,      1.00,              0.3088,                   0,              0.0515
       106,        57,      1.00,              0.0147,                   0,                   0
       106,        58,      1.00,              0.4190,                   0,              0.0515
       106,        59,      1.00,              0.8307,                   0,              0.0147
       106,        60,      1.00,              1.5070,                   0,              0.0074
       106,        61,      1.00,              2.1834,                   0,              0.0662
       106,        62,      1.00,              2.5657,                   0,              0.0809
       106,        63,      1.00,              2.8524,                   0,              0.0588
       106,        64,      1.00,              1.0513,                   0,              0.0662
       106,        65,      1.00,              1.6173,                   0,              0.0294
       106,        66,      1.00,              0.6249,                   0,              0.0074
       106,        67,      1.00,              4.2418,                   0,              0.1029
       106,        68,      1.00,              1.8673,                   0,              0.0515
       106,        69,      1.00,              2.2789,                   0,              0.0294
       106,        70,      1.00,              0.2132,                   0,                   0
       106,        71,      1.00,              0.6249,                   0,              0.0147
       106,        72,      1.00,              0.8234,                   0,              0.0441
       106,        73,      1.00,              0.6396,                   0,              0.0441
       106,        74,      1.00,              1.0366,                   0,              0.0221
       106,        75,      1.00,              4.4991,                   0,              0.1250
       106,        76,      1.00,              5.9032,                   0,              0.0735
       106,        77,      1.00,              2.0658,                   0,              0.0809
       106,        78,      1.00,              0.3088,                   0,                   0
       106,        79,      1.00,             15.9085,                   0,              0.2279
       106,        80,      1.00,              7.3956,                   0,              0.0809
       106,        81,      1.00,              0.4631,                   0,              0.0368
       106,        82,      1.00,              0.7351,                   0,              0.0221
       106,        83,      1.00,              4.1021,                   0,              0.0956
       106,        84,      1.00,              4.7931,                   0,              0.1323
       106,        85,      1.00,              3.5949,                   0,              0.1029
       106,        86,      1.00,              4.8005,                   0,              0.2573
       106,        87,      1.00,              2.8524,                   0,              0.0441
       106,        88,      1.00,              1.7570,                   0,              0.0294
       106,        89,      1.00,              2.8671,                   0,              0.0441
       106,        90,      1.00,              6.0576,                   0,              0.1250
       106,        91,      1.00,              1.5144,                   0,              0.0368
       106,        92,      1.00,              3.6169,                   0,              0.1323
       106,        93,      1.00,              1.4556,                   0,              0.0221
       106,        94,      1.00,              0.9263,                   0,              0.0588
       106,        95,      1.00,              6.3369,                   0,              0.1029
       106,        96,      1.00,              2.2716,                   0,              0.0368
       106,        97,      1.00,              1.6908,                   0,              0.0588
       106,        98,      1.00,              3.5360,                   0,              0.1617
       106,        99,      1.00,              2.0658,                   0,                   0
       106,       100,      1.00,             13.7766,                   0,              0.0956
       106,       101,      1.00,              3.4405,                   0,                   0
       106,       102,      1.00,              6.9177,                   0,              0.0588
       106,       103,      1.00,             69.0815,                   0,              0.4117
       106,       104,      1.00,             14.2030,                   0,              0.1397
       106,       105,      1.00,             23.7746,                   0,              0.1470
       106,       106,      1.00,             49.7252,                   0,              0.1691
       106,       107,      1.00,             31.8612,                   0,              0.1544
       106,       108,      1.00,              3.3376,                   0,              0.0515
       106,       109,      1.00,              8.9761,                   0,              0.0882
       106,       110,      1.00,              3.6684,                   0,              0.0368
       106,       111,      1.00,              2.5362,                   0,              0.0294
       106,       112,      1.00,              0.0074,                   0,              0.0368
       106,       114,      1.00,             12.7401,                   0,              0.1397
       106,       115,      1.00,                   0,                   0,              0.0147
       106,       116,      1.00,              0.4411,                   0,              0.0735
       106,       117,      1.00,             16.7466,                   0,              0.1838
       106,       118,      1.00,             17.7243,                   0,              0.2132
       106,       119,      1.00,              1.9922,                   0,              0.0662
       106,       120,      1.00,              2.2422,                   0,              0.0368
       106,       121,      1.00,              3.0729,                   0,              0.1029
       106,       122,      1.00,              5.4695,                   0,              0.1470
       106,       123,      1.00,              5.1681,                   0,              0.1176
       106,       124,      1.00,              3.1097,                   0,              0.1838
       106,       125,      1.00,              3.7713,                   0,              0.0956
       106,       126,      1.00,              1.6173,                   0,              0.1470
       106,       127,      1.00,              3.7639,                   0,              0.2058
       106,       128,      1.00,              0.4558,                   0,              0.0662
       106,       129,      1.00,              0.4264,                   0,              0.0515
       106,       130,      1.00,              0.6249,                   0,              0.0294
       106,       131,      1.00,              0.5955,                   0,              0.0515
       106,       132,      1.00,              0.5734,                   0,              0.0515
       106,       133,      1.00,              0.4190,                   0,              0.0294
       106,       134,      1.00,              0.4778,                   0,              0.0368
       106,       135,      1.00,              2.0584,                   0,              0.0809
       106,       136,      1.00,              2.9920,                   0,              0.1103
       106,       137,      1.00,              1.2497,                   0,              0.0515
       106,       138,      1.00,              0.9410,                   0,              0.0515
       106,       139,      1.00,                   0,                   0,              0.0147
       106,       140,      1.00,              1.8673,                   0,              0.0956
       106,       141,      1.00,              0.6616,                   0,              0.0662
       106,       142,      1.00,              1.2497,                   0,              0.0441
       106,       143,      1.00,              1.2792,                   0,              0.1470
       106,       144,      1.00,              0.1250,                   0,              0.0294
       106,       145,      1.00,              0.3308,                   0,              0.0441
       106,       146,      1.00,              1.7055,                   0,              0.1764
       106,       147,      1.00,              0.3896,                   0,              0.0735
       106,       148,      1.00,              0.7131,                   0,              0.0809
       106,       149,      1.00,              0.4264,                   0,              0.0956
       106,       150,      1.00,              0.4778,                   0,              0.0662
       106,       151,      1.00,              0.5808,                   0,              0.0956
       106,       152,      1.00,              0.2647,                   0,              0.0368
       106,       153,      1.00,              0.1838,                   0,              0.0294
       106,       154,      1.00,              0.8601,                   0,              0.1397
       106,       155,      1.00,              0.5293,                   0,              0.1029
       106,       156,      1.00,              0.1470,                   0,              0.0147
       106,       157,      1.00,              0.0074,                   0,              0.0074
       106,       158,      1.00,                   0,                   0,              0.0074
       106,       159,      1.00,              0.0074,                   0,              0.0074
       106,       160,      1.00,              1.0366,                   0,              0.0294
       106,       161,      1.00,              0.6249,                   0,              0.0588
       106,       162,      1.00,              1.8526,                   0,              0.1103
       106,       163,      1.00,              0.0956,                   0,              0.0074
       106,       164,      1.00,              0.4778,                   0,              0.0882
       106,       165,      1.00,              0.2573,                   0,              0.0662
       106,       166,      1.00,              0.3896,                   0,              0.0882
       106,       167,      1.00,              0.4705,                   0,              0.0441
       106,       168,      1.00,              0.4043,                   0,              0.0074
       106,       169,      1.00,              0.2720,                   0,                   0
       106,       170,      1.00,              0.2720,                   0,              0.0221
       106,       172,      1.00,              0.1323,                   0,              0.0147
       106,       173,      1.00,              0.1029,                   0,                   0
       106,       174,      1.00,              0.6322,                   0,              0.0074
       106,       175,      1.00,              0.2205,                   0,              0.0074
       106,       177,      1.00,              0.2720,                   0,              0.0147
       106,       178,      1.00,              0.2573,                   0,              0.0441
       106,       179,      1.00,              0.4264,                   0,              0.0368
       106,       181,      1.00,              0.2132,                   0,                   0
       106,       182,      1.00,              0.4558,                   0,              0.0368
       106,       184,      1.00,              0.0074,                   0,                   0
       106,       185,      1.00,              0.2132,                   0,                   0
       106,       186,      1.00,              0.2132,                   0,                   0
       106,       188,      1.00,              0.5220,                   0,              0.0147
       106,       189,      1.00,              0.2720,                   0,                   0
       106,       190,      1.00,              0.0074,                   0,                   0
       106,       192,      1.00,              0.2058,                   0,              0.0074
       106,       195,      1.00,              0.0662,                   0,                   0
       106,       196,      1.00,                   0,                   0,              0.0074
       106,       198,      1.00,                   0,                   0,              0.0074
       106,       201,      1.00,                   0,                   0,              0.0074
       106,       204,      1.00,                   0,                   0,              0.0074
       106,       208,      1.00,              0.5072,                   0,              0.0294
       106,       209,      1.00,              0.4705,                   0,              0.0588
       106,       210,      1.00,              1.9481,                   0,              0.0147
       106,       211,      1.00,              0.2132,                   0,              0.0221
       106,       212,      1.00,              0.1397,                   0,              0.0074
       106,       213,      1.00,              0.9042,                   0,              0.0515
       106,       214,      1.00,              0.1176,                   0,              0.0147
       106,       218,      1.00,                   0,                   0,              0.0074
       106,       219,      1.00,                   0,                   0,              0.0074
       106,       224,      1.00,                   0,                   0,              0.0441
       106,       226,      1.00,                   0,                   0,              0.0368
       106,       227,      1.00,                   0,                   0,              0.0074
       106,       228,      1.00,                   0,                   0,              0.0074
       107,         2,      1.00,              0.1470,                   0,                   0
       107,         3,      1.00,              0.0588,                   0,                   0
       107,         5,      1.00,              0.2205,                   0,                   0
       107,         8,      1.00,              0.0074,                   0,              0.0074
       107,         9,      1.00,              0.2058,                   0,              0.0074
       107,        11,      1.00,              0.3308,                   0,                   0
       107,        12,      1.00,              0.2499,                   0,              0.0074
       107,        13,      1.00,              0.0074,                   0,              0.0074
       107,        14,      1.00,              0.2132,                   0,                   0
       107,        15,      1.00,              1.4482,                   0,              0.0074
       107,        17,      1.00,              0.2058,                   0,                   0
       107,        19,      1.00,                   0,                   0,              0.0074
       107,        20,      1.00,              0.1911,                   0,                   0
       107,        21,      1.00,                   0,                   0,              0.0074
       107,        23,      1.00,              0.4117,                   0,                   0
       107,        25,      1.00,              0.2058,                   0,                   0
       107,        27,      1.00,              0.2132,                   0,              0.0074
       107,        28,      1.00,              0.0074,                   0,              0.0147
       107,        29,      1.00,              0.2058,                   0,              0.0074
       107,        30,      1.00,              0.2132,                   0,              0.0147
       107,        31,      1.00,              0.4778,                   0,              0.0147
       107,        32,      1.00,              0.9924,                   0,              0.0074
       107,        33,      1.00,              1.3086,                   0,              0.0515
       107,        35,      1.00,              0.2058,                   0,                   0
       107,        36,      1.00,              0.4190,                   0,              0.0074
       107,        37,      1.00,              0.0074,                   0,                   0
       107,        38,      1.00,              0.0074,                   0,                   0
       107,        39,      1.00,              0.0074,                   0,              0.0147
       107,        40,      1.00,              0.2132,                   0,              0.0074
       107,        41,      1.00,              0.5220,                   0,              0.0147
       107,        43,      1.00,              0.2132,                   0,              0.0074
       107,        44,      1.00,              0.0074,                   0,              0.0221
       107,        45,      1.00,              0.9410,                   0,              0.0515
       107,        46,      1.00,              0.4117,                   0,              0.0441
       107,        47,      1.00,              0.2058,                   0,              0.0074
       107,        48,      1.00,                   0,                   0,              0.0074
       107,        49,      1.00,              0.0147,                   0,              0.0074
       107,        50,      1.00,                   0,                   0,              0.0515
       107,        51,      1.00,              0.0074,                   0,                   0
       107,        52,      1.00,              0.2132,                   0,              0.0074
       107,        54,      1.00,              0.8234,                   0,                   0
       107,        55,      1.00,              0.9336,                   0,              0.0147
       107,        56,      1.00,              0.3088,                   0,              0.0147
       107,        57,      1.00,              0.0147,                   0,                   0
       107,        58,      1.00,              0.2794,                   0,              0.0147
       107,        59,      1.00,              0.4190,                   0,              0.0147
       107,        60,      1.00,              1.0366,                   0,              0.0147
       107,        61,      1.00,              1.2497,                   0,              0.0588
       107,        62,      1.00,              0.5293,                   0,              0.0662
       107,        63,      1.00,              0.8381,                   0,              0.0368
       107,        64,      1.00,              1.4188,                   0,              0.0441
       107,        65,      1.00,              0.4264,                   0,              0.0368
       107,        66,      1.00,              0.9336,                   0,              0.0074
       107,        67,      1.00,              2.8965,                   0,              0.0809
       107,        68,      1.00,              0.6469,                   0,              0.0441
       107,        69,      1.00,              1.2424,                   0,              0.0294
       107,        70,      1.00,              0.0662,                   0,                   0
       107,        71,      1.00,              0.7278,                   0,              0.0147
       107,        72,      1.00,              0.1029,                   0,              0.0515
       107,        73,      1.00,              0.4264,                   0,              0.0441
       107,        74,      1.00,              0.6249,                   0,              0.0147
       107,        75,      1.00,              2.7347,                   0,              0.1250
       107,        76,      1.00,              4.2712,                   0,              0.0515
       107,        77,      1.00,              1.5732,                   0,              0.0294
       107,        78,      1.00,              0.3088,                   0,                   0
       107,        79,      1.00,              9.4393,                   0,              0.1323
       107,        80,      1.00,              5.0872,                   0,              0.0735
       107,        81,      1.00,              0.5072,                   0,              0.0147
       107,        82,      1.00,              0.6469,                   0,              0.0074
       107,        83,      1.00,              3.3890,                   0,              0.0882
       107,        84,      1.00,              3.2934,                   0,              0.0882
       107,        85,      1.00,              2.3304,                   0,              0.0515
       107,        86,      1.00,              5.4033,                   0,              0.2720
       107,        87,      1.00,              0.7278,                   0,              0.0441
       107,        88,      1.00,              1.9628,                   0,              0.0221
       107,        89,      1.00,              3.7492,                   0,              0.0441
       107,        90,      1.00,              3.8742,                   0,              0.0662
       107,        91,      1.00,              1.4703,                   0,              0.0294
       107,        92,      1.00,              3.5434,                   0,              0.1323
       107,        93,      1.00,              0.6910,                   0,              0.0221
       107,        94,      1.00,              1.6173,                   0,              0.0588
       107,        95,      1.00,              7.8219,                   0,              0.0588
       107,        96,      1.00,              2.9479,                   0,              0.0368
       107,        97,      1.00,              0.5440,                   0,              0.0074
       107,        98,      1.00,              1.8158,                   0,              0.0074
       107,        99,      1.00,              0.8307,                   0,                   0
       107,       100,      1.00,              4.6682,                   0,              0.0956
       107,       101,      1.00,              0.9630,                   0,              0.0074
       107,       102,      1.00,              1.8232,                   0,              0.0074
       107,       103,      1.00,             30.7879,                   0,              0.2647
       107,       104,      1.00,              7.5573,                   0,              0.1544
       107,       105,      1.00,             14.3059,                   0,              0.1323
       107,       106,      1.00,             25.4139,                   0,              0.1544
       107,       107,      1.00,             32.3464,                   0,              0.1176
       107,       108,      1.00,              2.4848,                   0,              0.0515
       107,       109,      1.00,             18.3051,                   0,              0.0956
       107,       110,      1.00,              5.4548,                   0,              0.0294
       107,       111,      1.00,              3.2567,                   0,              0.0221
       107,       112,      1.00,              0.6249,                   0,              0.0147
       107,       114,      1.00,              9.6451,                   0,              0.2058
       107,       115,      1.00,              0.0074,                   0,              0.0147
       107,       116,      1.00,              0.0294,                   0,              0.0735
       107,       117,      1.00,             11.8946,                   0,              0.1764
       107,       118,      1.00,             18.4962,                   0,              0.1764
       107,       119,      1.00,              1.7276,                   0,              0.0441
       107,       120,      1.00,              2.1540,                   0,              0.0368
       107,       121,      1.00,              1.8673,                   0,              0.0515
       107,       122,      1.00,              8.5938,                   0,              0.0735
       107,       123,      1.00,             10.2700,                   0,              0.0735
       107,       124,      1.00,              3.4699,                   0,              0.1397
       107,       125,      1.00,              3.8889,                   0,              0.0956
       107,       126,      1.00,              1.4776,                   0,              0.1029
       107,       127,      1.00,              3.6022,                   0,              0.1103
       107,       128,      1.00,              0.5220,                   0,              0.0368
       107,       129,      1.00,              0.7351,                   0,              0.0368
       107,       130,      1.00,              0.7057,                   0,              0.0147
       107,       131,      1.00,              1.1542,                   0,              0.0294
       107,       132,      1.00,              0.6910,                   0,              0.0294
       107,       133,      1.00,              0.6837,                   0,              0.0294
       107,       134,      1.00,              1.5144,                   0,              0.0441
       107,       135,      1.00,              3.0288,                   0,              0.0882
       107,       136,      1.00,              2.5142,                   0,              0.1176
       107,       137,      1.00,              0.6322,                   0,              0.0588
       107,       138,      1.00,              0.6984,                   0,              0.0588
       107,       139,      1.00,                   0,                   0,              0.0147
       107,       140,      1.00,              1.2130,                   0,              0.1103
       107,       141,      1.00,              0.8895,                   0,              0.0368
       107,       142,      1.00,              0.2867,                   0,              0.0294
       107,       143,      1.00,              1.1615,                   0,              0.0956
       107,       144,      1.00,              0.1911,                   0,              0.0221
       107,       145,      1.00,              0.3676,                   0,              0.0221
       107,       146,      1.00,              1.6835,                   0,              0.1103
       107,       147,      1.00,              0.5587,                   0,              0.0515
       107,       148,      1.00,              0.7204,                   0,              0.0515
       107,       149,      1.00,              0.4558,                   0,              0.0588
       107,       150,      1.00,              0.5587,                   0,              0.0441
       107,       151,      1.00,              0.4778,                   0,              0.0588
       107,       152,      1.00,              0.2794,                   0,              0.0294
       107,       153,      1.00,              0.1250,                   0,              0.0221
       107,       154,      1.00,              0.5587,                   0,              0.0956
       107,       155,      1.00,              0.5734,                   0,              0.0809
       107,       156,      1.00,              0.0147,                   0,              0.0074
       107,       157,      1.00,              0.2132,                   0,              0.0147
       107,       158,      1.00,                   0,                   0,              0.0074
       107,       159,      1.00,              0.0074,                   0,              0.0074
       107,       160,      1.00,              0.4190,                   0,              0.0515
       107,       161,      1.00,              0.6175,                   0,              0.0515
       107,       162,      1.00,              1.7276,                   0,              0.1250
       107,       163,      1.00,              0.0074,                   0,              0.0147
       107,       164,      1.00,              0.7204,                   0,              0.0956
       107,       165,      1.00,              0.1470,                   0,              0.0441
       107,       166,      1.00,              0.4337,                   0,              0.0735
       107,       167,      1.00,              0.3308,                   0,              0.0441
       107,       168,      1.00,              0.2941,                   0,              0.0074
       107,       169,      1.00,              0.2132,                   0,              0.0074
       107,       170,      1.00,              0.8013,                   0,              0.0368
       107,       172,      1.00,              0.9557,                   0,              0.0368
       107,       174,      1.00,              0.1176,                   0,              0.0147
       107,       175,      1.00,              0.1838,                   0,              0.0221
       107,       177,      1.00,              0.4190,                   0,              0.0221
       107,       178,      1.00,              0.2867,                   0,              0.0294
       107,       179,      1.00,              0.3896,                   0,              0.0368
       107,       180,      1.00,              0.0735,                   0,                   0
       107,       181,      1.00,              0.2132,                   0,              0.0074
       107,       182,      1.00,              0.3823,                   0,              0.0515
       107,       183,      1.00,              0.8234,                   0,                   0
       107,       184,      1.00,              0.0074,                   0,              0.0074
       107,       185,      1.00,              0.6249,                   0,                   0
       107,       186,      1.00,              0.0074,                   0,                   0
       107,       188,      1.00,              1.0439,                   0,              0.0147
       107,       190,      1.00,              0.0074,                   0,                   0
       107,       192,      1.00,              0.1691,                   0,              0.0147
       107,       193,      1.00,              0.1103,                   0,                   0
       107,       195,      1.00,              0.4117,                   0,              0.0074
       107,       196,      1.00,              0.3088,                   0,              0.0074
       107,       197,      1.00,              0.2058,                   0,                   0
       107,       198,      1.00,                   0,                   0,              0.0074
       107,       201,      1.00,              0.0809,                   0,              0.0074
       107,       203,      1.00,              0.0147,                   0,                   0
       107,       204,      1.00,                   0,                   0,              0.0074
       107,       208,      1.00,              0.3970,                   0,              0.0147
       107,       209,      1.00,              0.8087,                   0,              0.0441
       107,       210,      1.00,              1.1101,                   0,              0.0221
       107,       211,      1.00,              0.0147,                   0,              0.0147
       107,       212,      1.00,              0.1397,                   0,              0.0147
       107,       213,      1.00,              0.0368,                   0,              0.0735
       107,       214,      1.00,              0.0074,                   0,              0.0147
       107,       218,      1.00,                   0,                   0,              0.0074
       107,       219,      1.00,                   0,                   0,              0.0074
       107,       224,      1.00,                   0,                   0,              0.0368
       107,       226,      1.00,                   0,                   0,              0.0294
       107,       227,      1.00,                   0,                   0,              0.0074
       107,       228,      1.00,                   0,                   0,              0.0074
       108,        15,      1.00,              0.5146,                   0,                   0
       108,        19,      1.00,              0.2058,                   0,                   0
       108,        21,      1.00,                   0,                   0,              0.0074
       108,        22,      1.00,              0.2058,                   0,                   0
       108,        23,      1.00,              0.2058,                   0,                   0
       108,        28,      1.00,              0.1103,                   0,                   0
       108,        29,      1.00,              0.4117,                   0,                   0
       108,        30,      1.00,              0.2132,                   0,                   0
       108,        31,      1.00,              0.2132,                   0,                   0
       108,        33,      1.00,              0.3161,                   0,              0.0074
       108,        36,      1.00,              0.2058,                   0,                   0
       108,        37,      1.00,              0.0074,                   0,                   0
       108,        38,      1.00,              0.2058,                   0,                   0
       108,        39,      1.00,              0.2132,                   0,                   0
       108,        40,      1.00,              0.0074,                   0,                   0
       108,        41,      1.00,              0.2132,                   0,              0.0074
       108,        43,      1.00,              0.2058,                   0,                   0
       108,        44,      1.00,              0.0074,                   0,              0.0074
       108,        45,      1.00,              0.2132,                   0,              0.0074
       108,        46,      1.00,              0.0074,                   0,              0.0074
       108,        48,      1.00,                   0,                   0,              0.0074
       108,        49,      1.00,              0.0074,                   0,                   0
       108,        50,      1.00,                   0,                   0,              0.0221
       108,        52,      1.00,              0.0074,                   0,                   0
       108,        55,      1.00,              0.1103,                   0,              0.0074
       108,        56,      1.00,              0.0074,                   0,                   0
       108,        58,      1.00,              0.0074,                   0,              0.0074
       108,        59,      1.00,              0.2058,                   0,              0.0074
       108,        60,      1.00,              0.2058,                   0,                   0
       108,        61,      1.00,              0.4190,                   0,              0.0074
       108,        62,      1.00,              0.6249,                   0,                   0
       108,        63,      1.00,              0.2132,                   0,              0.0074
       108,        64,      1.00,              0.2205,                   0,              0.0074
       108,        65,      1.00,              0.2132,                   0,              0.0074
       108,        66,      1.00,              0.0074,                   0,              0.0074
       108,        67,      1.00,              0.3308,                   0,              0.0074
       108,        68,      1.00,              0.0956,                   0,                   0
       108,        69,      1.00,              0.3161,                   0,                   0
       108,        71,      1.00,              0.0662,                   0,              0.0074
       108,        72,      1.00,              0.1029,                   0,              0.0147
       108,        73,      1.00,              0.0074,                   0,              0.0147
       108,        74,      1.00,              0.2058,                   0,              0.0074
       108,        75,      1.00,              0.2205,                   0,              0.0368
       108,        76,      1.00,              0.3161,                   0,              0.0147
       108,        77,      1.00,              0.1103,                   0,              0.0074
       108,        79,      1.00,              1.5512,                   0,              0.0294
       108,        80,      1.00,              0.4190,                   0,              0.0147
       108,        81,      1.00,              0.0735,                   0,                   0
       108,        82,      1.00,              0.0074,                   0,              0.0074
       108,        83,      1.00,              0.8381,                   0,              0.0294
       108,        84,      1.00,              0.9924,                   0,              0.0221
       108,        85,      1.00,              0.4190,                   0,              0.0147
       108,        86,      1.00,              0.2205,                   0,              0.2499
       108,        87,      1.00,              0.0074,                   0,              0.0441
       108,        88,      1.00,              0.1029,                   0,              0.0074
       108,        89,      1.00,              0.7204,                   0,              0.0147
       108,        90,      1.00,              0.0735,                   0,              0.0147
       108,        91,      1.00,              0.2720,                   0,              0.0074
       108,        92,      1.00,              0.8307,                   0,              0.0662
       108,        93,      1.00,              0.2132,                   0,              0.0147
       108,        94,      1.00,              0.5293,                   0,              0.0147
       108,        95,      1.00,              1.5217,                   0,              0.0441
       108,        96,      1.00,                   0,                   0,              0.0221
       108,        97,      1.00,              0.2941,                   0,              0.0074
       108,        98,      1.00,              0.7425,                   0,              0.0074
       108,        99,      1.00,              1.1321,                   0,                   0
       108,       100,      1.00,              5.6533,                   0,              0.1176
       108,       101,      1.00,              0.7719,                   0,              0.0147
       108,       102,      1.00,              1.3453,                   0,              0.0294
       108,       103,      1.00,              7.1897,                   0,              0.1103
       108,       104,      1.00,              0.7498,                   0,              0.1617
       108,       105,      1.00,             12.1299,                   0,              0.0662
       108,       106,      1.00,              3.0729,                   0,              0.0515
       108,       107,      1.00,              2.5289,                   0,              0.0515
       108,       108,      1.00,              5.8297,                   0,              0.0147
       108,       109,      1.00,              2.1319,                   0,              0.0294
       108,       110,      1.00,              0.3749,                   0,              0.0074
       108,       111,      1.00,              0.2132,                   0,              0.0074
       108,       112,      1.00,              0.2132,                   0,                   0
       108,       114,      1.00,             11.0492,                   0,              0.1544
       108,       115,      1.00,                   0,                   0,              0.0074
       108,       116,      1.00,              0.0882,                   0,              0.0441
       108,       117,      1.00,              9.0129,                   0,              0.1323
       108,       118,      1.00,              4.7637,                   0,              0.0809
       108,       119,      1.00,              0.3823,                   0,              0.0221
       108,       120,      1.00,              0.3602,                   0,              0.0221
       108,       121,      1.00,              0.4852,                   0,              0.0294
       108,       122,      1.00,              2.8524,                   0,              0.0441
       108,       123,      1.00,              1.1101,                   0,              0.0368
       108,       124,      1.00,              0.9630,                   0,              0.0515
       108,       125,      1.00,              1.7129,                   0,              0.0294
       108,       126,      1.00,              0.3235,                   0,              0.0588
       108,       127,      1.00,              0.9263,                   0,              0.0662
       108,       128,      1.00,              0.1029,                   0,              0.0221
       108,       129,      1.00,              0.0074,                   0,              0.0147
       108,       130,      1.00,              0.3088,                   0,              0.0074
       108,       131,      1.00,              0.3235,                   0,              0.0147
       108,       132,      1.00,              0.2132,                   0,              0.0147
       108,       133,      1.00,              0.0074,                   0,              0.0147
       108,       134,      1.00,              0.2132,                   0,              0.0221
       108,       135,      1.00,              1.1542,                   0,              0.0368
       108,       136,      1.00,              1.8673,                   0,              0.0735
       108,       137,      1.00,              0.7131,                   0,              0.0368
       108,       138,      1.00,              0.9410,                   0,              0.0294
       108,       140,      1.00,              0.8381,                   0,              0.0441
       108,       141,      1.00,              0.1911,                   0,              0.0221
       108,       142,      1.00,              0.2132,                   0,              0.0221
       108,       143,      1.00,              0.2720,                   0,              0.0441
       108,       144,      1.00,              0.0147,                   0,              0.0074
       108,       145,      1.00,              0.0515,                   0,              0.0147
       108,       146,      1.00,              0.0147,                   0,              0.0441
       108,       147,      1.00,              0.0662,                   0,              0.0147
       108,       148,      1.00,              0.1911,                   0,              0.0221
       108,       149,      1.00,              0.0515,                   0,              0.0147
       108,       150,      1.00,              0.0809,                   0,              0.0294
       108,       151,      1.00,              0.1985,                   0,              0.0368
       108,       152,      1.00,              0.0074,                   0,              0.0147
       108,       153,      1.00,              0.0147,                   0,              0.0074
       108,       154,      1.00,              0.2867,                   0,              0.0441
       108,       155,      1.00,              0.3235,                   0,              0.0515
       108,       156,      1.00,              0.0221,                   0,              0.0074
       108,       157,      1.00,              0.0074,                   0,              0.0074
       108,       158,      1.00,                   0,                   0,              0.0074
       108,       159,      1.00,              0.0074,                   0,              0.0074
       108,       160,      1.00,              0.2132,                   0,              0.0147
       108,       161,      1.00,              0.0735,                   0,              0.0221
       108,       162,      1.00,              1.0733,                   0,              0.0662
       108,       163,      1.00,              0.0074,                   0,              0.0074
       108,       164,      1.00,              1.0219,                   0,              0.0441
       108,       165,      1.00,              0.0368,                   0,              0.0221
       108,       166,      1.00,              0.0074,                   0,              0.0221
       108,       167,      1.00,              0.1029,                   0,              0.0074
       108,       168,      1.00,              0.0074,                   0,              0.0074
       108,       169,      1.00,              0.0074,                   0,                   0
       108,       170,      1.00,              0.3749,                   0,              0.0147
       108,       172,      1.00,              0.7425,                   0,              0.0074
       108,       174,      1.00,              0.0147,                   0,                   0
       108,       175,      1.00,              0.0147,                   0,              0.0074
       108,       177,      1.00,              0.0074,                   0,              0.0074
       108,       178,      1.00,              0.0441,                   0,              0.0147
       108,       179,      1.00,              0.0662,                   0,              0.0074
       108,       181,      1.00,              0.2132,                   0,                   0
       108,       182,      1.00,              0.0809,                   0,              0.0294
       108,       184,      1.00,              0.0074,                   0,                   0
       108,       185,      1.00,              0.6249,                   0,                   0
       108,       188,      1.00,              0.0735,                   0,              0.0074
       108,       190,      1.00,              0.0074,                   0,                   0
       108,       192,      1.00,                   0,                   0,              0.0074
       108,       195,      1.00,              0.1029,                   0,                   0
       108,       196,      1.00,                   0,                   0,              0.0074
       108,       208,      1.00,              0.2058,                   0,                   0
       108,       209,      1.00,              0.0735,                   0,              0.0074
       108,       210,      1.00,              0.0074,                   0,              0.0074
       108,       211,      1.00,              0.0074,                   0,              0.0147
       108,       212,      1.00,              0.0221,                   0,                   0
       108,       213,      1.00,              0.5367,                   0,              0.0368
       108,       214,      1.00,              0.0074,                   0,              0.0074
       108,       224,      1.00,                   0,                   0,              0.0147
       108,       226,      1.00,                   0,                   0,              0.0147
       109,         8,      1.00,              0.0956,                   0,              0.0074
       109,         9,      1.00,              0.0662,                   0,                   0
       109,        11,      1.00,              0.0074,                   0,                   0
       109,        12,      1.00,                   0,                   0,              0.0074
       109,        13,      1.00,              0.0074,                   0,              0.0074
       109,        14,      1.00,              0.0074,                   0,                   0
       109,        15,      1.00,              0.3749,                   0,              0.0074
       109,        17,      1.00,              0.2058,                   0,                   0
       109,        19,      1.00,              0.2058,                   0,                   0
       109,        21,      1.00,                   0,                   0,              0.0074
       109,        27,      1.00,              0.0074,                   0,              0.0074
       109,        28,      1.00,              0.0074,                   0,              0.0074
       109,        29,      1.00,              0.4117,                   0,              0.0074
       109,        30,      1.00,              0.0074,                   0,              0.0074
       109,        31,      1.00,              0.4190,                   0,              0.0074
       109,        32,      1.00,              0.4190,                   0,                   0
       109,        33,      1.00,              0.2132,                   0,              0.0294
       109,        34,      1.00,              0.1029,                   0,                   0
       109,        35,      1.00,              0.3088,                   0,                   0
       109,        36,      1.00,              0.2058,                   0,              0.0074
       109,        37,      1.00,              0.0074,                   0,                   0
       109,        38,      1.00,              0.0074,                   0,                   0
       109,        39,      1.00,              0.2132,                   0,              0.0074
       109,        40,      1.00,              0.0074,                   0,                   0
       109,        41,      1.00,              0.2132,                   0,              0.0221
       109,        42,      1.00,                   0,                   0,              0.0074
       109,        43,      1.00,              0.2058,                   0,              0.0074
       109,        44,      1.00,              0.2132,                   0,              0.0221
       109,        45,      1.00,              0.1176,                   0,              0.0368
       109,        46,      1.00,              0.1617,                   0,              0.0368
       109,        47,      1.00,              0.3455,                   0,              0.0074
       109,        49,      1.00,              0.0074,                   0,              0.0074
       109,        50,      1.00,                   0,                   0,              0.0221
       109,        51,      1.00,              0.0074,                   0,                   0
       109,        52,      1.00,              0.4117,                   0,              0.0074
       109,        53,      1.00,              0.2058,                   0,                   0
       109,        55,      1.00,              0.2132,                   0,              0.0147
       109,        56,      1.00,              0.6028,                   0,              0.0147
       109,        57,      1.00,              0.0221,                   0,                   0
       109,        58,      1.00,              0.4190,                   0,              0.0294
       109,        59,      1.00,              0.4117,                   0,              0.0074
       109,        60,      1.00,              0.4190,                   0,              0.0074
       109,        61,      1.00,              0.9410,                   0,              0.0368
       109,        62,      1.00,              1.6541,                   0,              0.0368
       109,        63,      1.00,              1.0366,                   0,              0.0147
       109,        64,      1.00,              0.3235,                   0,              0.0221
       109,        65,      1.00,              0.4852,                   0,              0.0221
       109,        66,      1.00,              0.4190,                   0,              0.0074
       109,        67,      1.00,              1.4041,                   0,              0.0515
       109,        68,      1.00,              0.6469,                   0,              0.0221
       109,        69,      1.00,              0.6249,                   0,              0.0221
       109,        71,      1.00,              0.3161,                   0,              0.0074
       109,        72,      1.00,                   0,                   0,              0.0294
       109,        73,      1.00,              0.0147,                   0,              0.0294
       109,        74,      1.00,              0.2132,                   0,              0.0147
       109,        75,      1.00,              1.1248,                   0,              0.0735
       109,        76,      1.00,              0.8969,                   0,              0.0368
       109,        77,      1.00,              0.3161,                   0,              0.0147
       109,        78,      1.00,              0.2058,                   0,                   0
       109,        79,      1.00,              5.3739,                   0,              0.0809
       109,        80,      1.00,              2.9185,                   0,              0.0515
       109,        81,      1.00,              0.1911,                   0,              0.0147
       109,        82,      1.00,              0.4190,                   0,              0.0074
       109,        83,      1.00,              1.1174,                   0,              0.0662
       109,        84,      1.00,              1.7276,                   0,              0.0588
       109,        85,      1.00,              0.9483,                   0,              0.0441
       109,        86,      1.00,              1.8379,                   0,              0.1323
       109,        87,      1.00,              0.7278,                   0,              0.0221
       109,        88,      1.00,              1.4482,                   0,              0.0147
       109,        89,      1.00,              1.4482,                   0,              0.0221
       109,        90,      1.00,              1.8746,                   0,              0.0441
       109,        91,      1.00,              0.8307,                   0,              0.0221
       109,        92,      1.00,              1.8305,                   0,              0.0735
       109,        93,      1.00,              0.1764,                   0,              0.0221
       109,        94,      1.00,              0.6028,                   0,              0.0368
       109,        95,      1.00,              4.3594,                   0,              0.0441
       109,        96,      1.00,              0.8895,                   0,              0.0221
       109,        97,      1.00,              0.8822,                   0,              0.0074
       109,        98,      1.00,              1.1468,                   0,              0.0074
       109,        99,      1.00,              0.6249,                   0,                   0
       109,       100,      1.00,              2.5730,                   0,              0.0515
       109,       101,      1.00,              1.0145,                   0,                   0
       109,       102,      1.00,              1.4703,                   0,              0.0074
       109,       103,      1.00,             12.5710,                   0,              0.1544
       109,       104,      1.00,              4.3594,                   0,              0.0809
       109,       105,      1.00,              6.8148,                   0,              0.0809
       109,       106,      1.00,             13.0268,                   0,              0.0882
       109,       107,      1.00,             16.3276,                   0,              0.0956
       109,       108,      1.00,              2.3157,                   0,              0.0294
       109,       109,      1.00,              9.6672,                   0,              0.0368
       109,       110,      1.00,              2.5362,                   0,              0.0147
       109,       111,      1.00,              1.5144,                   0,              0.0147
       109,       112,      1.00,              0.2132,                   0,              0.0074
       109,       114,      1.00,              4.5800,                   0,              0.1176
       109,       115,      1.00,                   0,                   0,              0.0074
       109,       116,      1.00,              0.4411,                   0,              0.0515
       109,       117,      1.00,             11.5491,                   0,              0.1323
       109,       118,      1.00,             16.0997,                   0,              0.1250
       109,       119,      1.00,              0.6322,                   0,              0.0294
       109,       120,      1.00,              1.4335,                   0,              0.0294
       109,       121,      1.00,              1.0586,                   0,              0.0368
       109,       122,      1.00,              4.2124,                   0,              0.0515
       109,       123,      1.00,              5.9841,                   0,              0.0515
       109,       124,      1.00,              2.8303,                   0,              0.0956
       109,       125,      1.00,              1.6982,                   0,              0.0588
       109,       126,      1.00,              0.9116,                   0,              0.0662
       109,       127,      1.00,              2.5436,                   0,              0.0956
       109,       128,      1.00,              0.3308,                   0,              0.0294
       109,       129,      1.00,              0.6249,                   0,              0.0221
       109,       130,      1.00,              0.4484,                   0,              0.0147
       109,       131,      1.00,              0.6396,                   0,              0.0147
       109,       132,      1.00,              0.2573,                   0,              0.0221
       109,       133,      1.00,              0.4043,                   0,              0.0147
       109,       134,      1.00,              0.8307,                   0,              0.0294
       109,       135,      1.00,              2.2422,                   0,              0.0515
       109,       136,      1.00,              1.1321,                   0,              0.0735
       109,       137,      1.00,              0.3529,                   0,              0.0368
       109,       138,      1.00,              0.4484,                   0,              0.0368
       109,       139,      1.00,                   0,                   0,              0.0074
       109,       140,      1.00,              1.5217,                   0,              0.0588
       109,       141,      1.00,              0.5440,                   0,              0.0294
       109,       142,      1.00,              0.8381,                   0,              0.0294
       109,       143,      1.00,              0.8601,                   0,              0.0588
       109,       144,      1.00,              0.1691,                   0,              0.0074
       109,       145,      1.00,              0.1397,                   0,              0.0147
       109,       146,      1.00,              1.0880,                   0,              0.0662
       109,       147,      1.00,              0.4117,                   0,              0.0294
       109,       148,      1.00,              0.4558,                   0,              0.0368
       109,       149,      1.00,              0.2720,                   0,              0.0441
       109,       150,      1.00,              0.2499,                   0,              0.0368
       109,       151,      1.00,              0.3235,                   0,              0.0368
       109,       152,      1.00,              0.0441,                   0,              0.0221
       109,       153,      1.00,              0.0588,                   0,              0.0147
       109,       154,      1.00,              0.3308,                   0,              0.0735
       109,       155,      1.00,              0.2794,                   0,              0.0515
       109,       156,      1.00,              0.0515,                   0,              0.0074
       109,       157,      1.00,              0.4190,                   0,              0.0147
       109,       158,      1.00,                   0,                   0,              0.0074
       109,       159,      1.00,              0.0074,                   0,              0.0074
       109,       160,      1.00,              0.2426,                   0,              0.0294
       109,       161,      1.00,              0.4631,                   0,              0.0368
       109,       162,      1.00,              0.7719,                   0,              0.0882
       109,       163,      1.00,              0.0074,                   0,              0.0074
       109,       164,      1.00,              0.6763,                   0,              0.0735
       109,       165,      1.00,              0.2058,                   0,              0.0368
       109,       166,      1.00,              0.2352,                   0,              0.0515
       109,       167,      1.00,              0.1176,                   0,              0.0294
       109,       168,      1.00,              0.2132,                   0,              0.0074
       109,       169,      1.00,              0.0074,                   0,              0.0074
       109,       170,      1.00,              0.0147,                   0,              0.0221
       109,       172,      1.00,              0.3382,                   0,              0.0294
       109,       174,      1.00,              0.4852,                   0,              0.0147
       109,       175,      1.00,              0.0221,                   0,              0.0221
       109,       177,      1.00,              0.2132,                   0,              0.0147
       109,       178,      1.00,              0.1691,                   0,              0.0221
       109,       179,      1.00,              0.2573,                   0,              0.0294
       109,       181,      1.00,              0.0074,                   0,              0.0074
       109,       182,      1.00,              0.1838,                   0,              0.0294
       109,       183,      1.00,              0.2058,                   0,                   0
       109,       184,      1.00,              0.0074,                   0,                   0
       109,       185,      1.00,              0.1103,                   0,                   0
       109,       186,      1.00,              0.1103,                   0,                   0
       109,       188,      1.00,              0.2205,                   0,              0.0074
       109,       190,      1.00,              0.0074,                   0,                   0
       109,       192,      1.00,              0.0074,                   0,              0.0074
       109,       195,      1.00,              0.0074,                   0,              0.0074
       109,       196,      1.00,              0.1029,                   0,              0.0074
       109,       198,      1.00,              0.1029,                   0,                   0
       109,       200,      1.00,              0.2058,                   0,                   0
       109,       201,      1.00,                   0,                   0,              0.0074
       109,       204,      1.00,                   0,                   0,              0.0074
       109,       208,      1.00,              0.0074,                   0,              0.0147
       109,       209,      1.00,              0.1323,                   0,              0.0441
       109,       210,      1.00,              0.9998,                   0,              0.0147
       109,       211,      1.00,              0.0074,                   0,              0.0147
       109,       212,      1.00,              0.0221,                   0,              0.0074
       109,       213,      1.00,              0.0368,                   0,              0.0441
       109,       214,      1.00,              0.0074,                   0,              0.0074
       109,       219,      1.00,                   0,                   0,              0.0074
       109,       224,      1.00,                   0,                   0,              0.0221
       109,       226,      1.00,                   0,                   0,              0.0147
       110,         2,      1.00,              0.1029,                   0,                   0
       110,         8,      1.00,              0.2058,                   0,                   0
       110,        13,      1.00,              0.2058,                   0,                   0
       110,        15,      1.00,              0.2647,                   0,                   0
       110,        16,      1.00,              0.0588,                   0,                   0
       110,        17,      1.00,              0.1029,                   0,                   0
       110,        23,      1.00,              0.0588,                   0,                   0
       110,        28,      1.00,              0.2058,                   0,              0.0074
       110,        29,      1.00,              0.2058,                   0,                   0
       110,        30,      1.00,                   0,                   0,              0.0074
       110,        31,      1.00,              0.4117,                   0,              0.0074
       110,        33,      1.00,              0.4705,                   0,              0.0074
       110,        34,      1.00,              0.2058,                   0,                   0
       110,        39,      1.00,              0.2058,                   0,                   0
       110,        43,      1.00,              0.1029,                   0,                   0
       110,        45,      1.00,              0.1103,                   0,              0.0074
       110,        46,      1.00,              0.1544,                   0,              0.0074
       110,        50,      1.00,                   0,                   0,              0.0147
       110,        59,      1.00,              0.0662,                   0,                   0
       110,        60,      1.00,              0.4117,                   0,              0.0074
       110,        61,      1.00,                   0,                   0,              0.0074
       110,        62,      1.00,              0.0662,                   0,              0.0074
       110,        63,      1.00,              0.1250,                   0,              0.0074
       110,        64,      1.00,                   0,                   0,              0.0074
       110,        65,      1.00,              0.3749,                   0,              0.0221
       110,        66,      1.00,              0.4117,                   0,                   0
       110,        67,      1.00,              1.0954,                   0,              0.0147
       110,        68,      1.00,              0.1397,                   0,              0.0074
       110,        69,      1.00,              0.4117,                   0,              0.0147
       110,        71,      1.00,                   0,                   0,              0.0074
       110,        72,      1.00,              0.4117,                   0,              0.0074
       110,        73,      1.00,              0.2058,                   0,              0.0074
       110,        74,      1.00,                   0,                   0,              0.0074
       110,        75,      1.00,              0.5808,                   0,              0.0221
       110,        76,      1.00,              0.4778,                   0,              0.0074
       110,        77,      1.00,              0.1029,                   0,              0.0074
       110,        79,      1.00,              1.1983,                   0,              0.0368
       110,        80,      1.00,              2.6171,                   0,              0.0294
       110,        81,      1.00,              0.1470,                   0,                   0
       110,        82,      1.00,              0.2058,                   0,                   0
       110,        83,      1.00,              0.7278,                   0,              0.0221
       110,        84,      1.00,              1.0366,                   0,              0.0221
       110,        85,      1.00,              1.7129,                   0,              0.0147
       110,        86,      1.00,              1.2644,                   0,              0.0074
       110,        87,      1.00,              0.5146,                   0,                   0
       110,        88,      1.00,              1.1321,                   0,              0.0074
       110,        89,      1.00,              2.7347,                   0,              0.0147
       110,        90,      1.00,              2.8450,                   0,              0.0147
       110,        91,      1.00,              0.6837,                   0,              0.0074
       110,        92,      1.00,              2.2275,                   0,              0.0441
       110,        93,      1.00,              0.4778,                   0,              0.0074
       110,        94,      1.00,              1.5732,                   0,              0.0147
       110,        95,      1.00,              3.9330,                   0,              0.0515
       110,        96,      1.00,              2.1172,                   0,              0.0074
       110,        97,      1.00,              0.1470,                   0,                   0
       110,        98,      1.00,              0.4705,                   0,              0.0074
       110,        99,      1.00,              0.0588,                   0,                   0
       110,       100,      1.00,              0.6028,                   0,              0.0221
       110,       101,      1.00,              0.2132,                   0,              0.0074
       110,       102,      1.00,              0.6175,                   0,              0.0074
       110,       103,      1.00,              4.5947,                   0,              0.0588
       110,       104,      1.00,              5.1240,                   0,              0.0294
       110,       105,      1.00,              0.3308,                   0,              0.0294
       110,       106,      1.00,              3.7492,                   0,              0.0368
       110,       107,      1.00,              6.5428,                   0,              0.0294
       110,       108,      1.00,              0.3088,                   0,              0.0074
       110,       109,      1.00,              1.4482,                   0,              0.0147
       110,       110,      1.00,              5.1387,                   0,              0.0074
       110,       111,      1.00,              3.1023,                   0,              0.0074
       110,       114,      1.00,              0.9704,                   0,              0.0515
       110,       116,      1.00,              0.4117,                   0,              0.0147
       110,       117,      1.00,              2.4333,                   0,              0.0221
       110,       118,      1.00,              5.3739,                   0,              0.0147
       110,       119,      1.00,              0.3088,                   0,              0.0147
       110,       120,      1.00,              1.2350,                   0,              0.0147
       110,       121,      1.00,              0.9998,                   0,              0.0368
       110,       122,      1.00,              3.9771,                   0,              0.0368
       110,       123,      1.00,              3.5875,                   0,              0.0147
       110,       124,      1.00,              0.7278,                   0,              0.0074
       110,       125,      1.00,              0.0074,                   0,                   0
       110,       126,      1.00,              0.6763,                   0,              0.0368
       110,       127,      1.00,              1.4335,                   0,              0.0515
       110,       128,      1.00,              0.2867,                   0,              0.0147
       110,       129,      1.00,                   0,                   0,              0.0074
       110,       130,      1.00,              0.3602,                   0,              0.0074
       110,       131,      1.00,              0.5808,                   0,                   0
       110,       132,      1.00,              0.2058,                   0,              0.0074
       110,       133,      1.00,              0.2058,                   0,                   0
       110,       134,      1.00,              0.2279,                   0,                   0
       110,       135,      1.00,              0.3088,                   0,                   0
       110,       136,      1.00,              0.1691,                   0,              0.0074
       110,       137,      1.00,              0.0368,                   0,              0.0074
       110,       138,      1.00,              0.1691,                   0,                   0
       110,       140,      1.00,              0.3823,                   0,                   0
       110,       141,      1.00,              0.2058,                   0,              0.0147
       110,       142,      1.00,              0.1029,                   0,              0.0074
       110,       143,      1.00,              0.4411,                   0,              0.0147
       110,       144,      1.00,              0.0809,                   0,                   0
       110,       145,      1.00,              0.0882,                   0,              0.0074
       110,       146,      1.00,              0.4558,                   0,              0.0074
       110,       147,      1.00,              0.0956,                   0,              0.0074
       110,       148,      1.00,              0.2205,                   0,              0.0221
       110,       149,      1.00,              0.1397,                   0,              0.0147
       110,       150,      1.00,              0.1250,                   0,              0.0147
       110,       151,      1.00,              0.1176,                   0,              0.0221
       110,       152,      1.00,              0.0368,                   0,              0.0074
       110,       153,      1.00,                   0,                   0,              0.0074
       110,       154,      1.00,              0.1911,                   0,              0.0294
       110,       155,      1.00,              0.1323,                   0,              0.0294
       110,       156,      1.00,              0.0221,                   0,                   0
       110,       160,      1.00,              0.0809,                   0,                   0
       110,       161,      1.00,              0.2205,                   0,              0.0147
       110,       162,      1.00,              0.0074,                   0,              0.0074
       110,       164,      1.00,              0.0074,                   0,                   0
       110,       165,      1.00,              0.0882,                   0,              0.0147
       110,       166,      1.00,              0.0882,                   0,              0.0221
       110,       167,      1.00,              0.1397,                   0,              0.0147
       110,       168,      1.00,              0.0368,                   0,              0.0074
       110,       170,      1.00,              0.1029,                   0,                   0
       110,       172,      1.00,              0.0662,                   0,                   0
       110,       174,      1.00,              0.1029,                   0,                   0
       110,       178,      1.00,              0.0809,                   0,              0.0147
       110,       179,      1.00,              0.0809,                   0,              0.0147
       110,       180,      1.00,              0.0221,                   0,                   0
       110,       182,      1.00,              0.0956,                   0,              0.0074
       110,       184,      1.00,              0.2058,                   0,                   0
       110,       188,      1.00,              0.0662,                   0,                   0
       110,       195,      1.00,              0.1029,                   0,                   0
       110,       208,      1.00,              0.0221,                   0,                   0
       110,       209,      1.00,              0.2647,                   0,              0.0074
       110,       210,      1.00,              0.3088,                   0,              0.0074
       110,       213,      1.00,              0.0074,                   0,              0.0074
       110,       224,      1.00,                   0,                   0,              0.0074
       110,       226,      1.00,                   0,                   0,              0.0074
       111,         6,      1.00,              0.1029,                   0,                   0
       111,         7,      1.00,              0.1029,                   0,                   0
       111,         8,      1.00,              0.1544,                   0,                   0
       111,        11,      1.00,              0.0074,                   0,                   0
       111,        14,      1.00,              0.2058,                   0,                   0
       111,        15,      1.00,                   0,                   0,              0.0074
       111,        28,      1.00,              0.3749,                   0,              0.0074
       111,        29,      1.00,              0.2058,                   0,                   0
       111,        30,      1.00,                   0,                   0,              0.0074
       111,        31,      1.00,                   0,                   0,              0.0074
       111,        33,      1.00,                   0,                   0,              0.0074
       111,        35,      1.00,              0.4117,                   0,                   0
       111,        36,      1.00,              0.2058,                   0,                   0
       111,        39,      1.00,              0.2058,                   0,                   0
       111,        41,      1.00,              0.3088,                   0,              0.0074
       111,        43,      1.00,              0.2058,                   0,                   0
       111,        44,      1.00,              0.2058,                   0,              0.0074
       111,        45,      1.00,              0.2132,                   0,              0.0074
       111,        46,      1.00,              0.3014,                   0,              0.0147
       111,        47,      1.00,              0.1764,                   0,                   0
       111,        49,      1.00,                   0,                   0,              0.0074
       111,        50,      1.00,                   0,                   0,              0.0074
       111,        52,      1.00,                   0,                   0,              0.0074
       111,        55,      1.00,              0.2058,                   0,              0.0074
       111,        56,      1.00,                   0,                   0,              0.0074
       111,        58,      1.00,                   0,                   0,              0.0147
       111,        59,      1.00,                   0,                   0,              0.0074
       111,        60,      1.00,                   0,                   0,              0.0074
       111,        61,      1.00,              0.6175,                   0,              0.0074
       111,        62,      1.00,              0.4778,                   0,              0.0074
       111,        63,      1.00,                   0,                   0,              0.0074
       111,        64,      1.00,              0.3088,                   0,              0.0074
       111,        65,      1.00,              0.2058,                   0,              0.0221
       111,        66,      1.00,              0.1029,                   0,                   0
       111,        67,      1.00,              0.1176,                   0,              0.0147
       111,        68,      1.00,              0.0956,                   0,              0.0074
       111,        69,      1.00,              0.2058,                   0,              0.0147
       111,        72,      1.00,                   0,                   0,              0.0074
       111,        73,      1.00,              0.0074,                   0,              0.0074
       111,        74,      1.00,              0.0662,                   0,                   0
       111,        75,      1.00,              0.6249,                   0,              0.0147
       111,        76,      1.00,              0.5808,                   0,              0.0074
       111,        77,      1.00,                   0,                   0,              0.0074
       111,        79,      1.00,              1.9187,                   0,              0.0294
       111,        80,      1.00,              0.6249,                   0,              0.0221
       111,        81,      1.00,              0.0956,                   0,              0.0074
       111,        82,      1.00,              0.0662,                   0,                   0
       111,        83,      1.00,              1.2424,                   0,              0.0147
       111,        84,      1.00,              0.8748,                   0,              0.0221
       111,        85,      1.00,              0.7278,                   0,              0.0147
       111,        86,      1.00,              1.9849,                   0,              0.0074
       111,        87,      1.00,              0.3749,                   0,                   0
       111,        88,      1.00,              0.2058,                   0,                   0
       111,        89,      1.00,              2.2863,                   0,              0.0074
       111,        90,      1.00,              2.2275,                   0,              0.0147
       111,        91,      1.00,              0.3088,                   0,              0.0074
       111,        92,      1.00,              1.5070,                   0,              0.0294
       111,        93,      1.00,              0.4117,                   0,              0.0074
       111,        94,      1.00,              1.9261,                   0,              0.0147
       111,        95,      1.00,              4.3521,                   0,              0.0368
       111,        96,      1.00,              0.9851,                   0,                   0
       111,        97,      1.00,              0.1470,                   0,                   0
       111,        98,      1.00,              0.4705,                   0,                   0
       111,        99,      1.00,              0.2058,                   0,                   0
       111,       100,      1.00,              0.7278,                   0,              0.0074
       111,       101,      1.00,              0.4778,                   0,              0.0074
       111,       102,      1.00,              0.4117,                   0,                   0
       111,       103,      1.00,              4.5579,                   0,              0.0515
       111,       104,      1.00,              3.1538,                   0,              0.0147
       111,       105,      1.00,              1.6100,                   0,              0.0147
       111,       106,      1.00,              2.2716,                   0,              0.0294
       111,       107,      1.00,              3.6684,                   0,              0.0221
       111,       108,      1.00,              0.3308,                   0,              0.0074
       111,       109,      1.00,              1.2056,                   0,              0.0147
       111,       110,      1.00,              2.7347,                   0,              0.0074
       111,       111,      1.00,              2.4260,                   0,                   0
       111,       112,      1.00,              0.2058,                   0,                   0
       111,       114,      1.00,              0.7866,                   0,              0.0294
       111,       116,      1.00,              0.0074,                   0,              0.0147
       111,       117,      1.00,              2.3157,                   0,              0.0147
       111,       118,      1.00,              5.7488,                   0,              0.0074
       111,       119,      1.00,              1.6467,                   0,              0.0147
       111,       120,      1.00,              1.1836,                   0,              0.0147
       111,       121,      1.00,              1.9187,                   0,              0.0294
       111,       122,      1.00,              5.1901,                   0,              0.0221
       111,       123,      1.00,              3.2640,                   0,              0.0147
       111,       124,      1.00,              0.9410,                   0,              0.0074
       111,       125,      1.00,              0.4190,                   0,              0.0074
       111,       126,      1.00,              0.5587,                   0,              0.0294
       111,       127,      1.00,              1.2865,                   0,              0.0515
       111,       128,      1.00,              0.2279,                   0,              0.0147
       111,       129,      1.00,              0.3088,                   0,              0.0074
       111,       130,      1.00,              0.1323,                   0,                   0
       111,       131,      1.00,              0.1691,                   0,              0.0074
       111,       132,      1.00,              0.2647,                   0,                   0
       111,       133,      1.00,              0.1764,                   0,                   0
       111,       134,      1.00,              0.1250,                   0,                   0
       111,       135,      1.00,              0.7204,                   0,                   0
       111,       136,      1.00,              0.0074,                   0,              0.0074
       111,       137,      1.00,              0.0074,                   0,              0.0074
       111,       138,      1.00,              0.0662,                   0,                   0
       111,       140,      1.00,              0.2647,                   0,                   0
       111,       141,      1.00,              0.0515,                   0,              0.0147
       111,       142,      1.00,              0.0074,                   0,              0.0074
       111,       143,      1.00,              0.6837,                   0,              0.0147
       111,       144,      1.00,              0.0441,                   0,                   0
       111,       145,      1.00,              0.1103,                   0,              0.0074
       111,       146,      1.00,              0.3676,                   0,              0.0074
       111,       147,      1.00,              0.1691,                   0,              0.0074
       111,       148,      1.00,              0.2647,                   0,              0.0147
       111,       149,      1.00,              0.1029,                   0,              0.0074
       111,       150,      1.00,              0.0809,                   0,              0.0147
       111,       151,      1.00,              0.1470,                   0,              0.0147
       111,       152,      1.00,              0.0735,                   0,              0.0074
       111,       153,      1.00,              0.0588,                   0,              0.0074
       111,       154,      1.00,              0.1250,                   0,              0.0294
       111,       155,      1.00,              0.1470,                   0,              0.0221
       111,       160,      1.00,              0.0221,                   0,                   0
       111,       161,      1.00,              0.1911,                   0,              0.0147
       111,       162,      1.00,              0.3161,                   0,              0.0074
       111,       164,      1.00,              0.1176,                   0,              0.0074
       111,       165,      1.00,              0.0588,                   0,              0.0147
       111,       166,      1.00,              0.0956,                   0,              0.0221
       111,       167,      1.00,              0.0882,                   0,              0.0074
       111,       168,      1.00,              0.0441,                   0,                   0
       111,       169,      1.00,              0.1176,                   0,                   0
       111,       172,      1.00,              0.0074,                   0,                   0
       111,       174,      1.00,              0.2058,                   0,                   0
       111,       175,      1.00,              0.0074,                   0,                   0
       111,       177,      1.00,              0.1029,                   0,                   0
       111,       178,      1.00,              0.0809,                   0,              0.0074
       111,       179,      1.00,              0.1176,                   0,              0.0147
       111,       182,      1.00,              0.0809,                   0,              0.0074
       111,       205,      1.00,              0.1029,                   0,                   0
       111,       208,      1.00,              0.2720,                   0,              0.0074
       111,       209,      1.00,              0.1176,                   0,              0.0147
       111,       210,      1.00,              0.2426,                   0,              0.0074
       111,       213,      1.00,              0.0074,                   0,              0.0074
       111,       224,      1.00,                   0,                   0,              0.0074
       111,       226,      1.00,                   0,                   0,              0.0074
       112,         1,      1.00,              0.5661,                   0,              0.0221
       112,         2,      1.00,              0.5734,                   0,              0.0368
       112,         3,      1.00,              0.4337,                   0,              0.0074
       112,         4,      1.00,              0.6322,                   0,              0.0221
       112,         5,      1.00,              0.1103,                   0,              0.0368
       112,         6,      1.00,              0.8160,                   0,              0.0441
       112,         7,      1.00,              1.4115,                   0,              0.0662
       112,         8,      1.00,              5.8370,                   0,              0.1838
       112,         9,      1.00,              2.6612,                   0,              0.0515
       112,        10,      1.00,              0.1029,                   0,              0.0074
       112,        11,      1.00,              0.5293,                   0,              0.0515
       112,        12,      1.00,              1.5585,                   0,              0.0956
       112,        13,      1.00,              9.5642,                   0,              0.5587
       112,        14,      1.00,             14.3280,                   0,              0.8381
       112,        15,      1.00,             12.7621,                   0,              0.4484
       112,        16,      1.00,              0.5146,                   0,              0.0074
       112,        17,      1.00,              1.6688,                   0,              0.0221
       112,        18,      1.00,              1.1909,                   0,              0.0221
       112,        19,      1.00,              0.6469,                   0,              0.0588
       112,        20,      1.00,              0.2132,                   0,              0.0147
       112,        21,      1.00,              0.3308,                   0,              0.0147
       112,        22,      1.00,              0.8307,                   0,              0.0074
       112,        23,      1.00,             18.8565,                   0,              0.3529
       112,        24,      1.00,             12.7254,                   0,              0.2720
       112,        25,      1.00,              2.5436,                   0,              0.0588
       112,        26,      1.00,              4.5358,                   0,              0.1617
       112,        27,      1.00,             16.9083,                   0,              0.3823
       112,        28,      1.00,             16.0188,                   0,              0.3235
       112,        29,      1.00,              4.2124,                   0,              0.2205
       112,        30,      1.00,              2.8450,                   0,              0.1323
       112,        31,      1.00,              4.9255,                   0,              0.1470
       112,        32,      1.00,             12.4828,                   0,              0.4484
       112,        33,      1.00,              9.4687,                   0,              0.4190
       112,        34,      1.00,              5.3813,                   0,              0.0956
       112,        35,      1.00,             63.0754,                   0,              0.8087
       112,        36,      1.00,             42.4178,                   0,              0.8748
       112,        37,      1.00,             18.6580,                   0,              0.6028
       112,        38,      1.00,             10.5126,                   0,              0.3529
       112,        39,      1.00,             23.2085,                   0,              0.4852
       112,        40,      1.00,             26.9945,                   0,              0.4705
       112,        41,      1.00,             60.4877,                   0,              0.5808
       112,        42,      1.00,              4.8005,                   0,              0.3896
       112,        43,      1.00,              4.1830,                   0,              0.2720
       112,        44,      1.00,              8.3292,                   0,              0.8675
       112,        45,      1.00,             22.6057,                   0,              0.4631
       112,        46,      1.00,              2.7715,                   0,              0.1250
       112,        47,      1.00,              0.9924,                   0,              0.0074
       112,        48,      1.00,              0.6910,                   0,              0.0515
       112,        49,      1.00,              9.4613,                   0,              0.3749
       112,        50,      1.00,              3.9845,                   0,              0.3014
       112,        51,      1.00,              0.2941,                   0,              0.0074
       112,        52,      1.00,             14.9234,                   0,              0.5440
       112,        53,      1.00,              1.1395,                   0,              0.0368
       112,        54,      1.00,              3.9918,                   0,              0.1397
       112,        55,      1.00,             11.6667,                   0,              0.8528
       112,        56,      1.00,             42.5208,                   0,              0.8013
       112,        57,      1.00,              1.6173,                   0,              0.0294
       112,        58,      1.00,             26.0021,                   0,              0.9263
       112,        59,      1.00,             11.4241,                   0,              0.2794
       112,        60,      1.00,              4.0727,                   0,              0.3088
       112,        61,      1.00,              6.7633,                   0,              0.2132
       112,        62,      1.00,              3.3229,                   0,              0.1911
       112,        63,      1.00,              2.0290,                   0,              0.0515
       112,        64,      1.00,              1.5659,                   0,              0.0294
       112,        65,      1.00,              6.5060,                   0,              0.4264
       112,        66,      1.00,              8.2189,                   0,              0.4337
       112,        67,      1.00,              2.9259,                   0,              0.0662
       112,        68,      1.00,              0.8234,                   0,              0.0368
       112,        69,      1.00,              2.2128,                   0,              0.1250
       112,        70,      1.00,              1.5806,                   0,              0.0368
       112,        71,      1.00,              2.8524,                   0,              0.0147
       112,        72,      1.00,              1.6541,                   0,                   0
       112,        73,      1.00,              0.4484,                   0,              0.0294
       112,        74,      1.00,              0.6322,                   0,              0.0074
       112,        75,      1.00,              2.1172,                   0,              0.0368
       112,        76,      1.00,              2.0952,                   0,              0.0294
       112,        77,      1.00,              0.8969,                   0,              0.0294
       112,        78,      1.00,              0.0588,                   0,                   0
       112,        79,      1.00,              1.0513,                   0,              0.0368
       112,        80,      1.00,              0.6396,                   0,              0.0221
       112,        81,      1.00,              2.9700,                   0,              0.0147
       112,        82,      1.00,              0.1397,                   0,              0.0074
       112,        83,      1.00,              2.0437,                   0,              0.0515
       112,        84,      1.00,              2.1319,                   0,              0.0368
       112,        85,      1.00,              3.6757,                   0,              0.0368
       112,        86,      1.00,              1.5953,                   0,              0.0147
       112,        87,      1.00,              0.0074,                   0,              0.0074
       112,        88,      1.00,              0.1103,                   0,                   0
       112,        90,      1.00,              0.5440,                   0,              0.0147
       112,        91,      1.00,              0.0221,                   0,              0.0074
       112,        92,      1.00,              0.6543,                   0,              0.0735
       112,        93,      1.00,              0.4264,                   0,              0.0074
       112,        94,      1.00,              0.3382,                   0,              0.0074
       112,        95,      1.00,              0.6616,                   0,              0.0441
       112,        96,      1.00,              0.2058,                   0,                   0
       112,        97,      1.00,              0.7204,                   0,              0.0074
       112,        98,      1.00,              0.6322,                   0,              0.0147
       112,        99,      1.00,              1.1542,                   0,                   0
       112,       100,      1.00,              0.9263,                   0,              0.1029
       112,       101,      1.00,              0.9189,                   0,              0.0074
       112,       102,      1.00,                   0,                   0,              0.0074
       112,       103,      1.00,              0.6322,                   0,              0.0074
       112,       104,      1.00,              0.7278,                   0,              0.0221
       112,       105,      1.00,              0.4778,                   0,                   0
       112,       106,      1.00,              0.2132,                   0,              0.0368
       112,       107,      1.00,              0.6249,                   0,              0.0147
       112,       108,      1.00,              0.0074,                   0,                   0
       112,       109,      1.00,              0.0074,                   0,              0.0074
       112,       110,      1.00,              0.2058,                   0,                   0
       112,       112,      1.00,            162.2023,                   0,              0.9336
       112,       113,      1.00,              0.3088,                   0,              0.0074
       112,       114,      1.00,              0.4190,                   0,              0.0074
       112,       116,      1.00,              0.0074,                   0,              0.0294
       112,       117,      1.00,              0.2132,                   0,              0.0074
       112,       118,      1.00,              0.4852,                   0,              0.0294
       112,       119,      1.00,              0.6028,                   0,              0.0735
       112,       120,      1.00,              0.9189,                   0,              0.0221
       112,       121,      1.00,              0.5734,                   0,              0.0368
       112,       122,      1.00,              0.4264,                   0,              0.0221
       112,       123,      1.00,              0.4852,                   0,              0.0515
       112,       124,      1.00,              0.0221,                   0,              0.0074
       112,       125,      1.00,              0.2205,                   0,              0.0074
       112,       126,      1.00,              0.5881,                   0,              0.0662
       112,       127,      1.00,              0.7719,                   0,              0.0662
       112,       128,      1.00,              0.1397,                   0,              0.0294
       112,       129,      1.00,              0.1764,                   0,              0.0221
       112,       130,      1.00,              0.1764,                   0,              0.0074
       112,       131,      1.00,              0.0074,                   0,              0.0074
       112,       132,      1.00,              0.1176,                   0,              0.0074
       112,       133,      1.00,              0.0882,                   0,              0.0074
       112,       134,      1.00,              0.0368,                   0,                   0
       112,       135,      1.00,              0.3088,                   0,                   0
       112,       136,      1.00,              0.2867,                   0,              0.0147
       112,       137,      1.00,              0.0294,                   0,              0.0074
       112,       140,      1.00,              0.0662,                   0,              0.0074
       112,       141,      1.00,              0.3014,                   0,              0.0221
       112,       142,      1.00,              0.6249,                   0,              0.0221
       112,       143,      1.00,              0.2132,                   0,              0.0294
       112,       144,      1.00,              0.0588,                   0,              0.0074
       112,       145,      1.00,              0.0368,                   0,              0.0147
       112,       146,      1.00,              0.1985,                   0,              0.0294
       112,       147,      1.00,              0.1029,                   0,              0.0147
       112,       148,      1.00,              0.2499,                   0,              0.0221
       112,       149,      1.00,              0.0735,                   0,              0.0221
       112,       150,      1.00,              0.1838,                   0,              0.0294
       112,       151,      1.00,              0.1764,                   0,              0.0368
       112,       152,      1.00,              0.0368,                   0,              0.0221
       112,       153,      1.00,              0.0515,                   0,              0.0147
       112,       154,      1.00,              0.3749,                   0,              0.0662
       112,       155,      1.00,              0.0956,                   0,              0.0588
       112,       156,      1.00,              0.0221,                   0,              0.0074
       112,       160,      1.00,              0.0515,                   0,              0.0074
       112,       161,      1.00,              0.1691,                   0,              0.0515
       112,       162,      1.00,              0.1176,                   0,              0.0221
       112,       164,      1.00,              0.2132,                   0,              0.0074
       112,       165,      1.00,              0.1544,                   0,              0.0368
       112,       166,      1.00,              0.2058,                   0,              0.0368
       112,       167,      1.00,              0.1176,                   0,              0.0221
       112,       168,      1.00,              0.1176,                   0,              0.0074
       112,       169,      1.00,              0.0809,                   0,              0.0074
       112,       170,      1.00,              0.0662,                   0,              0.0147
       112,       172,      1.00,              0.7793,                   0,                   0
       112,       173,      1.00,              0.0074,                   0,                   0
       112,       174,      1.00,              0.1176,                   0,                   0
       112,       175,      1.00,              0.0735,                   0,              0.0074
       112,       176,      1.00,              0.0074,                   0,                   0
       112,       177,      1.00,              0.0147,                   0,              0.0074
       112,       178,      1.00,              0.1691,                   0,              0.0294
       112,       179,      1.00,              0.2279,                   0,              0.0221
       112,       180,      1.00,              0.0221,                   0,                   0
       112,       181,      1.00,              0.1397,                   0,              0.0074
       112,       182,      1.00,              0.1103,                   0,              0.0147
       112,       183,      1.00,              0.0588,                   0,                   0
       112,       184,      1.00,              0.1176,                   0,                   0
       112,       185,      1.00,              0.1029,                   0,                   0
       112,       186,      1.00,              0.0368,                   0,                   0
       112,       187,      1.00,              0.1029,                   0,                   0
       112,       188,      1.00,                   0,                   0,              0.0074
       112,       192,      1.00,              0.2058,                   0,                   0
       112,       195,      1.00,              0.0588,                   0,                   0
       112,       208,      1.00,              0.7351,                   0,              0.0221
       112,       209,      1.00,              7.5720,                   0,              0.2132
       112,       210,      1.00,              4.7196,                   0,              0.0368
       112,       211,      1.00,              0.0074,                   0,                   0
       112,       212,      1.00,              0.0074,                   0,                   0
       112,       213,      1.00,              0.2132,                   0,              0.0074
       112,       217,      1.00,                   0,                   0,              0.0074
       112,       218,      1.00,                   0,                   0,              0.0368
       112,       219,      1.00,                   0,                   0,              0.0441
       112,       222,      1.00,                   0,                   0,              0.0074
       112,       224,      1.00,                   0,                   0,              0.0515
       112,       226,      1.00,                   0,                   0,              0.0441
       113,         2,      1.00,              0.3088,                   0,                   0
       113,         5,      1.00,                   0,                   0,              0.0147
       113,         6,      1.00,                   0,                   0,              0.0074
       113,         7,      1.00,              0.1029,                   0,              0.0074
       113,         8,      1.00,              0.1103,                   0,              0.0221
       113,         9,      1.00,                   0,                   0,              0.0074
       113,        12,      1.00,                   0,                   0,              0.0074
       113,        13,      1.00,              0.4117,                   0,              0.0368
       113,        14,      1.00,              2.1613,                   0,              0.0662
       113,        15,      1.00,              3.5655,                   0,              0.0662
       113,        17,      1.00,                   0,                   0,              0.0074
       113,        22,      1.00,                   0,                   0,              0.0074
       113,        23,      1.00,                   0,                   0,              0.0662
       113,        24,      1.00,                   0,                   0,              0.0294
       113,        26,      1.00,              0.1029,                   0,              0.0074
       113,        27,      1.00,              0.6175,                   0,              0.0074
       113,        28,      1.00,              1.4409,                   0,              0.0147
       113,        29,      1.00,              1.2939,                   0,              0.0074
       113,        30,      1.00,              1.3380,                   0,              0.0147
       113,        31,      1.00,              0.2058,                   0,              0.0147
       113,        32,      1.00,                   0,                   0,              0.0074
       113,        33,      1.00,              0.8234,                   0,              0.0074
       113,        35,      1.00,              0.3676,                   0,              0.0662
       113,        36,      1.00,              0.2058,                   0,              0.0074
       113,        37,      1.00,                   0,                   0,              0.0074
       113,        38,      1.00,                   0,                   0,              0.0074
       113,        39,      1.00,              0.2058,                   0,              0.0074
       113,        40,      1.00,              0.2058,                   0,              0.0074
       113,        41,      1.00,                   0,                   0,              0.0074
       113,        44,      1.00,              0.2058,                   0,                   0
       113,        45,      1.00,              0.2058,                   0,                   0
       113,        49,      1.00,                   0,                   0,              0.0074
       113,        52,      1.00,              0.1029,                   0,              0.0074
       113,        53,      1.00,              0.2058,                   0,                   0
       113,        54,      1.00,                   0,                   0,              0.0074
       113,        55,      1.00,              0.4117,                   0,                   0
       113,        56,      1.00,                   0,                   0,              0.0074
       113,        58,      1.00,              0.2058,                   0,                   0
       113,        59,      1.00,              0.3088,                   0,              0.0074
       113,        60,      1.00,              0.4117,                   0,                   0
       113,        61,      1.00,              0.0662,                   0,              0.0074
       113,        62,      1.00,                   0,                   0,              0.0074
       113,        63,      1.00,              0.3088,                   0,              0.0074
       113,        65,      1.00,                   0,                   0,              0.0074
       113,        67,      1.00,                   0,                   0,              0.0074
       113,        72,      1.00,              0.1029,                   0,                   0
       113,        95,      1.00,              0.2058,                   0,                   0
       113,       101,      1.00,                   0,                   0,              0.0074
       113,       106,      1.00,              0.0588,                   0,                   0
       113,       112,      1.00,                   0,                   0,              0.0074
       113,       113,      1.00,              2.1540,                   0,                   0
       113,       141,      1.00,              0.0221,                   0,                   0
       113,       145,      1.00,              0.0221,                   0,                   0
       113,       151,      1.00,              0.0662,                   0,                   0
       113,       155,      1.00,              0.0221,                   0,                   0
       113,       170,      1.00,              0.2058,                   0,                   0
       113,       179,      1.00,              0.2058,                   0,                   0
       113,       189,      1.00,              0.1029,                   0,                   0
       113,       209,      1.00,              0.2058,                   0,                   0
       114,         1,      1.00,              0.2058,                   0,                   0
       114,         2,      1.00,              0.4117,                   0,                   0
       114,         3,      1.00,              0.3161,                   0,                   0
       114,         4,      1.00,              0.0956,                   0,                   0
       114,         6,      1.00,              0.0662,                   0,                   0
       114,         7,      1.00,              0.3455,                   0,                   0
       114,         8,      1.00,              0.4117,                   0,                   0
       114,         9,      1.00,              0.4117,                   0,                   0
       114,        13,      1.00,              0.0662,                   0,                   0
       114,        14,      1.00,              0.3161,                   0,                   0
       114,        15,      1.00,              1.5512,                   0,              0.1838
       114,        17,      1.00,              0.0588,                   0,              0.0074
       114,        19,      1.00,              0.0588,                   0,                   0
       114,        21,      1.00,              0.3088,                   0,              0.0221
       114,        22,      1.00,              0.4705,                   0,                   0
       114,        23,      1.00,              0.3088,                   0,                   0
       114,        24,      1.00,              0.0662,                   0,                   0
       114,        26,      1.00,              0.2720,                   0,              0.0074
       114,        27,      1.00,              0.2132,                   0,              0.0368
       114,        28,      1.00,              0.2205,                   0,              0.0809
       114,        29,      1.00,              0.1103,                   0,              0.0588
       114,        30,      1.00,              0.3235,                   0,              0.0515
       114,        31,      1.00,              0.3823,                   0,              0.0662
       114,        32,      1.00,              0.7278,                   0,              0.0882
       114,        33,      1.00,              0.8454,                   0,              0.1029
       114,        34,      1.00,                   0,                   0,              0.0147
       114,        35,      1.00,              0.2647,                   0,                   0
       114,        36,      1.00,              0.4337,                   0,              0.0074
       114,        37,      1.00,              0.0662,                   0,                   0
       114,        38,      1.00,              0.4190,                   0,                   0
       114,        39,      1.00,              0.2132,                   0,              0.0074
       114,        40,      1.00,              0.0074,                   0,                   0
       114,        41,      1.00,              0.2720,                   0,              0.0074
       114,        43,      1.00,              0.0662,                   0,                   0
       114,        44,      1.00,              0.1103,                   0,              0.0147
       114,        45,      1.00,              0.2205,                   0,              0.0294
       114,        46,      1.00,              0.2205,                   0,              0.0147
       114,        47,      1.00,              0.1764,                   0,                   0
       114,        48,      1.00,              0.0588,                   0,              0.0147
       114,        49,      1.00,              0.2794,                   0,              0.0074
       114,        50,      1.00,              0.3529,                   0,              0.0956
       114,        52,      1.00,              0.0074,                   0,                   0
       114,        53,      1.00,                   0,                   0,              0.0147
       114,        54,      1.00,              0.2058,                   0,                   0
       114,        55,      1.00,              0.3161,                   0,              0.0074
       114,        56,      1.00,              0.4999,                   0,              0.0074
       114,        57,      1.00,              0.0221,                   0,                   0
       114,        58,      1.00,              0.1103,                   0,              0.0074
       114,        59,      1.00,              0.4190,                   0,              0.0735
       114,        60,      1.00,              0.6249,                   0,              0.0294
       114,        61,      1.00,              0.9557,                   0,              0.0882
       114,        62,      1.00,              0.9410,                   0,              0.0956
       114,        63,      1.00,              2.6539,                   0,              0.0662
       114,        64,      1.00,              0.2352,                   0,              0.0515
       114,        65,      1.00,              0.4190,                   0,              0.0441
       114,        66,      1.00,              0.2132,                   0,              0.0221
       114,        67,      1.00,              2.3598,                   0,              0.0221
       114,        68,      1.00,              1.3086,                   0,              0.0147
       114,        69,      1.00,              0.4190,                   0,              0.0147
       114,        71,      1.00,              0.2058,                   0,              0.0074
       114,        72,      1.00,                   0,                   0,              0.0956
       114,        73,      1.00,              0.2132,                   0,              0.0294
       114,        74,      1.00,              0.0074,                   0,                   0
       114,        75,      1.00,              1.4262,                   0,              0.2205
       114,        76,      1.00,              0.9557,                   0,              0.0515
       114,        77,      1.00,              0.8969,                   0,              0.0294
       114,        78,      1.00,              1.4997,                   0,                   0
       114,        79,      1.00,              6.4105,                   0,              0.0515
       114,        80,      1.00,              2.8083,                   0,              0.0221
       114,        81,      1.00,              0.1544,                   0,                   0
       114,        82,      1.00,              0.2132,                   0,              0.0441
       114,        83,      1.00,              1.4188,                   0,              0.0735
       114,        84,      1.00,              2.4186,                   0,              0.2058
       114,        85,      1.00,              1.9702,                   0,              0.1029
       114,        86,      1.00,              2.7715,                   0,              0.1911
       114,        87,      1.00,              0.6249,                   0,              0.0147
       114,        88,      1.00,              0.2132,                   0,              0.0515
       114,        89,      1.00,              1.3600,                   0,              0.1250
       114,        90,      1.00,              0.8381,                   0,              0.1544
       114,        91,      1.00,              0.4778,                   0,              0.0735
       114,        92,      1.00,              2.2275,                   0,              0.2941
       114,        93,      1.00,              0.4190,                   0,              0.0588
       114,        94,      1.00,              0.5293,                   0,              0.1250
       114,        95,      1.00,              2.1466,                   0,              0.2499
       114,        96,      1.00,              0.5808,                   0,              0.0441
       114,        97,      1.00,              2.3231,                   0,              0.0515
       114,        98,      1.00,              3.9404,                   0,              0.0735
       114,        99,      1.00,              3.6537,                   0,              0.0441
       114,       100,      1.00,             62.9798,                   0,              0.4925
       114,       101,      1.00,             10.7331,                   0,              0.1764
       114,       102,      1.00,              5.7121,                   0,              0.2205
       114,       103,      1.00,             25.1199,                   0,              0.0956
       114,       104,      1.00,              2.0511,                   0,              0.0515
       114,       105,      1.00,             24.9435,                   0,              0.4043
       114,       106,      1.00,             10.1156,                   0,              0.1397
       114,       107,      1.00,              6.3958,                   0,              0.2058
       114,       108,      1.00,              6.6751,                   0,              0.1544
       114,       109,      1.00,              2.6465,                   0,              0.1176
       114,       110,      1.00,              1.4188,                   0,              0.0515
       114,       111,      1.00,              0.8307,                   0,              0.0294
       114,       112,      1.00,              0.0074,                   0,              0.0074
       114,       114,      1.00,            117.3732,                   0,              0.2794
       114,       115,      1.00,              0.1103,                   0,              0.1764
       114,       116,      1.00,              1.6320,                   0,              0.1617
       114,       117,      1.00,             21.4956,                   0,              0.9263
       114,       118,      1.00,              9.5569,                   0,              0.5808
       114,       119,      1.00,              1.0366,                   0,              0.0882
       114,       120,      1.00,              0.6396,                   0,              0.1176
       114,       121,      1.00,              1.1983,                   0,              0.1617
       114,       122,      1.00,              3.8889,                   0,              0.2647
       114,       123,      1.00,              3.4772,                   0,              0.1985
       114,       124,      1.00,              1.6614,                   0,              0.2867
       114,       125,      1.00,              1.5659,                   0,              0.2573
       114,       126,      1.00,              0.9116,                   0,              0.3382
       114,       127,      1.00,              1.8746,                   0,              0.4337
       114,       128,      1.00,              0.5367,                   0,              0.1397
       114,       129,      1.00,              0.2794,                   0,              0.1397
       114,       130,      1.00,              0.2132,                   0,              0.0735
       114,       131,      1.00,              0.3235,                   0,              0.0809
       114,       132,      1.00,              0.6837,                   0,              0.1250
       114,       133,      1.00,              0.0809,                   0,              0.1103
       114,       134,      1.00,              0.6322,                   0,              0.1691
       114,       135,      1.00,              4.9916,                   0,              0.4264
       114,       136,      1.00,              5.0063,                   0,              0.4558
       114,       137,      1.00,              3.4331,                   0,              0.2205
       114,       138,      1.00,              3.2420,                   0,              0.3529
       114,       139,      1.00,              0.1103,                   0,              0.0441
       114,       140,      1.00,              3.2199,                   0,              0.3823
       114,       141,      1.00,              0.6543,                   0,              0.1985
       114,       142,      1.00,              0.7278,                   0,              0.1617
       114,       143,      1.00,              0.9777,                   0,              0.3823
       114,       144,      1.00,              0.2279,                   0,              0.0956
       114,       145,      1.00,              0.2647,                   0,              0.2132
       114,       146,      1.00,              0.8601,                   0,              0.4558
       114,       147,      1.00,              0.2132,                   0,              0.1470
       114,       148,      1.00,              1.0439,                   0,              0.2499
       114,       149,      1.00,              0.5220,                   0,              0.1323
       114,       150,      1.00,              0.2573,                   0,              0.1911
       114,       151,      1.00,              0.3235,                   0,              0.0368
       114,       152,      1.00,                   0,                   0,              0.0221
       114,       153,      1.00,              0.2720,                   0,              0.0294
       114,       154,      1.00,              0.9998,                   0,              0.1544
       114,       155,      1.00,              0.7940,                   0,              0.2205
       114,       156,      1.00,              0.2058,                   0,              0.0147
       114,       157,      1.00,              0.3161,                   0,              0.1029
       114,       158,      1.00,              0.2058,                   0,              0.0441
       114,       159,      1.00,              0.0074,                   0,              0.0441
       114,       160,      1.00,              0.5293,                   0,              0.1838
       114,       161,      1.00,              0.1838,                   0,              0.0882
       114,       162,      1.00,              4.9843,                   0,              0.5367
       114,       163,      1.00,              0.4264,                   0,              0.0441
       114,       164,      1.00,              2.2348,                   0,              0.5293
       114,       165,      1.00,              0.2573,                   0,              0.0882
       114,       166,      1.00,              0.4190,                   0,              0.1323
       114,       167,      1.00,              0.6249,                   0,              0.1323
       114,       168,      1.00,              0.6322,                   0,              0.0956
       114,       169,      1.00,              0.4190,                   0,              0.0735
       114,       170,      1.00,              0.8307,                   0,              0.1691
       114,       171,      1.00,              0.0441,                   0,                   0
       114,       172,      1.00,              1.9114,                   0,              0.2794
       114,       173,      1.00,              0.2941,                   0,              0.0147
       114,       174,      1.00,              0.6984,                   0,              0.1985
       114,       175,      1.00,              0.9189,                   0,              0.2279
       114,       176,      1.00,              0.2794,                   0,              0.0074
       114,       177,      1.00,              0.6984,                   0,              0.2499
       114,       178,      1.00,              0.1103,                   0,              0.0662
       114,       179,      1.00,              0.6910,                   0,              0.1544
       114,       180,      1.00,                   0,                   0,              0.0221
       114,       181,      1.00,              0.1250,                   0,              0.1617
       114,       182,      1.00,              0.5881,                   0,              0.2426
       114,       183,      1.00,              0.3161,                   0,              0.0294
       114,       184,      1.00,              0.2132,                   0,              0.1029
       114,       185,      1.00,              0.1103,                   0,              0.0368
       114,       186,      1.00,              0.0074,                   0,              0.0221
       114,       187,      1.00,              0.2720,                   0,                   0
       114,       188,      1.00,              1.1027,                   0,              0.0441
       114,       189,      1.00,              0.1250,                   0,              0.0221
       114,       190,      1.00,              0.3235,                   0,              0.0221
       114,       191,      1.00,              0.0147,                   0,                   0
       114,       192,      1.00,              0.2426,                   0,              0.0221
       114,       193,      1.00,              0.0809,                   0,                   0
       114,       194,      1.00,              0.2058,                   0,                   0
       114,       195,      1.00,              0.2132,                   0,              0.0588
       114,       196,      1.00,              0.1691,                   0,              0.0147
       114,       197,      1.00,                   0,                   0,              0.0074
       114,       198,      1.00,                   0,                   0,              0.0074
       114,       199,      1.00,              0.0294,                   0,                   0
       114,       200,      1.00,                   0,                   0,              0.0074
       114,       201,      1.00,              0.1323,                   0,              0.0074
       114,       203,      1.00,              0.2058,                   0,                   0
       114,       204,      1.00,                   0,                   0,              0.0074
       114,       207,      1.00,              0.1029,                   0,              0.0074
       114,       208,      1.00,              0.3529,                   0,              0.0074
       114,       209,      1.00,              0.5293,                   0,              0.0147
       114,       210,      1.00,              0.5146,                   0,              0.0074
       114,       211,      1.00,              0.2279,                   0,              0.1103
       114,       212,      1.00,              0.5661,                   0,              0.0882
       114,       213,      1.00,              1.3380,                   0,              0.2279
       114,       214,      1.00,              0.5146,                   0,              0.0515
       114,       218,      1.00,                   0,                   0,              0.0074
       114,       219,      1.00,                   0,                   0,              0.0074
       114,       224,      1.00,                   0,                   0,              0.0735
       114,       226,      1.00,              0.0074,                   0,              0.0588
       114,       227,      1.00,                   0,                   0,              0.0074
       114,       228,      1.00,                   0,                   0,              0.0074
       115,        17,      1.00,                   0,                   0,              0.0956
       115,        21,      1.00,                   0,                   0,              0.4778
       115,        33,      1.00,                   0,                   0,              0.0074
       115,        39,      1.00,                   0,                   0,              0.0074
       115,        41,      1.00,                   0,                   0,              0.0074
       115,        44,      1.00,                   0,                   0,              0.0147
       115,        45,      1.00,                   0,                   0,              0.0074
       115,        46,      1.00,                   0,                   0,              0.0147
       115,        50,      1.00,                   0,                   0,              0.0074
       115,        55,      1.00,                   0,                   0,              0.0074
       115,        56,      1.00,                   0,                   0,              0.0074
       115,        58,      1.00,                   0,                   0,              0.0074
       115,        64,      1.00,                   0,                   0,              0.0074
       115,        72,      1.00,                   0,                   0,              0.0074
       115,        75,      1.00,                   0,                   0,              0.0147
       115,        78,      1.00,                   0,                   0,              0.0294
       115,        81,      1.00,              0.0074,                   0,              0.0074
       115,        82,      1.00,                   0,                   0,              0.0074
       115,        83,      1.00,                   0,                   0,              0.0221
       115,        84,      1.00,              0.2058,                   0,              0.0515
       115,        85,      1.00,                   0,                   0,              0.0441
       115,        86,      1.00,                   0,                   0,              0.0809
       115,        87,      1.00,                   0,                   0,              0.0074
       115,        88,      1.00,                   0,                   0,              0.0074
       115,        89,      1.00,                   0,                   0,              0.0074
       115,        90,      1.00,                   0,                   0,              0.0147
       115,        91,      1.00,                   0,                   0,              0.0221
       115,        92,      1.00,              0.2058,                   0,              0.0515
       115,        93,      1.00,                   0,                   0,              0.0147
       115,        94,      1.00,              0.2058,                   0,              0.0147
       115,        95,      1.00,              0.0074,                   0,              0.0368
       115,        96,      1.00,                   0,                   0,              0.0074
       115,        97,      1.00,                   0,                   0,              0.0882
       115,        98,      1.00,                   0,                   0,              0.0515
       115,        99,      1.00,                   0,                   0,              0.0735
       115,       100,      1.00,              0.2205,                   0,              0.4778
       115,       101,      1.00,              0.0074,                   0,              0.3161
       115,       102,      1.00,                   0,                   0,              0.0221
       115,       103,      1.00,              0.2132,                   0,              0.0147
       115,       104,      1.00,                   0,                   0,              0.0294
       115,       105,      1.00,              0.2132,                   0,              0.0147
       115,       106,      1.00,                   0,                   0,              0.0147
       115,       107,      1.00,              0.0074,                   0,              0.0147
       115,       108,      1.00,                   0,                   0,              0.0074
       115,       109,      1.00,                   0,                   0,              0.0074
       115,       114,      1.00,              0.2132,                   0,              0.1764
       115,       116,      1.00,              0.2205,                   0,              0.0368
       115,       117,      1.00,              0.6322,                   0,              0.1544
       115,       118,      1.00,              0.4190,                   0,              0.1397
       115,       119,      1.00,                   0,                   0,              0.0515
       115,       120,      1.00,                   0,                   0,              0.0368
       115,       121,      1.00,                   0,                   0,              0.0882
       115,       122,      1.00,                   0,                   0,              0.0515
       115,       123,      1.00,              0.3088,                   0,              0.0662
       115,       124,      1.00,              0.0074,                   0,              0.0956
       115,       125,      1.00,              0.0074,                   0,              0.0588
       115,       126,      1.00,              0.0221,                   0,              0.1617
       115,       127,      1.00,              0.0735,                   0,              0.2205
       115,       128,      1.00,                   0,                   0,              0.0956
       115,       129,      1.00,              0.0515,                   0,              0.0662
       115,       130,      1.00,                   0,                   0,              0.0441
       115,       131,      1.00,              0.2058,                   0,              0.0368
       115,       132,      1.00,                   0,                   0,              0.0441
       115,       133,      1.00,                   0,                   0,              0.0294
       115,       134,      1.00,              0.2058,                   0,              0.0515
       115,       135,      1.00,              0.1103,                   0,              0.1029
       115,       136,      1.00,              0.4925,                   0,              0.0956
       115,       137,      1.00,              0.1470,                   0,              0.0515
       115,       138,      1.00,              0.2132,                   0,              0.1323
       115,       139,      1.00,                   0,                   0,              0.0221
       115,       140,      1.00,              0.0074,                   0,              0.1764
       115,       141,      1.00,              0.0221,                   0,              0.1617
       115,       142,      1.00,              0.0368,                   0,              0.1103
       115,       143,      1.00,              0.0368,                   0,              0.1985
       115,       144,      1.00,                   0,                   0,              0.0441
       115,       145,      1.00,                   0,                   0,              0.1103
       115,       146,      1.00,              0.0074,                   0,              0.2279
       115,       147,      1.00,                   0,                   0,              0.0956
       115,       148,      1.00,                   0,                   0,              0.1617
       115,       149,      1.00,                   0,                   0,              0.0809
       115,       150,      1.00,                   0,                   0,              0.0956
       115,       151,      1.00,                   0,                   0,              0.1911
       115,       152,      1.00,                   0,                   0,              0.0368
       115,       153,      1.00,                   0,                   0,              0.0221
       115,       154,      1.00,                   0,                   0,              0.1103
       115,       155,      1.00,                   0,                   0,              0.0956
       115,       156,      1.00,                   0,                   0,              0.0221
       115,       157,      1.00,                   0,                   0,              0.0368
       115,       158,      1.00,                   0,                   0,              0.0074
       115,       159,      1.00,                   0,                   0,              0.0147
       115,       160,      1.00,                   0,                   0,              0.0882
       115,       161,      1.00,              0.0221,                   0,              0.0294
       115,       162,      1.00,              0.1250,                   0,              0.1470
       115,       163,      1.00,                   0,                   0,              0.0074
       115,       164,      1.00,              0.4411,                   0,              0.1838
       115,       165,      1.00,                   0,                   0,              0.0441
       115,       166,      1.00,                   0,                   0,              0.0441
       115,       167,      1.00,                   0,                   0,              0.0662
       115,       168,      1.00,              0.0956,                   0,              0.0515
       115,       169,      1.00,              0.1176,                   0,              0.0441
       115,       170,      1.00,              0.2132,                   0,              0.0735
       115,       172,      1.00,              0.2205,                   0,              0.1323
       115,       173,      1.00,                   0,                   0,              0.0074
       115,       174,      1.00,              0.0074,                   0,              0.1544
       115,       175,      1.00,              0.0074,                   0,              0.1323
       115,       176,      1.00,                   0,                   0,              0.0074
       115,       177,      1.00,                   0,                   0,              0.1176
       115,       178,      1.00,                   0,                   0,              0.0368
       115,       179,      1.00,                   0,                   0,              0.0956
       115,       180,      1.00,                   0,                   0,              0.0147
       115,       181,      1.00,                   0,                   0,              0.0956
       115,       182,      1.00,              0.2058,                   0,              0.1103
       115,       184,      1.00,                   0,                   0,              0.0441
       115,       185,      1.00,                   0,                   0,              0.0074
       115,       188,      1.00,              0.4190,                   0,              0.0074
       115,       189,      1.00,                   0,                   0,              0.0074
       115,       195,      1.00,                   0,                   0,              0.0735
       115,       197,      1.00,                   0,                   0,              0.0074
       115,       199,      1.00,              0.0441,                   0,                   0
       115,       202,      1.00,              0.1617,                   0,                   0
       115,       208,      1.00,                   0,                   0,              0.0147
       115,       209,      1.00,                   0,                   0,              0.0221
       115,       210,      1.00,                   0,                   0,              0.0074
       115,       211,      1.00,              0.0074,                   0,              0.0368
       115,       212,      1.00,              0.2132,                   0,              0.0368
       115,       213,      1.00,              0.0147,                   0,              0.0588
       115,       214,      1.00,                   0,                   0,              0.0147
       115,       224,      1.00,                   0,                   0,              0.0074
       115,       226,      1.00,                   0,                   0,              0.0074
       116,         2,      1.00,              0.2058,                   0,                   0
       116,         6,      1.00,                   0,                   0,              0.0074
       116,         7,      1.00,                   0,                   0,              0.0147
       116,         8,      1.00,              0.2058,                   0,              0.0294
       116,         9,      1.00,                   0,                   0,              0.0147
       116,        11,      1.00,                   0,                   0,              0.0074
       116,        12,      1.00,                   0,                   0,              0.0147
       116,        13,      1.00,              0.2058,                   0,              0.0294
       116,        14,      1.00,              0.0074,                   0,              0.0368
       116,        15,      1.00,              0.0074,                   0,              0.0588
       116,        17,      1.00,                   0,                   0,              0.0074
       116,        19,      1.00,                   0,                   0,              0.0074
       116,        21,      1.00,                   0,                   0,              0.0221
       116,        22,      1.00,                   0,                   0,              0.0074
       116,        23,      1.00,                   0,                   0,              0.0147
       116,        24,      1.00,              0.1029,                   0,              0.0147
       116,        26,      1.00,                   0,                   0,              0.0074
       116,        27,      1.00,              0.2132,                   0,              0.0221
       116,        28,      1.00,              0.0074,                   0,              0.0441
       116,        29,      1.00,              0.2058,                   0,              0.0147
       116,        30,      1.00,              0.0074,                   0,              0.0368
       116,        31,      1.00,              0.2132,                   0,              0.0368
       116,        32,      1.00,              0.0074,                   0,              0.0294
       116,        33,      1.00,              0.2205,                   0,              0.0588
       116,        34,      1.00,              0.0588,                   0,              0.0074
       116,        35,      1.00,              0.2058,                   0,              0.0221
       116,        36,      1.00,                   0,                   0,              0.0147
       116,        37,      1.00,              0.0074,                   0,              0.0221
       116,        38,      1.00,              0.2132,                   0,              0.0147
       116,        39,      1.00,              0.0074,                   0,              0.0221
       116,        40,      1.00,              0.0074,                   0,              0.0221
       116,        41,      1.00,              0.0074,                   0,              0.0294
       116,        42,      1.00,              0.2058,                   0,              0.0074
       116,        43,      1.00,                   0,                   0,              0.0074
       116,        44,      1.00,              0.0074,                   0,              0.0221
       116,        45,      1.00,              0.2132,                   0,              0.0515
       116,        46,      1.00,              0.2132,                   0,              0.0294
       116,        47,      1.00,                   0,                   0,              0.0074
       116,        49,      1.00,              0.0074,                   0,              0.0221
       116,        50,      1.00,                   0,                   0,              0.0074
       116,        52,      1.00,              0.0662,                   0,              0.0221
       116,        54,      1.00,                   0,                   0,              0.0074
       116,        55,      1.00,              0.4190,                   0,              0.0294
       116,        56,      1.00,              0.0074,                   0,              0.0294
       116,        58,      1.00,              0.0074,                   0,              0.0294
       116,        59,      1.00,              0.0074,                   0,              0.0221
       116,        60,      1.00,              0.0074,                   0,              0.0294
       116,        61,      1.00,              0.6984,                   0,              0.0662
       116,        62,      1.00,              0.2132,                   0,              0.0441
       116,        63,      1.00,              0.2205,                   0,              0.0441
       116,        64,      1.00,              0.2279,                   0,              0.0515
       116,        65,      1.00,              0.2132,                   0,              0.0294
       116,        66,      1.00,              0.0074,                   0,              0.0221
       116,        67,      1.00,              0.4484,                   0,              0.0662
       116,        68,      1.00,              0.1985,                   0,              0.0294
       116,        69,      1.00,              0.0074,                   0,              0.0294
       116,        70,      1.00,                   0,                   0,              0.0074
       116,        71,      1.00,                   0,                   0,              0.0147
       116,        72,      1.00,                   0,                   0,              0.0074
       116,        73,      1.00,              0.0074,                   0,              0.0221
       116,        74,      1.00,              0.0074,                   0,              0.0147
       116,        75,      1.00,              0.3308,                   0,              0.0515
       116,        76,      1.00,              0.0735,                   0,              0.0294
       116,        77,      1.00,              0.3161,                   0,              0.0221
       116,        79,      1.00,              2.2863,                   0,              0.0735
       116,        80,      1.00,              0.8307,                   0,              0.0368
       116,        81,      1.00,              0.0588,                   0,              0.0147
       116,        82,      1.00,              0.0074,                   0,              0.0221
       116,        83,      1.00,              0.7425,                   0,              0.0662
       116,        84,      1.00,              0.0147,                   0,              0.0588
       116,        85,      1.00,              0.0147,                   0,              0.0588
       116,        86,      1.00,              0.6396,                   0,              0.0588
       116,        87,      1.00,              0.2132,                   0,              0.0147
       116,        88,      1.00,              0.0074,                   0,              0.0147
       116,        89,      1.00,              0.4190,                   0,              0.0221
       116,        90,      1.00,              0.0147,                   0,              0.0441
       116,        91,      1.00,              0.1103,                   0,              0.0221
       116,        92,      1.00,              0.3235,                   0,              0.0735
       116,        93,      1.00,              0.0074,                   0,              0.0147
       116,        94,      1.00,              0.4264,                   0,              0.0368
       116,        95,      1.00,              0.8601,                   0,              0.1029
       116,        96,      1.00,                   0,                   0,              0.0074
       116,        97,      1.00,              0.0074,                   0,              0.0221
       116,        98,      1.00,              0.6322,                   0,              0.0368
       116,        99,      1.00,              0.3161,                   0,              0.0294
       116,       100,      1.00,              2.5583,                   0,              0.1911
       116,       101,      1.00,              1.2792,                   0,              0.1176
       116,       102,      1.00,              0.4264,                   0,              0.0441
       116,       103,      1.00,              3.3008,                   0,              0.1250
       116,       104,      1.00,              0.6322,                   0,              0.0368
       116,       105,      1.00,              0.8234,                   0,              0.1029
       116,       106,      1.00,              0.9483,                   0,              0.0735
       116,       107,      1.00,              0.4411,                   0,              0.0735
       116,       108,      1.00,              0.2279,                   0,              0.0441
       116,       109,      1.00,              0.2352,                   0,              0.0515
       116,       110,      1.00,              0.2058,                   0,              0.0147
       116,       111,      1.00,              0.0074,                   0,              0.0147
       116,       112,      1.00,              0.0074,                   0,              0.0294
       116,       114,      1.00,              5.2048,                   0,              0.1617
       116,       115,      1.00,              0.0147,                   0,              0.0368
       116,       116,      1.00,              9.5642,                   0,              0.1544
       116,       117,      1.00,             17.0554,                   0,              0.3749
       116,       118,      1.00,              3.8595,                   0,              0.1691
       116,       119,      1.00,              0.8969,                   0,              0.0809
       116,       120,      1.00,              0.1617,                   0,              0.0368
       116,       121,      1.00,              1.0071,                   0,              0.0809
       116,       122,      1.00,              1.6688,                   0,              0.0956
       116,       123,      1.00,              1.9849,                   0,              0.0809
       116,       124,      1.00,              3.3596,                   0,              0.2058
       116,       125,      1.00,              5.0872,                   0,              0.2132
       116,       126,      1.00,              1.0660,                   0,              0.1470
       116,       127,      1.00,              2.2495,                   0,              0.2205
       116,       128,      1.00,              0.5661,                   0,              0.0588
       116,       129,      1.00,              0.5808,                   0,              0.0441
       116,       130,      1.00,              0.4264,                   0,              0.0294
       116,       131,      1.00,              0.0882,                   0,              0.0515
       116,       132,      1.00,              0.2794,                   0,              0.0368
       116,       133,      1.00,              0.4484,                   0,              0.0515
       116,       134,      1.00,              2.3525,                   0,              0.0662
       116,       135,      1.00,              8.3659,                   0,              0.2132
       116,       136,      1.00,             13.8795,                   0,              0.3676
       116,       137,      1.00,             12.9753,                   0,              0.1764
       116,       138,      1.00,              4.2565,                   0,              0.2426
       116,       139,      1.00,              0.2205,                   0,              0.0294
       116,       140,      1.00,              2.9700,                   0,              0.2058
       116,       141,      1.00,              0.4117,                   0,              0.1029
       116,       142,      1.00,              0.5587,                   0,              0.1176
       116,       143,      1.00,              1.0145,                   0,              0.1397
       116,       144,      1.00,              0.2058,                   0,              0.0294
       116,       145,      1.00,              0.2720,                   0,              0.0588
       116,       146,      1.00,              1.9334,                   0,              0.2205
       116,       147,      1.00,              0.2867,                   0,              0.0735
       116,       148,      1.00,              0.7351,                   0,              0.0735
       116,       149,      1.00,              0.1176,                   0,              0.0735
       116,       150,      1.00,              0.2205,                   0,              0.0809
       116,       151,      1.00,              0.4337,                   0,              0.0809
       116,       152,      1.00,              0.1103,                   0,              0.0294
       116,       153,      1.00,              0.4190,                   0,              0.0294
       116,       154,      1.00,              1.1615,                   0,              0.1617
       116,       155,      1.00,              1.0145,                   0,              0.0956
       116,       156,      1.00,              0.2058,                   0,              0.0147
       116,       157,      1.00,              0.7057,                   0,              0.0662
       116,       158,      1.00,                   0,                   0,              0.0147
       116,       159,      1.00,              0.0221,                   0,              0.0368
       116,       160,      1.00,              0.8528,                   0,              0.0882
       116,       161,      1.00,              0.6763,                   0,              0.0882
       116,       162,      1.00,              8.5056,                   0,              0.4558
       116,       163,      1.00,              0.0294,                   0,              0.0441
       116,       164,      1.00,              6.0135,                   0,              0.4558
       116,       165,      1.00,              0.3161,                   0,              0.0515
       116,       166,      1.00,              1.2056,                   0,              0.0882
       116,       167,      1.00,              0.2794,                   0,              0.0662
       116,       168,      1.00,              0.3602,                   0,              0.0956
       116,       169,      1.00,              0.1985,                   0,              0.0588
       116,       170,      1.00,              2.6906,                   0,              0.1617
       116,       171,      1.00,                   0,                   0,              0.0147
       116,       172,      1.00,              4.0212,                   0,              0.3676
       116,       173,      1.00,              0.2058,                   0,              0.0074
       116,       174,      1.00,              1.9040,                   0,              0.1397
       116,       175,      1.00,              2.5436,                   0,              0.1691
       116,       176,      1.00,                   0,                   0,              0.0074
       116,       177,      1.00,              0.9557,                   0,              0.1029
       116,       178,      1.00,              0.2132,                   0,              0.0588
       116,       179,      1.00,              0.3382,                   0,              0.1176
       116,       180,      1.00,              0.0074,                   0,              0.0147
       116,       181,      1.00,              0.7572,                   0,              0.0956
       116,       182,      1.00,              0.6396,                   0,              0.1029
       116,       183,      1.00,              0.0809,                   0,              0.0441
       116,       184,      1.00,              0.2279,                   0,              0.0735
       116,       185,      1.00,              0.5367,                   0,              0.0735
       116,       186,      1.00,              0.2205,                   0,              0.0441
       116,       187,      1.00,              0.2132,                   0,              0.0294
       116,       188,      1.00,              1.1395,                   0,              0.1911
       116,       189,      1.00,              0.0147,                   0,              0.0441
       116,       190,      1.00,              0.4411,                   0,              0.0809
       116,       191,      1.00,                   0,                   0,              0.0147
       116,       192,      1.00,              0.1764,                   0,              0.0882
       116,       193,      1.00,              0.0441,                   0,              0.0147
       116,       194,      1.00,              0.0074,                   0,              0.0147
       116,       195,      1.00,              0.3235,                   0,              0.0662
       116,       196,      1.00,              0.0074,                   0,              0.0441
       116,       197,      1.00,                   0,                   0,              0.0074
       116,       198,      1.00,                   0,                   0,              0.0221
       116,       199,      1.00,                   0,                   0,              0.0074
       116,       200,      1.00,              0.0074,                   0,              0.0221
       116,       201,      1.00,              0.0735,                   0,              0.0294
       116,       202,      1.00,                   0,                   0,              0.0147
       116,       203,      1.00,              0.0074,                   0,              0.0147
       116,       204,      1.00,                   0,                   0,              0.0147
       116,       205,      1.00,                   0,                   0,              0.0147
       116,       206,      1.00,              0.2058,                   0,              0.0074
       116,       207,      1.00,              0.0662,                   0,              0.0515
       116,       208,      1.00,              0.2058,                   0,              0.0074
       116,       209,      1.00,              0.2132,                   0,              0.0368
       116,       210,      1.00,              0.2132,                   0,              0.0294
       116,       211,      1.00,              0.3602,                   0,              0.1029
       116,       212,      1.00,              0.2941,                   0,              0.1691
       116,       213,      1.00,              5.2710,                   0,              0.2205
       116,       214,      1.00,              0.0368,                   0,              0.0515
       116,       224,      1.00,                   0,                   0,              0.0368
       116,       226,      1.00,                   0,                   0,              0.0294
       116,       227,      1.00,                   0,                   0,              0.0074
       116,       228,      1.00,                   0,                   0,              0.0074
       117,         1,      1.00,              0.2058,                   0,                   0
       117,         2,      1.00,              0.5587,                   0,                   0
       117,         3,      1.00,              0.2647,                   0,                   0
       117,         4,      1.00,              0.1029,                   0,                   0
       117,         5,      1.00,              0.2205,                   0,                   0
       117,         6,      1.00,              0.4264,                   0,                   0
       117,         7,      1.00,              0.5955,                   0,                   0
       117,         8,      1.00,              1.3159,                   0,              0.0074
       117,         9,      1.00,              1.1248,                   0,                   0
       117,        11,      1.00,              0.1176,                   0,                   0
       117,        12,      1.00,              0.6469,                   0,                   0
       117,        13,      1.00,              0.4117,                   0,              0.0074
       117,        14,      1.00,              1.4409,                   0,              0.0074
       117,        15,      1.00,              2.5730,                   0,              0.0221
       117,        17,      1.00,              1.1321,                   0,                   0
       117,        18,      1.00,              0.2058,                   0,                   0
       117,        19,      1.00,              0.2647,                   0,              0.0074
       117,        20,      1.00,              0.3970,                   0,                   0
       117,        21,      1.00,              1.0880,                   0,              0.0294
       117,        22,      1.00,              0.1617,                   0,                   0
       117,        23,      1.00,              0.5146,                   0,                   0
       117,        24,      1.00,              0.4117,                   0,              0.0074
       117,        27,      1.00,              0.2794,                   0,              0.0147
       117,        28,      1.00,              0.8381,                   0,              0.0294
       117,        29,      1.00,              0.0074,                   0,              0.0074
       117,        30,      1.00,              0.2279,                   0,              0.0147
       117,        31,      1.00,              0.6102,                   0,              0.0147
       117,        32,      1.00,              0.6249,                   0,              0.0074
       117,        33,      1.00,              0.9116,                   0,              0.0294
       117,        34,      1.00,              0.2058,                   0,                   0
       117,        35,      1.00,              0.9851,                   0,                   0
       117,        36,      1.00,              0.6175,                   0,              0.0147
       117,        37,      1.00,              0.2132,                   0,              0.0074
       117,        38,      1.00,              0.0074,                   0,                   0
       117,        39,      1.00,              0.6322,                   0,              0.0147
       117,        40,      1.00,              0.4264,                   0,              0.0074
       117,        41,      1.00,              0.8969,                   0,              0.0221
       117,        42,      1.00,              0.4117,                   0,                   0
       117,        43,      1.00,              0.1103,                   0,              0.0074
       117,        44,      1.00,              0.2205,                   0,              0.0294
       117,        45,      1.00,              1.0513,                   0,              0.0735
       117,        46,      1.00,              0.4852,                   0,              0.0588
       117,        47,      1.00,              0.2499,                   0,              0.0074
       117,        48,      1.00,                   0,                   0,              0.0294
       117,        49,      1.00,              0.0147,                   0,              0.0221
       117,        50,      1.00,                   0,                   0,              0.1691
       117,        51,      1.00,              0.0147,                   0,                   0
       117,        52,      1.00,              0.6763,                   0,              0.0147
       117,        53,      1.00,              0.2058,                   0,                   0
       117,        54,      1.00,              0.2132,                   0,                   0
       117,        55,      1.00,              0.4264,                   0,              0.0221
       117,        56,      1.00,              0.2132,                   0,              0.0147
       117,        57,      1.00,              0.0074,                   0,                   0
       117,        58,      1.00,              0.3382,                   0,              0.0221
       117,        59,      1.00,              0.6249,                   0,              0.0221
       117,        60,      1.00,              0.7278,                   0,              0.0147
       117,        61,      1.00,              1.9922,                   0,              0.0294
       117,        62,      1.00,              1.8305,                   0,              0.0074
       117,        63,      1.00,              5.7047,                   0,              0.0515
       117,        64,      1.00,              1.3747,                   0,              0.0294
       117,        65,      1.00,              1.1027,                   0,              0.0221
       117,        66,      1.00,              0.2132,                   0,              0.0147
       117,        67,      1.00,              1.8085,                   0,              0.0294
       117,        68,      1.00,              1.0513,                   0,              0.0074
       117,        69,      1.00,              1.3527,                   0,              0.0221
       117,        70,      1.00,              0.0074,                   0,                   0
       117,        71,      1.00,              0.6249,                   0,              0.0147
       117,        72,      1.00,              0.4117,                   0,              0.1397
       117,        73,      1.00,              0.0294,                   0,              0.0662
       117,        74,      1.00,              0.8307,                   0,              0.0221
       117,        75,      1.00,              2.0216,                   0,              0.1985
       117,        76,      1.00,              1.7643,                   0,              0.0735
       117,        77,      1.00,              1.7643,                   0,              0.0294
       117,        78,      1.00,              0.2058,                   0,                   0
       117,        79,      1.00,             10.7993,                   0,              0.1103
       117,        80,      1.00,              2.9259,                   0,              0.0662
       117,        81,      1.00,              0.6984,                   0,              0.0221
       117,        82,      1.00,              0.3235,                   0,              0.0221
       117,        83,      1.00,              1.8011,                   0,              0.1103
       117,        84,      1.00,              3.1905,                   0,              0.1250
       117,        85,      1.00,              2.5804,                   0,              0.0662
       117,        86,      1.00,              3.4037,                   0,              0.6469
       117,        87,      1.00,              0.6322,                   0,              0.1397
       117,        88,      1.00,              0.8969,                   0,              0.0221
       117,        89,      1.00,              2.2275,                   0,              0.0956
       117,        90,      1.00,              2.4848,                   0,              0.0735
       117,        91,      1.00,              1.5659,                   0,              0.0294
       117,        92,      1.00,              6.4178,                   0,              0.1985
       117,        93,      1.00,              0.4925,                   0,              0.0441
       117,        94,      1.00,              1.8452,                   0,              0.0662
       117,        95,      1.00,             11.1154,                   0,              0.2426
       117,        96,      1.00,              1.3674,                   0,              0.0588
       117,        97,      1.00,              2.2863,                   0,              0.0735
       117,        98,      1.00,              5.2195,                   0,              0.1397
       117,        99,      1.00,              3.2052,                   0,              0.0441
       117,       100,      1.00,             22.2308,                   0,              0.9189
       117,       101,      1.00,              5.7562,                   0,              0.1323
       117,       102,      1.00,              5.2857,                   0,              0.1764
       117,       103,      1.00,             28.4133,                   0,              0.3749
       117,       104,      1.00,              4.9402,                   0,              0.4631
       117,       105,      1.00,             32.0817,                   0,              0.3161
       117,       106,      1.00,             15.6953,                   0,              0.1838
       117,       107,      1.00,             14.4823,                   0,              0.1764
       117,       108,      1.00,              8.8879,                   0,              0.1323
       117,       109,      1.00,              7.6455,                   0,              0.1323
       117,       110,      1.00,              2.6612,                   0,              0.0221
       117,       111,      1.00,              2.0878,                   0,              0.0147
       117,       112,      1.00,              0.5440,                   0,              0.0074
       117,       114,      1.00,             33.1918,                   0,              0.9263
       117,       115,      1.00,              0.2205,                   0,              0.1544
       117,       116,      1.00,             15.8424,                   0,              0.3749
       117,       117,      1.00,            353.8472,                   0,              1.2571
       117,       118,      1.00,            101.6117,                   0,              0.6984
       117,       119,      1.00,              6.7486,                   0,              0.2352
       117,       120,      1.00,              5.2269,                   0,              0.0882
       117,       121,      1.00,              7.9396,                   0,              0.2352
       117,       122,      1.00,             15.2690,                   0,              0.4043
       117,       123,      1.00,             24.0833,                   0,              0.3088
       117,       124,      1.00,             23.5761,                   0,              0.6616
       117,       125,      1.00,             59.4658,                   0,              0.6249
       117,       126,      1.00,              6.6604,                   0,              0.4631
       117,       127,      1.00,             14.1809,                   0,              0.5440
       117,       128,      1.00,              3.3302,                   0,              0.1544
       117,       129,      1.00,              4.6241,                   0,              0.1911
       117,       130,      1.00,              2.2863,                   0,              0.0588
       117,       131,      1.00,              3.8669,                   0,              0.1470
       117,       132,      1.00,              2.8009,                   0,              0.1397
       117,       133,      1.00,              0.5881,                   0,              0.1544
       117,       134,      1.00,             10.3582,                   0,              0.2352
       117,       135,      1.00,             42.2120,                   0,              0.6028
       117,       136,      1.00,             42.3443,                   0,              0.8969
       117,       137,      1.00,             18.7462,                   0,              0.3896
       117,       138,      1.00,             19.6284,                   0,              0.5367
       117,       139,      1.00,              1.2571,                   0,              0.0588
       117,       140,      1.00,             14.5191,                   0,              0.5514
       117,       141,      1.00,              3.6243,                   0,              0.1250
       117,       142,      1.00,              3.4037,                   0,              0.0882
       117,       143,      1.00,              5.9988,                   0,              0.4558
       117,       144,      1.00,              0.8895,                   0,              0.0956
       117,       145,      1.00,              1.2203,                   0,              0.1029
       117,       146,      1.00,              9.5716,                   0,              0.5881
       117,       147,      1.00,              1.6394,                   0,              0.1323
       117,       148,      1.00,              4.7343,                   0,              0.1250
       117,       149,      1.00,              3.3449,                   0,              0.1176
       117,       150,      1.00,              2.1834,                   0,              0.1323
       117,       151,      1.00,              2.1540,                   0,              0.1617
       117,       152,      1.00,              0.6690,                   0,              0.0809
       117,       153,      1.00,              0.7793,                   0,              0.0662
       117,       154,      1.00,              4.2932,                   0,              0.2647
       117,       155,      1.00,              2.8818,                   0,              0.2867
       117,       156,      1.00,              0.3455,                   0,              0.0221
       117,       157,      1.00,              1.8085,                   0,              0.0735
       117,       158,      1.00,                   0,                   0,              0.2573
       117,       159,      1.00,              1.7864,                   0,              0.0809
       117,       160,      1.00,              5.3151,                   0,              0.2352
       117,       161,      1.00,              3.4699,                   0,              0.2132
       117,       162,      1.00,             23.5246,                   0,              0.8454
       117,       163,      1.00,              0.6469,                   0,              0.0735
       117,       164,      1.00,             10.9610,                   0,              0.6763
       117,       165,      1.00,              1.4482,                   0,              0.1470
       117,       166,      1.00,              2.3378,                   0,              0.2058
       117,       167,      1.00,              1.3674,                   0,              0.1470
       117,       168,      1.00,              3.7272,                   0,              0.0882
       117,       169,      1.00,              2.4480,                   0,              0.0588
       117,       170,      1.00,              6.7633,                   0,              0.1617
       117,       171,      1.00,              0.1470,                   0,              0.0809
       117,       172,      1.00,              7.9028,                   0,              0.1617
       117,       173,      1.00,              0.4852,                   0,                   0
       117,       174,      1.00,              2.6392,                   0,              0.0441
       117,       175,      1.00,              6.1899,                   0,              0.0956
       117,       176,      1.00,              0.2426,                   0,                   0
       117,       177,      1.00,              3.1097,                   0,              0.1691
       117,       178,      1.00,              1.9775,                   0,              0.0809
       117,       179,      1.00,              1.9261,                   0,              0.1323
       117,       180,      1.00,              0.3161,                   0,              0.0147
       117,       181,      1.00,              3.3670,                   0,              0.0735
       117,       182,      1.00,              2.7494,                   0,              0.2794
       117,       183,      1.00,              1.6761,                   0,              0.0221
       117,       184,      1.00,              1.8893,                   0,              0.0294
       117,       185,      1.00,              2.9773,                   0,              0.0147
       117,       186,      1.00,              0.7351,                   0,              0.0074
       117,       187,      1.00,              0.3749,                   0,              0.0074
       117,       188,      1.00,              1.3600,                   0,              0.1323
       117,       189,      1.00,              0.7351,                   0,              0.0074
       117,       190,      1.00,              0.3455,                   0,              0.0221
       117,       191,      1.00,              0.0588,                   0,              0.0956
       117,       192,      1.00,              0.9483,                   0,              0.0515
       117,       193,      1.00,              0.2647,                   0,              0.0147
       117,       194,      1.00,              0.4190,                   0,              0.0074
       117,       195,      1.00,              2.2348,                   0,              0.0147
       117,       196,      1.00,              0.8307,                   0,              0.0441
       117,       197,      1.00,              0.2058,                   0,              0.0074
       117,       198,      1.00,                   0,                   0,              0.0221
       117,       199,      1.00,              0.1029,                   0,                   0
       117,       200,      1.00,              0.0662,                   0,              0.0221
       117,       201,      1.00,              0.4264,                   0,              0.0294
       117,       202,      1.00,              0.3235,                   0,              0.0074
       117,       203,      1.00,              0.4190,                   0,              0.0147
       117,       204,      1.00,              0.2720,                   0,              0.0294
       117,       205,      1.00,                   0,                   0,              0.0074
       117,       207,      1.00,              0.1029,                   0,              0.0221
       117,       208,      1.00,              0.6616,                   0,              0.0074
       117,       209,      1.00,              1.0513,                   0,              0.0515
       117,       210,      1.00,              0.4117,                   0,              0.0294
       117,       211,      1.00,              2.6539,                   0,              0.2058
       117,       212,      1.00,              2.4407,                   0,              0.1911
       117,       213,      1.00,              7.2044,                   0,              0.3749
       117,       214,      1.00,              0.7793,                   0,              0.0882
       117,       218,      1.00,                   0,                   0,              0.0074
       117,       219,      1.00,                   0,                   0,              0.0147
       117,       224,      1.00,                   0,                   0,              0.1029
       117,       226,      1.00,              0.0074,                   0,              0.0809
       117,       227,      1.00,                   0,                   0,              0.0147
       117,       228,      1.00,                   0,                   0,              0.0147
       118,         1,      1.00,              0.2279,                   0,                   0
       118,         2,      1.00,              0.2499,                   0,                   0
       118,         3,      1.00,              0.1691,                   0,                   0
       118,         4,      1.00,              0.0956,                   0,                   0
       118,         5,      1.00,              0.4117,                   0,                   0
       118,         6,      1.00,              0.3676,                   0,              0.0074
       118,         7,      1.00,              0.2794,                   0,              0.0147
       118,         8,      1.00,              1.6173,                   0,              0.0294
       118,         9,      1.00,              1.0880,                   0,              0.0147
       118,        11,      1.00,              0.2058,                   0,              0.0074
       118,        12,      1.00,              0.7131,                   0,              0.0147
       118,        13,      1.00,              0.2058,                   0,              0.0221
       118,        14,      1.00,              0.6249,                   0,              0.0294
       118,        15,      1.00,              0.6984,                   0,              0.0368
       118,        17,      1.00,              0.7204,                   0,              0.0074
       118,        18,      1.00,              0.4925,                   0,              0.0074
       118,        19,      1.00,              0.1911,                   0,              0.0074
       118,        21,      1.00,              0.5146,                   0,              0.0221
       118,        22,      1.00,              0.4117,                   0,              0.0074
       118,        23,      1.00,              0.2058,                   0,              0.0147
       118,        24,      1.00,              0.4190,                   0,              0.0147
       118,        26,      1.00,              0.4117,                   0,              0.0074
       118,        27,      1.00,              0.1103,                   0,              0.0147
       118,        28,      1.00,              0.3161,                   0,              0.0662
       118,        29,      1.00,              0.6175,                   0,              0.0074
       118,        30,      1.00,              1.3012,                   0,              0.0147
       118,        31,      1.00,              0.7866,                   0,              0.0147
       118,        32,      1.00,              0.8307,                   0,              0.0221
       118,        33,      1.00,              1.2424,                   0,              0.0956
       118,        34,      1.00,              0.1029,                   0,              0.0074
       118,        35,      1.00,              0.7204,                   0,              0.0147
       118,        36,      1.00,              0.2132,                   0,              0.0294
       118,        37,      1.00,              0.0147,                   0,              0.0147
       118,        38,      1.00,              0.0074,                   0,              0.0147
       118,        39,      1.00,              0.6322,                   0,              0.0294
       118,        40,      1.00,              0.1176,                   0,              0.0147
       118,        41,      1.00,              1.5512,                   0,              0.0515
       118,        42,      1.00,              0.1029,                   0,              0.0074
       118,        43,      1.00,              0.7278,                   0,              0.0147
       118,        44,      1.00,              0.4264,                   0,              0.0662
       118,        45,      1.00,              1.9408,                   0,              0.1691
       118,        46,      1.00,              0.6763,                   0,              0.1176
       118,        47,      1.00,              0.2647,                   0,              0.0221
       118,        48,      1.00,                   0,                   0,              0.0368
       118,        49,      1.00,              0.2205,                   0,              0.0441
       118,        50,      1.00,                   0,                   0,              0.2058
       118,        51,      1.00,              0.0147,                   0,                   0
       118,        52,      1.00,              0.6175,                   0,              0.0368
       118,        54,      1.00,              0.2132,                   0,              0.0074
       118,        55,      1.00,              0.5293,                   0,              0.0441
       118,        56,      1.00,              1.2056,                   0,              0.0441
       118,        57,      1.00,              0.0441,                   0,                   0
       118,        58,      1.00,              1.4482,                   0,              0.0662
       118,        59,      1.00,              1.3012,                   0,              0.0294
       118,        60,      1.00,              0.7498,                   0,              0.0221
       118,        61,      1.00,              1.1468,                   0,              0.0956
       118,        62,      1.00,              0.9998,                   0,              0.1029
       118,        63,      1.00,              2.4774,                   0,              0.0294
       118,        64,      1.00,              1.2571,                   0,              0.0294
       118,        65,      1.00,              2.6024,                   0,              0.0662
       118,        66,      1.00,              0.4190,                   0,              0.0294
       118,        67,      1.00,              3.8889,                   0,              0.1029
       118,        68,      1.00,              0.8087,                   0,              0.0368
       118,        69,      1.00,              0.6322,                   0,              0.0441
       118,        70,      1.00,              0.4190,                   0,              0.0074
       118,        71,      1.00,              0.4411,                   0,              0.0368
       118,        72,      1.00,              0.8234,                   0,              0.1397
       118,        73,      1.00,              0.3382,                   0,              0.0809
       118,        74,      1.00,              0.6910,                   0,              0.0147
       118,        75,      1.00,              5.2048,                   0,              0.2279
       118,        76,      1.00,              3.6316,                   0,              0.0588
       118,        77,      1.00,              1.6541,                   0,              0.0221
       118,        79,      1.00,              9.2481,                   0,              0.1323
       118,        80,      1.00,              5.1093,                   0,              0.0588
       118,        81,      1.00,              1.0733,                   0,              0.0515
       118,        82,      1.00,              0.5293,                   0,              0.0147
       118,        83,      1.00,              3.8154,                   0,              0.1323
       118,        84,      1.00,              5.0578,                   0,              0.2132
       118,        85,      1.00,              3.9918,                   0,              0.1323
       118,        86,      1.00,              6.4840,                   0,              0.3896
       118,        87,      1.00,              1.2718,                   0,              0.0294
       118,        88,      1.00,              2.5362,                   0,              0.0294
       118,        89,      1.00,              4.1609,                   0,              0.2205
       118,        90,      1.00,              4.9769,                   0,              0.1397
       118,        91,      1.00,              1.9702,                   0,              0.0515
       118,        92,      1.00,             13.6443,                   0,              0.2499
       118,        93,      1.00,              2.0731,                   0,              0.0515
       118,        94,      1.00,              2.5510,                   0,              0.1691
       118,        95,      1.00,             21.1207,                   0,              0.4558
       118,        96,      1.00,              0.4190,                   0,              0.0294
       118,        97,      1.00,              1.0733,                   0,              0.0074
       118,        98,      1.00,              2.3966,                   0,              0.0147
       118,        99,      1.00,              1.7349,                   0,              0.0074
       118,       100,      1.00,              7.7999,                   0,              0.2352
       118,       101,      1.00,              1.7423,                   0,              0.0294
       118,       102,      1.00,              3.0950,                   0,              0.0147
       118,       103,      1.00,             27.9796,                   0,              0.3676
       118,       104,      1.00,              7.5940,                   0,              0.0735
       118,       105,      1.00,             12.3284,                   0,              0.2132
       118,       106,      1.00,             18.7462,                   0,              0.2132
       118,       107,      1.00,             22.5689,                   0,              0.1764
       118,       108,      1.00,              4.3521,                   0,              0.0809
       118,       109,      1.00,             14.4823,                   0,              0.1250
       118,       110,      1.00,              6.0061,                   0,              0.0147
       118,       111,      1.00,              4.1903,                   0,              0.0074
       118,       112,      1.00,              0.6910,                   0,              0.0294
       118,       114,      1.00,             13.5193,                   0,              0.5808
       118,       115,      1.00,              0.0074,                   0,              0.1397
       118,       116,      1.00,              3.5507,                   0,              0.1691
       118,       117,      1.00,             98.6344,                   0,              0.6984
       118,       118,      1.00,            172.3326,                   0,              0.6543
       118,       119,      1.00,              9.3804,                   0,              0.2720
       118,       120,      1.00,              6.6457,                   0,              0.1397
       118,       121,      1.00,             12.6298,                   0,              0.2720
       118,       122,      1.00,             26.8181,                   0,              0.5072
       118,       123,      1.00,             64.0532,                   0,              0.3382
       118,       124,      1.00,             37.2498,                   0,              0.5587
       118,       125,      1.00,             20.8708,                   0,              0.4337
       118,       126,      1.00,              8.1086,                   0,              0.4705
       118,       127,      1.00,             20.0915,                   0,              0.5367
       118,       128,      1.00,              3.7419,                   0,              0.1544
       118,       129,      1.00,              8.0425,                   0,              0.2352
       118,       130,      1.00,              4.3300,                   0,              0.0809
       118,       131,      1.00,             10.3876,                   0,              0.1470
       118,       132,      1.00,              3.4478,                   0,              0.1911
       118,       133,      1.00,              1.8893,                   0,              0.1397
       118,       134,      1.00,              7.0574,                   0,              0.1617
       118,       135,      1.00,             18.1948,                   0,              0.4337
       118,       136,      1.00,             11.9902,                   0,              0.4631
       118,       137,      1.00,              6.3737,                   0,              0.1911
       118,       138,      1.00,              6.4913,                   0,              0.2941
       118,       139,      1.00,              0.5220,                   0,              0.0515
       118,       140,      1.00,              9.3510,                   0,              0.3896
       118,       141,      1.00,              3.8889,                   0,              0.1103
       118,       142,      1.00,              4.1683,                   0,              0.1029
       118,       143,      1.00,              7.5426,                   0,              0.5220
       118,       144,      1.00,              1.0660,                   0,              0.1250
       118,       145,      1.00,              1.7349,                   0,              0.1029
       118,       146,      1.00,              9.6083,                   0,              0.6396
       118,       147,      1.00,              2.6539,                   0,              0.2647
       118,       148,      1.00,              4.4697,                   0,              0.1250
       118,       149,      1.00,              2.9626,                   0,              0.2941
       118,       150,      1.00,              2.2495,                   0,              0.1323
       118,       151,      1.00,              2.4774,                   0,              0.1323
       118,       152,      1.00,              0.8307,                   0,              0.0735
       118,       153,      1.00,              0.9630,                   0,              0.0662
       118,       154,      1.00,              4.7417,                   0,              0.3382
       118,       155,      1.00,              3.5140,                   0,              0.3235
       118,       156,      1.00,              0.4925,                   0,              0.0221
       118,       157,      1.00,              0.2132,                   0,              0.0294
       118,       158,      1.00,                   0,                   0,              0.2058
       118,       159,      1.00,              0.3235,                   0,              0.0588
       118,       160,      1.00,              1.6247,                   0,              0.1691
       118,       161,      1.00,              3.8228,                   0,              0.1764
       118,       162,      1.00,              9.1305,                   0,              0.3823
       118,       163,      1.00,              0.1985,                   0,              0.0368
       118,       164,      1.00,              3.5360,                   0,              0.1911
       118,       165,      1.00,              1.6394,                   0,              0.1397
       118,       166,      1.00,              2.9847,                   0,              0.2720
       118,       167,      1.00,              2.9038,                   0,              0.1911
       118,       168,      1.00,              1.1248,                   0,              0.0441
       118,       169,      1.00,              1.0071,                   0,              0.0294
       118,       170,      1.00,              2.0364,                   0,              0.1103
       118,       171,      1.00,                   0,                   0,              0.0441
       118,       172,      1.00,              1.8011,                   0,              0.0809
       118,       173,      1.00,              0.4337,                   0,                   0
       118,       174,      1.00,              1.5438,                   0,              0.0294
       118,       175,      1.00,              2.0731,                   0,              0.0515
       118,       176,      1.00,              0.4925,                   0,                   0
       118,       177,      1.00,              1.9775,                   0,              0.0735
       118,       178,      1.00,              1.5291,                   0,              0.1103
       118,       179,      1.00,              3.3523,                   0,              0.1250
       118,       180,      1.00,              0.4043,                   0,              0.0074
       118,       181,      1.00,              0.1323,                   0,              0.0368
       118,       182,      1.00,              1.7496,                   0,              0.1985
       118,       183,      1.00,              0.4264,                   0,              0.0147
       118,       184,      1.00,              0.5220,                   0,              0.0147
       118,       185,      1.00,              1.5512,                   0,              0.0147
       118,       186,      1.00,              0.3161,                   0,              0.0074
       118,       187,      1.00,              0.3676,                   0,              0.0074
       118,       188,      1.00,              2.7862,                   0,              0.0588
       118,       189,      1.00,              0.6175,                   0,              0.0074
       118,       190,      1.00,              0.4264,                   0,              0.0147
       118,       191,      1.00,                   0,                   0,              0.0368
       118,       192,      1.00,              0.7204,                   0,              0.0294
       118,       193,      1.00,              0.1470,                   0,              0.0074
       118,       195,      1.00,              0.7204,                   0,              0.0147
       118,       196,      1.00,              0.1029,                   0,              0.0221
       118,       197,      1.00,              0.3088,                   0,                   0
       118,       198,      1.00,                   0,                   0,              0.0147
       118,       199,      1.00,              0.0147,                   0,                   0
       118,       200,      1.00,                   0,                   0,              0.0074
       118,       201,      1.00,              0.2499,                   0,              0.0147
       118,       202,      1.00,              0.0515,                   0,              0.0074
       118,       203,      1.00,              0.0147,                   0,              0.0074
       118,       204,      1.00,                   0,                   0,              0.0147
       118,       205,      1.00,              0.2058,                   0,                   0
       118,       207,      1.00,              0.2058,                   0,              0.0074
       118,       208,      1.00,              0.4558,                   0,              0.0368
       118,       209,      1.00,              0.6690,                   0,              0.1323
       118,       210,      1.00,              1.0954,                   0,              0.0662
       118,       211,      1.00,              1.6761,                   0,              0.1176
       118,       212,      1.00,              1.9408,                   0,              0.0735
       118,       213,      1.00,              1.4041,                   0,              0.1617
       118,       214,      1.00,              0.2426,                   0,              0.0441
       118,       218,      1.00,                   0,                   0,              0.0074
       118,       219,      1.00,                   0,                   0,              0.0147
       118,       224,      1.00,                   0,                   0,              0.0588
       118,       226,      1.00,                   0,                   0,              0.0441
       118,       227,      1.00,                   0,                   0,              0.0074
       118,       228,      1.00,                   0,                   0,              0.0074
       119,         1,      1.00,              0.4117,                   0,              0.0074
       119,         2,      1.00,                   0,                   0,              0.0074
       119,         3,      1.00,              0.0588,                   0,                   0
       119,         4,      1.00,              0.0441,                   0,              0.0074
       119,         5,      1.00,              0.0662,                   0,              0.0074
       119,         6,      1.00,              1.2424,                   0,              0.0147
       119,         7,      1.00,              1.1395,                   0,              0.0221
       119,         8,      1.00,              1.3894,                   0,              0.0515
       119,         9,      1.00,              0.4117,                   0,              0.0221
       119,        11,      1.00,              0.3455,                   0,              0.0147
       119,        12,      1.00,              0.7498,                   0,              0.0294
       119,        13,      1.00,              1.0513,                   0,              0.0662
       119,        14,      1.00,              0.9042,                   0,              0.0735
       119,        15,      1.00,              1.6247,                   0,              0.0735
       119,        17,      1.00,                   0,                   0,              0.0147
       119,        18,      1.00,              0.4705,                   0,              0.0074
       119,        19,      1.00,              0.4190,                   0,              0.0074
       119,        21,      1.00,              0.2058,                   0,              0.0147
       119,        22,      1.00,              0.6175,                   0,                   0
       119,        23,      1.00,              1.4115,                   0,              0.0368
       119,        24,      1.00,              0.5220,                   0,              0.0294
       119,        26,      1.00,                   0,                   0,              0.0074
       119,        27,      1.00,              0.2132,                   0,              0.0221
       119,        28,      1.00,              1.0366,                   0,              0.0441
       119,        29,      1.00,                   0,                   0,              0.0074
       119,        30,      1.00,              0.4190,                   0,              0.0221
       119,        31,      1.00,              0.4117,                   0,              0.0294
       119,        32,      1.00,              0.0074,                   0,              0.0368
       119,        33,      1.00,              0.9336,                   0,              0.0515
       119,        34,      1.00,                   0,                   0,              0.0074
       119,        35,      1.00,              1.1468,                   0,              0.0368
       119,        36,      1.00,              0.6910,                   0,              0.0368
       119,        37,      1.00,              0.4337,                   0,              0.0441
       119,        38,      1.00,              0.0147,                   0,              0.0221
       119,        39,      1.00,              0.5367,                   0,              0.0735
       119,        40,      1.00,              0.0294,                   0,              0.0368
       119,        41,      1.00,              1.7717,                   0,              0.0735
       119,        42,      1.00,              0.9263,                   0,              0.0147
       119,        43,      1.00,              0.9336,                   0,              0.0368
       119,        44,      1.00,              1.6688,                   0,              0.0956
       119,        45,      1.00,              3.3302,                   0,              0.1397
       119,        46,      1.00,              1.8746,                   0,              0.1544
       119,        47,      1.00,              0.3088,                   0,              0.0294
       119,        48,      1.00,                   0,                   0,              0.0221
       119,        49,      1.00,              0.0294,                   0,              0.0662
       119,        50,      1.00,              0.0074,                   0,              0.1103
       119,        51,      1.00,              0.0147,                   0,                   0
       119,        52,      1.00,              0.8307,                   0,              0.0588
       119,        53,      1.00,                   0,                   0,              0.0074
       119,        54,      1.00,              0.4117,                   0,              0.0074
       119,        55,      1.00,              0.9557,                   0,              0.0662
       119,        56,      1.00,              0.6322,                   0,              0.0882
       119,        57,      1.00,              0.0221,                   0,                   0
       119,        58,      1.00,              1.5659,                   0,              0.0882
       119,        59,      1.00,              0.8895,                   0,              0.0441
       119,        60,      1.00,              0.4190,                   0,              0.0221
       119,        61,      1.00,              0.4264,                   0,              0.0588
       119,        62,      1.00,              0.6249,                   0,              0.0368
       119,        63,      1.00,              0.4190,                   0,              0.0588
       119,        64,      1.00,              0.2205,                   0,              0.0662
       119,        65,      1.00,              0.2205,                   0,              0.0294
       119,        66,      1.00,              0.6249,                   0,              0.0294
       119,        67,      1.00,              1.3233,                   0,              0.1029
       119,        68,      1.00,              0.5734,                   0,              0.0294
       119,        69,      1.00,              0.1176,                   0,              0.0662
       119,        70,      1.00,              0.7278,                   0,              0.0147
       119,        71,      1.00,              0.6249,                   0,              0.0368
       119,        72,      1.00,              0.2132,                   0,              0.0294
       119,        73,      1.00,              0.4264,                   0,              0.0441
       119,        74,      1.00,              0.5220,                   0,              0.0221
       119,        75,      1.00,              1.3306,                   0,              0.1250
       119,        76,      1.00,              0.6102,                   0,              0.0735
       119,        77,      1.00,              0.0074,                   0,              0.0515
       119,        79,      1.00,              1.0439,                   0,              0.0882
       119,        80,      1.00,              1.2497,                   0,              0.0735
       119,        81,      1.00,              1.9922,                   0,              0.1176
       119,        82,      1.00,              1.5659,                   0,              0.0368
       119,        83,      1.00,              4.6829,                   0,              0.1985
       119,        84,      1.00,             42.8369,                   0,              0.6028
       119,        85,      1.00,              9.9392,                   0,              0.3014
       119,        86,      1.00,              4.4403,                   0,              0.1838
       119,        87,      1.00,              0.4190,                   0,              0.0147
       119,        88,      1.00,              0.9336,                   0,              0.0147
       119,        89,      1.00,              2.2716,                   0,              0.0588
       119,        90,      1.00,              8.1822,                   0,              0.1250
       119,        91,      1.00,              5.3739,                   0,              0.1250
       119,        92,      1.00,            108.9190,                   0,              0.8601
       119,        93,      1.00,              6.1532,                   0,              0.0956
       119,        94,      1.00,              2.3966,                   0,              0.1250
       119,        95,      1.00,             27.3106,                   0,              0.4631
       119,        96,      1.00,              0.7204,                   0,              0.0221
       119,        97,      1.00,              0.3308,                   0,              0.0221
       119,        98,      1.00,              1.0145,                   0,              0.0368
       119,        99,      1.00,              0.4117,                   0,              0.0147
       119,       100,      1.00,              2.4774,                   0,              0.1103
       119,       101,      1.00,              0.6396,                   0,              0.0956
       119,       102,      1.00,              0.3088,                   0,              0.0147
       119,       103,      1.00,              2.7200,                   0,              0.1029
       119,       104,      1.00,              2.7862,                   0,              0.0515
       119,       105,      1.00,              1.7643,                   0,              0.0588
       119,       106,      1.00,              4.0433,                   0,              0.0662
       119,       107,      1.00,              2.1393,                   0,              0.0441
       119,       108,      1.00,              0.0074,                   0,              0.0221
       119,       109,      1.00,              2.2789,                   0,              0.0294
       119,       110,      1.00,              1.9114,                   0,              0.0147
       119,       111,      1.00,              1.2424,                   0,              0.0147
       119,       112,      1.00,              0.9557,                   0,              0.0735
       119,       114,      1.00,              1.4482,                   0,              0.0882
       119,       115,      1.00,                   0,                   0,              0.0515
       119,       116,      1.00,              0.2205,                   0,              0.0809
       119,       117,      1.00,              8.4983,                   0,              0.2352
       119,       118,      1.00,             10.5493,                   0,              0.2720
       119,       119,      1.00,            149.1535,                   0,              1.0439
       119,       120,      1.00,             36.1618,                   0,              0.3529
       119,       121,      1.00,             55.9886,                   0,              0.5661
       119,       122,      1.00,             13.6075,                   0,              0.2794
       119,       123,      1.00,              7.9028,                   0,              0.2647
       119,       124,      1.00,              3.5287,                   0,              0.2867
       119,       125,      1.00,              2.1687,                   0,              0.1470
       119,       126,      1.00,             78.2120,                   0,              1.1909
       119,       127,      1.00,             59.7084,                   0,              0.8454
       119,       128,      1.00,              5.9106,                   0,              0.2426
       119,       129,      1.00,              2.6024,                   0,              0.1911
       119,       130,      1.00,              1.7276,                   0,              0.2426
       119,       131,      1.00,              2.5877,                   0,              0.1250
       119,       132,      1.00,              1.7349,                   0,              0.1838
       119,       133,      1.00,              1.6394,                   0,              0.1103
       119,       134,      1.00,              0.9336,                   0,              0.1103
       119,       135,      1.00,              1.7276,                   0,              0.1617
       119,       136,      1.00,              1.7423,                   0,              0.1764
       119,       137,      1.00,              1.0366,                   0,              0.0662
       119,       138,      1.00,              1.1468,                   0,              0.1397
       119,       139,      1.00,              0.3602,                   0,              0.0294
       119,       140,      1.00,              2.3745,                   0,              0.2499
       119,       141,      1.00,              4.0653,                   0,              0.4411
       119,       142,      1.00,             24.5612,                   0,              0.5587
       119,       143,      1.00,              4.5285,                   0,              0.3382
       119,       144,      1.00,              0.6028,                   0,              0.0662
       119,       145,      1.00,              1.2203,                   0,              0.1617
       119,       146,      1.00,              2.9479,                   0,              0.4117
       119,       147,      1.00,              0.6469,                   0,              0.1617
       119,       148,      1.00,              4.1756,                   0,              0.3382
       119,       149,      1.00,              1.6467,                   0,              0.1985
       119,       150,      1.00,              2.1834,                   0,              0.2352
       119,       151,      1.00,              2.4333,                   0,              0.5587
       119,       152,      1.00,              0.6249,                   0,              0.1544
       119,       153,      1.00,              0.6322,                   0,              0.1176
       119,       154,      1.00,              8.0866,                   0,              1.0954
       119,       155,      1.00,              3.1538,                   0,              0.5587
       119,       156,      1.00,              0.2720,                   0,              0.0662
       119,       157,      1.00,              0.1911,                   0,              0.0221
       119,       158,      1.00,                   0,                   0,              0.0147
       119,       159,      1.00,              0.2132,                   0,              0.0221
       119,       160,      1.00,              0.6763,                   0,              0.0882
       119,       161,      1.00,              1.5217,                   0,              0.1764
       119,       162,      1.00,              1.2939,                   0,              0.2058
       119,       163,      1.00,              0.0074,                   0,              0.0147
       119,       164,      1.00,              1.9775,                   0,              0.1764
       119,       165,      1.00,              1.6100,                   0,              0.2279
       119,       166,      1.00,              1.8526,                   0,              0.2279
       119,       167,      1.00,              0.8675,                   0,              0.1544
       119,       168,      1.00,              0.6249,                   0,              0.0956
       119,       169,      1.00,              0.3308,                   0,              0.0441
       119,       170,      1.00,              0.5587,                   0,              0.0956
       119,       171,      1.00,                   0,                   0,              0.0147
       119,       172,      1.00,              1.1174,                   0,              0.0956
       119,       173,      1.00,              0.0441,                   0,              0.0074
       119,       174,      1.00,              0.6543,                   0,              0.0515
       119,       175,      1.00,              0.6396,                   0,              0.0809
       119,       176,      1.00,              0.0147,                   0,                   0
       119,       177,      1.00,              0.7204,                   0,              0.1103
       119,       178,      1.00,              1.8158,                   0,              0.2205
       119,       179,      1.00,              1.2350,                   0,              0.2279
       119,       180,      1.00,              0.2720,                   0,              0.0294
       119,       181,      1.00,              0.6028,                   0,              0.1617
       119,       182,      1.00,              1.4335,                   0,              0.3014
       119,       183,      1.00,              0.2352,                   0,              0.0147
       119,       184,      1.00,              0.3823,                   0,              0.0882
       119,       185,      1.00,              0.2573,                   0,              0.0147
       119,       186,      1.00,              0.0809,                   0,              0.0074
       119,       187,      1.00,              0.3014,                   0,                   0
       119,       188,      1.00,              0.4925,                   0,              0.0294
       119,       189,      1.00,              0.1103,                   0,                   0
       119,       190,      1.00,              0.1323,                   0,              0.0147
       119,       191,      1.00,              0.0735,                   0,              0.0074
       119,       192,      1.00,              0.2205,                   0,              0.0147
       119,       193,      1.00,              0.0515,                   0,              0.0074
       119,       195,      1.00,              0.2058,                   0,              0.0074
       119,       196,      1.00,              0.1764,                   0,              0.0147
       119,       197,      1.00,              0.0515,                   0,                   0
       119,       198,      1.00,              0.0588,                   0,              0.0074
       119,       200,      1.00,                   0,                   0,              0.0074
       119,       201,      1.00,              0.0662,                   0,              0.0074
       119,       202,      1.00,              0.0074,                   0,                   0
       119,       203,      1.00,              0.0368,                   0,              0.0074
       119,       204,      1.00,              0.0662,                   0,              0.0074
       119,       206,      1.00,              0.0588,                   0,                   0
       119,       207,      1.00,              0.1029,                   0,              0.0074
       119,       208,      1.00,              1.5144,                   0,              0.1029
       119,       209,      1.00,              2.9406,                   0,              0.1617
       119,       210,      1.00,              1.3306,                   0,              0.0956
       119,       211,      1.00,              0.2205,                   0,              0.0515
       119,       212,      1.00,              0.0294,                   0,              0.0735
       119,       213,      1.00,              0.3749,                   0,              0.0588
       119,       214,      1.00,              0.0074,                   0,              0.0147
       119,       218,      1.00,                   0,                   0,              0.0074
       119,       219,      1.00,                   0,                   0,              0.0074
       119,       224,      1.00,                   0,                   0,              0.0368
       119,       226,      1.00,                   0,                   0,              0.0294
       119,       228,      1.00,                   0,                   0,              0.0074
       120,         1,      1.00,              0.1470,                   0,                   0
       120,         2,      1.00,              0.5808,                   0,                   0
       120,         4,      1.00,              0.0294,                   0,                   0
       120,         5,      1.00,                   0,                   0,              0.0074
       120,         6,      1.00,              0.3970,                   0,              0.0074
       120,         7,      1.00,              0.9042,                   0,              0.0074
       120,         8,      1.00,              0.4117,                   0,              0.0147
       120,         9,      1.00,              0.2573,                   0,              0.0074
       120,        10,      1.00,              0.1029,                   0,                   0
       120,        11,      1.00,              0.4190,                   0,                   0
       120,        12,      1.00,              0.6469,                   0,              0.0074
       120,        13,      1.00,              0.1323,                   0,              0.0147
       120,        14,      1.00,              0.8307,                   0,              0.0074
       120,        15,      1.00,              1.0219,                   0,              0.0294
       120,        16,      1.00,              0.2058,                   0,                   0
       120,        17,      1.00,              0.2058,                   0,                   0
       120,        18,      1.00,              0.4558,                   0,                   0
       120,        19,      1.00,              0.4190,                   0,              0.0074
       120,        21,      1.00,                   0,                   0,              0.0074
       120,        22,      1.00,              0.3970,                   0,                   0
       120,        23,      1.00,              0.4190,                   0,              0.0074
       120,        24,      1.00,              0.0074,                   0,              0.0074
       120,        27,      1.00,              0.4190,                   0,              0.0074
       120,        28,      1.00,              0.1544,                   0,              0.0221
       120,        29,      1.00,              0.2058,                   0,                   0
       120,        30,      1.00,              0.3602,                   0,              0.0074
       120,        31,      1.00,              0.3602,                   0,              0.0147
       120,        32,      1.00,              0.6249,                   0,              0.0147
       120,        33,      1.00,              0.5661,                   0,              0.0221
       120,        34,      1.00,              0.0441,                   0,                   0
       120,        35,      1.00,              0.5734,                   0,              0.0074
       120,        36,      1.00,              0.8381,                   0,              0.0221
       120,        37,      1.00,              0.6837,                   0,              0.0074
       120,        38,      1.00,              0.2132,                   0,                   0
       120,        39,      1.00,              0.6249,                   0,              0.0294
       120,        40,      1.00,              0.1691,                   0,              0.0074
       120,        41,      1.00,              0.4411,                   0,              0.0368
       120,        42,      1.00,              0.3602,                   0,              0.0074
       120,        43,      1.00,              0.4190,                   0,              0.0147
       120,        44,      1.00,              1.0292,                   0,              0.0515
       120,        45,      1.00,              3.5140,                   0,              0.0956
       120,        46,      1.00,              0.8895,                   0,              0.1029
       120,        47,      1.00,              0.5955,                   0,              0.0221
       120,        48,      1.00,                   0,                   0,              0.0147
       120,        49,      1.00,              0.1250,                   0,              0.0368
       120,        50,      1.00,              0.0074,                   0,              0.0809
       120,        51,      1.00,              0.0294,                   0,                   0
       120,        52,      1.00,              1.6688,                   0,              0.0294
       120,        54,      1.00,              0.5661,                   0,              0.0074
       120,        55,      1.00,              0.7866,                   0,              0.0294
       120,        56,      1.00,              0.0735,                   0,              0.0294
       120,        58,      1.00,              1.0145,                   0,              0.0441
       120,        59,      1.00,              0.2132,                   0,              0.0294
       120,        60,      1.00,              0.2132,                   0,              0.0074
       120,        61,      1.00,              0.3970,                   0,              0.0368
       120,        62,      1.00,              1.5659,                   0,              0.0147
       120,        63,      1.00,              0.5220,                   0,              0.0441
       120,        64,      1.00,              0.2941,                   0,              0.0515
       120,        65,      1.00,              1.0880,                   0,              0.0147
       120,        66,      1.00,              0.9777,                   0,              0.0074
       120,        67,      1.00,              1.3527,                   0,              0.0662
       120,        68,      1.00,              0.4337,                   0,              0.0147
       120,        69,      1.00,              0.7425,                   0,              0.0441
       120,        70,      1.00,              0.5661,                   0,              0.0074
       120,        71,      1.00,              1.1174,                   0,              0.0294
       120,        72,      1.00,              0.4558,                   0,              0.0147
       120,        73,      1.00,              0.2205,                   0,              0.0294
       120,        74,      1.00,              0.4925,                   0,              0.0221
       120,        75,      1.00,              0.9924,                   0,              0.0956
       120,        76,      1.00,              1.4409,                   0,              0.0735
       120,        77,      1.00,              0.1544,                   0,              0.0515
       120,        79,      1.00,              2.1319,                   0,              0.0662
       120,        80,      1.00,              1.9628,                   0,              0.0588
       120,        81,      1.00,              1.9996,                   0,              0.0662
       120,        82,      1.00,              1.0880,                   0,              0.0074
       120,        83,      1.00,              5.6606,                   0,              0.1470
       120,        84,      1.00,             25.7007,                   0,              0.2647
       120,        85,      1.00,             12.1740,                   0,              0.1617
       120,        86,      1.00,              9.1820,                   0,              0.1250
       120,        87,      1.00,              0.7278,                   0,              0.0147
       120,        88,      1.00,              2.1981,                   0,              0.0074
       120,        89,      1.00,              2.5289,                   0,              0.0588
       120,        90,      1.00,              6.4619,                   0,              0.1029
       120,        91,      1.00,             11.3580,                   0,              0.0882
       120,        92,      1.00,             60.0613,                   0,              0.4190
       120,        93,      1.00,             13.4311,                   0,              0.0809
       120,        94,      1.00,              4.6608,                   0,              0.1176
       120,        95,      1.00,             26.4799,                   0,              0.3014
       120,        96,      1.00,              1.3306,                   0,              0.0221
       120,        97,      1.00,              0.2426,                   0,              0.0147
       120,        98,      1.00,              0.1764,                   0,              0.0221
       120,        99,      1.00,              1.3306,                   0,              0.0074
       120,       100,      1.00,              1.0219,                   0,              0.0735
       120,       101,      1.00,              0.4631,                   0,              0.0515
       120,       102,      1.00,              1.1395,                   0,              0.0074
       120,       103,      1.00,              3.8595,                   0,              0.0515
       120,       104,      1.00,              2.7862,                   0,              0.0441
       120,       105,      1.00,              1.0880,                   0,              0.0368
       120,       106,      1.00,              2.2863,                   0,              0.0368
       120,       107,      1.00,              3.1023,                   0,              0.0368
       120,       108,      1.00,              1.0807,                   0,              0.0221
       120,       109,      1.00,              1.3380,                   0,              0.0294
       120,       110,      1.00,              1.2497,                   0,              0.0147
       120,       111,      1.00,              0.7278,                   0,              0.0147
       120,       112,      1.00,              0.6616,                   0,              0.0221
       120,       114,      1.00,              2.2275,                   0,              0.1176
       120,       115,      1.00,                   0,                   0,              0.0368
       120,       116,      1.00,              0.1617,                   0,              0.0368
       120,       117,      1.00,              4.3962,                   0,              0.0882
       120,       118,      1.00,             10.7405,                   0,              0.1397
       120,       119,      1.00,             28.4648,                   0,              0.3529
       120,       120,      1.00,             40.1168,                   0,              0.1764
       120,       121,      1.00,             31.0746,                   0,              0.2794
       120,       122,      1.00,             10.2553,                   0,              0.1617
       120,       123,      1.00,              5.4621,                   0,              0.1617
       120,       124,      1.00,              2.2495,                   0,              0.1176
       120,       125,      1.00,              0.5734,                   0,              0.0662
       120,       126,      1.00,             19.2167,                   0,              0.3529
       120,       127,      1.00,             18.0699,                   0,              0.4778
       120,       128,      1.00,              2.5068,                   0,              0.1176
       120,       129,      1.00,              1.8158,                   0,              0.1029
       120,       130,      1.00,              1.5144,                   0,              0.0515
       120,       131,      1.00,              0.9924,                   0,              0.0515
       120,       132,      1.00,              1.1836,                   0,              0.0515
       120,       133,      1.00,              0.8969,                   0,              0.0515
       120,       134,      1.00,              0.6837,                   0,              0.0368
       120,       135,      1.00,              1.9922,                   0,              0.0441
       120,       136,      1.00,              1.4041,                   0,              0.0662
       120,       137,      1.00,              0.9336,                   0,              0.0221
       120,       138,      1.00,              0.3676,                   0,              0.0368
       120,       139,      1.00,              0.1176,                   0,              0.0221
       120,       140,      1.00,              1.2571,                   0,              0.1029
       120,       141,      1.00,              1.6247,                   0,              0.1323
       120,       142,      1.00,              4.0433,                   0,              0.0956
       120,       143,      1.00,              2.2716,                   0,              0.1250
       120,       144,      1.00,              0.2867,                   0,              0.0221
       120,       145,      1.00,              0.6396,                   0,              0.0515
       120,       146,      1.00,              1.6247,                   0,              0.1691
       120,       147,      1.00,              0.3676,                   0,              0.0735
       120,       148,      1.00,              1.5953,                   0,              0.1250
       120,       149,      1.00,              0.8748,                   0,              0.0882
       120,       150,      1.00,              0.6910,                   0,              0.0882
       120,       151,      1.00,              0.6322,                   0,              0.2132
       120,       152,      1.00,              0.2499,                   0,              0.0588
       120,       153,      1.00,              0.3088,                   0,              0.0515
       120,       154,      1.00,              1.6614,                   0,              0.1838
       120,       155,      1.00,              1.0513,                   0,              0.2132
       120,       156,      1.00,              0.1250,                   0,              0.0294
       120,       157,      1.00,              0.1985,                   0,              0.0074
       120,       158,      1.00,              0.2058,                   0,              0.0221
       120,       159,      1.00,              0.0074,                   0,              0.0147
       120,       160,      1.00,              0.3896,                   0,              0.0441
       120,       161,      1.00,              1.0145,                   0,              0.0882
       120,       162,      1.00,              0.7498,                   0,              0.0735
       120,       163,      1.00,              0.0735,                   0,                   0
       120,       164,      1.00,              1.0071,                   0,              0.0515
       120,       165,      1.00,              0.5734,                   0,              0.1029
       120,       166,      1.00,              0.9998,                   0,              0.1103
       120,       167,      1.00,              0.3970,                   0,              0.0588
       120,       168,      1.00,              0.2647,                   0,              0.0368
       120,       169,      1.00,              0.1764,                   0,              0.0147
       120,       170,      1.00,              0.4411,                   0,              0.1029
       120,       171,      1.00,                   0,                   0,              0.0147
       120,       172,      1.00,              0.4337,                   0,              0.0588
       120,       174,      1.00,              0.2426,                   0,              0.0147
       120,       175,      1.00,              0.3088,                   0,              0.0368
       120,       177,      1.00,              0.2647,                   0,              0.0441
       120,       178,      1.00,              0.4705,                   0,              0.0956
       120,       179,      1.00,              0.5881,                   0,              0.0956
       120,       180,      1.00,              0.1323,                   0,              0.0074
       120,       181,      1.00,              0.2573,                   0,              0.0294
       120,       182,      1.00,              0.5881,                   0,              0.0515
       120,       183,      1.00,              0.1838,                   0,              0.0074
       120,       184,      1.00,              0.0956,                   0,              0.0074
       120,       185,      1.00,              0.1176,                   0,              0.0074
       120,       186,      1.00,              0.0735,                   0,                   0
       120,       187,      1.00,              0.0221,                   0,                   0
       120,       188,      1.00,              0.2647,                   0,              0.0147
       120,       189,      1.00,              0.0441,                   0,                   0
       120,       190,      1.00,              0.0441,                   0,                   0
       120,       191,      1.00,                   0,                   0,              0.0074
       120,       192,      1.00,              0.0809,                   0,              0.0074
       120,       193,      1.00,              0.0368,                   0,                   0
       120,       195,      1.00,              0.0662,                   0,                   0
       120,       196,      1.00,              0.0147,                   0,              0.0074
       120,       197,      1.00,              0.0221,                   0,                   0
       120,       199,      1.00,              0.0074,                   0,                   0
       120,       200,      1.00,              0.0147,                   0,                   0
       120,       201,      1.00,              0.0735,                   0,              0.0074
       120,       202,      1.00,              0.0294,                   0,                   0
       120,       203,      1.00,              0.0221,                   0,                   0
       120,       204,      1.00,                   0,                   0,              0.0074
       120,       205,      1.00,              0.0147,                   0,                   0
       120,       207,      1.00,              0.0368,                   0,                   0
       120,       208,      1.00,              2.3304,                   0,              0.0441
       120,       209,      1.00,              3.6096,                   0,              0.1103
       120,       210,      1.00,              1.4997,                   0,              0.0588
       120,       211,      1.00,              0.2132,                   0,              0.0221
       120,       212,      1.00,              0.0221,                   0,              0.0147
       120,       213,      1.00,              0.3088,                   0,              0.0147
       120,       214,      1.00,              0.0882,                   0,                   0
       120,       218,      1.00,                   0,                   0,              0.0074
       120,       219,      1.00,                   0,                   0,              0.0074
       120,       224,      1.00,                   0,                   0,              0.0294
       120,       226,      1.00,                   0,                   0,              0.0221
       121,         1,      1.00,              0.8748,                   0,                   0
       121,         2,      1.00,              0.2058,                   0,                   0
       121,         3,      1.00,              0.1103,                   0,                   0
       121,         4,      1.00,              0.3088,                   0,                   0
       121,         5,      1.00,              0.1029,                   0,                   0
       121,         6,      1.00,              0.5367,                   0,              0.0074
       121,         7,      1.00,              0.7351,                   0,              0.0074
       121,         8,      1.00,              0.7940,                   0,              0.0221
       121,         9,      1.00,              0.7057,                   0,              0.0074
       121,        10,      1.00,              0.2058,                   0,                   0
       121,        11,      1.00,              0.1029,                   0,              0.0074
       121,        12,      1.00,              0.3676,                   0,              0.0147
       121,        13,      1.00,              1.3527,                   0,              0.0294
       121,        14,      1.00,              1.1615,                   0,              0.0294
       121,        15,      1.00,              1.6835,                   0,              0.0515
       121,        17,      1.00,              0.2058,                   0,                   0
       121,        18,      1.00,              0.7866,                   0,                   0
       121,        19,      1.00,              0.4264,                   0,              0.0074
       121,        20,      1.00,              0.2058,                   0,                   0
       121,        21,      1.00,                   0,                   0,              0.0147
       121,        22,      1.00,              0.0735,                   0,                   0
       121,        23,      1.00,              0.4852,                   0,              0.0147
       121,        24,      1.00,              0.4190,                   0,              0.0147
       121,        26,      1.00,              0.4117,                   0,              0.0074
       121,        27,      1.00,              0.0147,                   0,              0.0074
       121,        28,      1.00,              0.2720,                   0,              0.0441
       121,        29,      1.00,              0.2058,                   0,              0.0074
       121,        30,      1.00,              0.5367,                   0,              0.0221
       121,        31,      1.00,              0.3308,                   0,              0.0221
       121,        32,      1.00,              0.2132,                   0,              0.0221
       121,        33,      1.00,              0.2720,                   0,              0.0441
       121,        34,      1.00,              0.2205,                   0,              0.0074
       121,        35,      1.00,              0.3749,                   0,              0.0147
       121,        36,      1.00,              0.7940,                   0,              0.0294
       121,        37,      1.00,              0.0809,                   0,              0.0147
       121,        38,      1.00,              0.0147,                   0,              0.0074
       121,        39,      1.00,              0.7572,                   0,              0.0294
       121,        40,      1.00,              0.0809,                   0,              0.0074
       121,        41,      1.00,              0.4484,                   0,              0.0662
       121,        42,      1.00,              0.6763,                   0,              0.0147
       121,        43,      1.00,              0.2794,                   0,              0.0294
       121,        44,      1.00,              1.3894,                   0,              0.0956
       121,        45,      1.00,              2.6098,                   0,              0.1691
       121,        46,      1.00,              1.3674,                   0,              0.1544
       121,        47,      1.00,              0.4999,                   0,              0.0294
       121,        48,      1.00,              0.0294,                   0,              0.0294
       121,        49,      1.00,              0.4411,                   0,              0.0441
       121,        50,      1.00,              0.1838,                   0,              0.1470
       121,        51,      1.00,              0.0074,                   0,                   0
       121,        52,      1.00,              0.4925,                   0,              0.0441
       121,        53,      1.00,              0.2058,                   0,              0.0074
       121,        54,      1.00,              0.2647,                   0,              0.0074
       121,        55,      1.00,              1.3159,                   0,              0.0515
       121,        56,      1.00,              0.6469,                   0,              0.0588
       121,        57,      1.00,              0.0221,                   0,                   0
       121,        58,      1.00,              1.1027,                   0,              0.0809
       121,        59,      1.00,              0.3161,                   0,              0.0441
       121,        60,      1.00,              0.8307,                   0,              0.0147
       121,        61,      1.00,              1.1321,                   0,              0.0515
       121,        62,      1.00,              0.9777,                   0,              0.0221
       121,        63,      1.00,              0.4190,                   0,              0.0588
       121,        64,      1.00,              0.4558,                   0,              0.0809
       121,        65,      1.00,              1.4115,                   0,              0.0147
       121,        66,      1.00,              0.8895,                   0,              0.0147
       121,        67,      1.00,              1.2203,                   0,              0.0882
       121,        68,      1.00,              0.3896,                   0,              0.0221
       121,        69,      1.00,              0.3161,                   0,              0.0662
       121,        70,      1.00,              0.6763,                   0,              0.0074
       121,        71,      1.00,              0.6469,                   0,              0.0368
       121,        72,      1.00,              0.2279,                   0,              0.0221
       121,        73,      1.00,              0.0294,                   0,              0.0441
       121,        74,      1.00,              0.9630,                   0,              0.0294
       121,        75,      1.00,              1.4703,                   0,              0.1470
       121,        76,      1.00,              2.1393,                   0,              0.1103
       121,        77,      1.00,              0.5367,                   0,              0.0809
       121,        78,      1.00,              0.2058,                   0,              0.0074
       121,        79,      1.00,              1.2644,                   0,              0.0956
       121,        80,      1.00,              2.4774,                   0,              0.0882
       121,        81,      1.00,              1.8526,                   0,              0.0515
       121,        82,      1.00,              1.1248,                   0,              0.0147
       121,        83,      1.00,              5.3445,                   0,              0.2132
       121,        84,      1.00,             16.9745,                   0,              0.3382
       121,        85,      1.00,              8.2924,                   0,              0.1838
       121,        86,      1.00,              7.6823,                   0,              0.1911
       121,        87,      1.00,              0.6322,                   0,              0.0221
       121,        88,      1.00,              1.9481,                   0,              0.0515
       121,        89,      1.00,              4.2785,                   0,              0.1617
       121,        90,      1.00,              6.4472,                   0,              0.1544
       121,        91,      1.00,              3.6684,                   0,              0.1029
       121,        92,      1.00,             47.9682,                   0,              0.5146
       121,        93,      1.00,              4.9108,                   0,              0.0956
       121,        94,      1.00,              3.2934,                   0,              0.1838
       121,        95,      1.00,             37.9923,                   0,              0.4925
       121,        96,      1.00,              1.1468,                   0,              0.1103
       121,        97,      1.00,              0.1470,                   0,              0.0221
       121,        98,      1.00,              0.2720,                   0,              0.0368
       121,        99,      1.00,              0.1176,                   0,              0.0147
       121,       100,      1.00,              1.0733,                   0,              0.1985
       121,       101,      1.00,              0.8748,                   0,              0.0882
       121,       102,      1.00,              0.2058,                   0,              0.0147
       121,       103,      1.00,              4.7931,                   0,              0.1470
       121,       104,      1.00,              3.6684,                   0,              0.1691
       121,       105,      1.00,              1.4041,                   0,              0.0809
       121,       106,      1.00,              4.0801,                   0,              0.1029
       121,       107,      1.00,              5.2563,                   0,              0.0515
       121,       108,      1.00,              0.5881,                   0,              0.0294
       121,       109,      1.00,              1.9114,                   0,              0.0368
       121,       110,      1.00,              2.0731,                   0,              0.0368
       121,       111,      1.00,              1.3233,                   0,              0.0294
       121,       112,      1.00,              1.3453,                   0,              0.0368
       121,       114,      1.00,              2.2422,                   0,              0.1617
       121,       115,      1.00,                   0,                   0,              0.0882
       121,       116,      1.00,              0.9042,                   0,              0.0809
       121,       117,      1.00,             12.5563,                   0,              0.2352
       121,       118,      1.00,             17.8714,                   0,              0.2720
       121,       119,      1.00,             58.7013,                   0,              0.5661
       121,       120,      1.00,             37.2498,                   0,              0.2794
       121,       121,      1.00,            116.0499,                   0,              0.4852
       121,       122,      1.00,             22.5395,                   0,              0.3308
       121,       123,      1.00,             13.1223,                   0,              0.2941
       121,       124,      1.00,              6.2340,                   0,              0.2794
       121,       125,      1.00,              3.1317,                   0,              0.1544
       121,       126,      1.00,             50.1295,                   0,              0.6469
       121,       127,      1.00,             83.0052,                   0,              1.0145
       121,       128,      1.00,              7.3882,                   0,              0.2352
       121,       129,      1.00,              6.3149,                   0,              0.2205
       121,       130,      1.00,              3.8080,                   0,              0.1691
       121,       131,      1.00,              5.2783,                   0,              0.1323
       121,       132,      1.00,              2.8671,                   0,              0.1323
       121,       133,      1.00,              1.6394,                   0,              0.1250
       121,       134,      1.00,              1.7276,                   0,              0.1176
       121,       135,      1.00,              5.1681,                   0,              0.1617
       121,       136,      1.00,              3.3155,                   0,              0.1691
       121,       137,      1.00,              1.0733,                   0,              0.0662
       121,       138,      1.00,              2.2863,                   0,              0.1176
       121,       139,      1.00,              0.3455,                   0,              0.0368
       121,       140,      1.00,              3.0876,                   0,              0.2426
       121,       141,      1.00,              4.9622,                   0,              0.2573
       121,       142,      1.00,             10.5640,                   0,              0.2205
       121,       143,      1.00,              5.2195,                   0,              0.2499
       121,       144,      1.00,              0.5808,                   0,              0.0515
       121,       145,      1.00,              1.6835,                   0,              0.1176
       121,       146,      1.00,              3.4405,                   0,              0.3455
       121,       147,      1.00,              0.7719,                   0,              0.1470
       121,       148,      1.00,              3.7272,                   0,              0.2647
       121,       149,      1.00,              1.9334,                   0,              0.1838
       121,       150,      1.00,              2.0805,                   0,              0.1764
       121,       151,      1.00,              2.1099,                   0,              0.4852
       121,       152,      1.00,              0.7646,                   0,              0.1250
       121,       153,      1.00,              0.7351,                   0,              0.0956
       121,       154,      1.00,              4.6020,                   0,              0.4043
       121,       155,      1.00,              2.1834,                   0,              0.4190
       121,       156,      1.00,              0.3896,                   0,              0.0588
       121,       157,      1.00,              0.2647,                   0,              0.0294
       121,       158,      1.00,                   0,                   0,              0.0441
       121,       159,      1.00,              0.0074,                   0,              0.0294
       121,       160,      1.00,              0.6837,                   0,              0.0882
       121,       161,      1.00,              2.2495,                   0,              0.1764
       121,       162,      1.00,              2.0437,                   0,              0.1691
       121,       163,      1.00,              0.1250,                   0,              0.0147
       121,       164,      1.00,              2.0143,                   0,              0.1470
       121,       165,      1.00,              1.5217,                   0,              0.2058
       121,       166,      1.00,              1.9187,                   0,              0.2205
       121,       167,      1.00,              1.0880,                   0,              0.1250
       121,       168,      1.00,              0.8307,                   0,              0.0735
       121,       169,      1.00,              0.3676,                   0,              0.0368
       121,       170,      1.00,              0.8234,                   0,              0.1691
       121,       171,      1.00,                   0,                   0,              0.0294
       121,       172,      1.00,              1.1395,                   0,              0.1323
       121,       173,      1.00,              0.1397,                   0,                   0
       121,       174,      1.00,              0.4852,                   0,              0.0588
       121,       175,      1.00,              0.6469,                   0,              0.0882
       121,       176,      1.00,              0.0588,                   0,                   0
       121,       177,      1.00,              0.6616,                   0,              0.0882
       121,       178,      1.00,              1.8599,                   0,              0.1911
       121,       179,      1.00,              1.2792,                   0,              0.1911
       121,       180,      1.00,              0.2647,                   0,              0.0147
       121,       181,      1.00,              0.5440,                   0,              0.0735
       121,       182,      1.00,              1.5659,                   0,              0.1397
       121,       183,      1.00,              0.4117,                   0,              0.0074
       121,       184,      1.00,              0.3161,                   0,              0.0221
       121,       185,      1.00,              0.3676,                   0,              0.0074
       121,       186,      1.00,              0.1250,                   0,              0.0074
       121,       187,      1.00,              0.0662,                   0,                   0
       121,       188,      1.00,              0.3896,                   0,              0.0221
       121,       189,      1.00,              0.1250,                   0,                   0
       121,       190,      1.00,              0.1985,                   0,              0.0074
       121,       191,      1.00,              0.0147,                   0,              0.0221
       121,       192,      1.00,              0.1617,                   0,              0.0147
       121,       193,      1.00,              0.0441,                   0,                   0
       121,       194,      1.00,              0.0441,                   0,                   0
       121,       195,      1.00,              0.3088,                   0,              0.0074
       121,       196,      1.00,              0.1764,                   0,              0.0147
       121,       197,      1.00,              0.0221,                   0,                   0
       121,       198,      1.00,              0.0588,                   0,              0.0074
       121,       199,      1.00,              0.0147,                   0,                   0
       121,       200,      1.00,                   0,                   0,              0.0074
       121,       201,      1.00,              0.0882,                   0,              0.0074
       121,       202,      1.00,              0.0294,                   0,                   0
       121,       203,      1.00,              0.0662,                   0,              0.0074
       121,       204,      1.00,                   0,                   0,              0.0074
       121,       206,      1.00,              0.0221,                   0,                   0
       121,       207,      1.00,              0.0809,                   0,              0.0074
       121,       208,      1.00,              1.0586,                   0,              0.0588
       121,       209,      1.00,              1.5732,                   0,              0.1764
       121,       210,      1.00,              1.0292,                   0,              0.0882
       121,       211,      1.00,              0.5367,                   0,              0.0515
       121,       212,      1.00,              0.0441,                   0,              0.0294
       121,       213,      1.00,              0.5514,                   0,              0.0515
       121,       214,      1.00,              0.1544,                   0,              0.0147
       121,       218,      1.00,                   0,                   0,              0.0074
       121,       219,      1.00,                   0,                   0,              0.0074
       121,       224,      1.00,                   0,                   0,              0.0368
       121,       226,      1.00,                   0,                   0,              0.0294
       121,       228,      1.00,                   0,                   0,              0.0074
       122,         1,      1.00,              0.1470,                   0,                   0
       122,         2,      1.00,              0.3088,                   0,                   0
       122,         3,      1.00,              0.2058,                   0,                   0
       122,         5,      1.00,              0.1103,                   0,                   0
       122,         6,      1.00,              0.6469,                   0,                   0
       122,         7,      1.00,              0.6469,                   0,                   0
       122,         8,      1.00,              0.2941,                   0,              0.0074
       122,         9,      1.00,                   0,                   0,              0.0074
       122,        11,      1.00,              0.0221,                   0,                   0
       122,        12,      1.00,              0.2058,                   0,              0.0074
       122,        13,      1.00,              0.7866,                   0,              0.0074
       122,        14,      1.00,              1.1395,                   0,              0.0074
       122,        15,      1.00,              1.2571,                   0,              0.0294
       122,        16,      1.00,              0.2058,                   0,                   0
       122,        17,      1.00,              0.5146,                   0,              0.0074
       122,        18,      1.00,              0.3602,                   0,                   0
       122,        19,      1.00,              0.4117,                   0,              0.0074
       122,        20,      1.00,              0.0147,                   0,                   0
       122,        21,      1.00,                   0,                   0,              0.0074
       122,        22,      1.00,              0.2058,                   0,                   0
       122,        23,      1.00,              0.0074,                   0,                   0
       122,        24,      1.00,              0.4190,                   0,              0.0074
       122,        26,      1.00,              0.6175,                   0,                   0
       122,        27,      1.00,              0.6322,                   0,              0.0074
       122,        28,      1.00,              1.0366,                   0,              0.0294
       122,        29,      1.00,              0.0074,                   0,              0.0074
       122,        30,      1.00,              0.2132,                   0,              0.0074
       122,        31,      1.00,              0.3161,                   0,              0.0074
       122,        32,      1.00,              0.3161,                   0,              0.0147
       122,        33,      1.00,              0.6322,                   0,              0.0294
       122,        34,      1.00,              0.4117,                   0,              0.0074
       122,        35,      1.00,              0.4117,                   0,                   0
       122,        36,      1.00,              0.0074,                   0,              0.0147
       122,        37,      1.00,              0.1176,                   0,              0.0074
       122,        38,      1.00,              0.2132,                   0,              0.0074
       122,        39,      1.00,              0.0147,                   0,              0.0294
       122,        40,      1.00,              0.2205,                   0,              0.0074
       122,        41,      1.00,              0.2867,                   0,              0.0515
       122,        42,      1.00,              0.2720,                   0,              0.0074
       122,        43,      1.00,              0.4190,                   0,              0.0221
       122,        44,      1.00,              0.8381,                   0,              0.0662
       122,        45,      1.00,              2.0437,                   0,              0.1103
       122,        46,      1.00,              1.3233,                   0,              0.1103
       122,        47,      1.00,              0.1176,                   0,              0.0221
       122,        48,      1.00,                   0,                   0,              0.0147
       122,        49,      1.00,              0.0221,                   0,              0.0441
       122,        50,      1.00,              0.0074,                   0,              0.0882
       122,        51,      1.00,              0.0074,                   0,                   0
       122,        52,      1.00,              0.4778,                   0,              0.0368
       122,        53,      1.00,              0.2058,                   0,                   0
       122,        54,      1.00,              0.8234,                   0,              0.0074
       122,        55,      1.00,              1.2497,                   0,              0.0368
       122,        56,      1.00,              1.0071,                   0,              0.0441
       122,        57,      1.00,              0.0368,                   0,                   0
       122,        58,      1.00,              0.5293,                   0,              0.0662
       122,        59,      1.00,              1.3600,                   0,              0.0221
       122,        60,      1.00,              0.6249,                   0,              0.0147
       122,        61,      1.00,              1.2718,                   0,              0.0441
       122,        62,      1.00,              1.2056,                   0,              0.0221
       122,        63,      1.00,              0.2132,                   0,              0.0441
       122,        64,      1.00,              0.8381,                   0,              0.0588
       122,        65,      1.00,              0.6984,                   0,              0.0515
       122,        66,      1.00,              0.6910,                   0,              0.0147
       122,        67,      1.00,              2.6465,                   0,              0.0735
       122,        68,      1.00,              0.4925,                   0,              0.0221
       122,        69,      1.00,              1.2056,                   0,              0.0588
       122,        70,      1.00,              0.5808,                   0,              0.0074
       122,        71,      1.00,              1.1395,                   0,              0.0294
       122,        72,      1.00,              0.4117,                   0,              0.0221
       122,        73,      1.00,              0.8454,                   0,              0.0588
       122,        74,      1.00,              0.6910,                   0,              0.0368
       122,        75,      1.00,              2.1246,                   0,              0.1470
       122,        76,      1.00,              2.6024,                   0,              0.0368
       122,        77,      1.00,              0.6249,                   0,              0.0441
       122,        78,      1.00,              0.2058,                   0,                   0
       122,        79,      1.00,              4.4697,                   0,              0.0956
       122,        80,      1.00,              7.1971,                   0,              0.0956
       122,        81,      1.00,              0.9924,                   0,              0.0882
       122,        82,      1.00,              1.0439,                   0,              0.0147
       122,        83,      1.00,              5.4401,                   0,              0.1985
       122,        84,      1.00,              7.8660,                   0,              0.2205
       122,        85,      1.00,              4.8740,                   0,              0.1691
       122,        86,      1.00,              7.9396,                   0,              0.1103
       122,        87,      1.00,              1.9922,                   0,              0.0221
       122,        88,      1.00,              6.7339,                   0,              0.0441
       122,        89,      1.00,             11.3212,                   0,              0.1029
       122,        90,      1.00,             10.8728,                   0,              0.1397
       122,        91,      1.00,              1.9408,                   0,              0.0809
       122,        92,      1.00,             17.7537,                   0,              0.2867
       122,        93,      1.00,              2.6171,                   0,              0.0662
       122,        94,      1.00,              7.5940,                   0,              0.1470
       122,        95,      1.00,             55.4373,                   0,              0.4484
       122,        96,      1.00,              4.1830,                   0,              0.0662
       122,        97,      1.00,              0.5661,                   0,              0.0147
       122,        98,      1.00,              1.0880,                   0,              0.0147
       122,        99,      1.00,              0.7866,                   0,              0.0074
       122,       100,      1.00,              1.7349,                   0,              0.1176
       122,       101,      1.00,              0.1911,                   0,              0.0368
       122,       102,      1.00,              1.1395,                   0,              0.0074
       122,       103,      1.00,             12.0637,                   0,              0.2205
       122,       104,      1.00,              8.9688,                   0,              0.1176
       122,       105,      1.00,              4.9034,                   0,              0.1029
       122,       106,      1.00,              8.5938,                   0,              0.1470
       122,       107,      1.00,              9.0276,                   0,              0.0735
       122,       108,      1.00,              2.5510,                   0,              0.0441
       122,       109,      1.00,              3.8816,                   0,              0.0515
       122,       110,      1.00,              5.0431,                   0,              0.0368
       122,       111,      1.00,              5.9767,                   0,              0.0221
       122,       112,      1.00,              0.4264,                   0,              0.0221
       122,       113,      1.00,              0.2058,                   0,                   0
       122,       114,      1.00,              4.5652,                   0,              0.2647
       122,       115,      1.00,                   0,                   0,              0.0515
       122,       116,      1.00,              0.7498,                   0,              0.0956
       122,       117,      1.00,             17.0921,                   0,              0.4043
       122,       118,      1.00,             28.0090,                   0,              0.5072
       122,       119,      1.00,             12.0270,                   0,              0.2794
       122,       120,      1.00,             11.0492,                   0,              0.1617
       122,       121,      1.00,             22.3631,                   0,              0.3308
       122,       122,      1.00,             80.0205,                   0,              0.3014
       122,       123,      1.00,             26.8034,                   0,              0.3529
       122,       124,      1.00,              6.7192,                   0,              0.3088
       122,       125,      1.00,              3.1464,                   0,              0.2352
       122,       126,      1.00,              7.0721,                   0,              0.3382
       122,       127,      1.00,             20.9002,                   0,              0.5367
       122,       128,      1.00,              3.0214,                   0,              0.1470
       122,       129,      1.00,              5.9253,                   0,              0.0956
       122,       130,      1.00,              2.5730,                   0,              0.0735
       122,       131,      1.00,              3.0361,                   0,              0.1544
       122,       132,      1.00,              2.0878,                   0,              0.0735
       122,       133,      1.00,              1.3306,                   0,              0.0956
       122,       134,      1.00,              0.8601,                   0,              0.1103
       122,       135,      1.00,              3.2493,                   0,              0.2941
       122,       136,      1.00,              3.2640,                   0,              0.2720
       122,       137,      1.00,              1.5806,                   0,              0.1323
       122,       138,      1.00,              1.6908,                   0,              0.2205
       122,       139,      1.00,              0.2279,                   0,              0.0368
       122,       140,      1.00,              3.1979,                   0,              0.2426
       122,       141,      1.00,              2.7862,                   0,              0.1544
       122,       142,      1.00,              3.3229,                   0,              0.1103
       122,       143,      1.00,              4.2859,                   0,              0.1691
       122,       144,      1.00,              0.4484,                   0,              0.0294
       122,       145,      1.00,              1.4335,                   0,              0.0662
       122,       146,      1.00,              3.1538,                   0,              0.3235
       122,       147,      1.00,              0.7204,                   0,              0.0956
       122,       148,      1.00,              3.2052,                   0,              0.1470
       122,       149,      1.00,              1.1689,                   0,              0.1250
       122,       150,      1.00,              1.2424,                   0,              0.1323
       122,       151,      1.00,              1.4776,                   0,              0.2279
       122,       152,      1.00,              0.5293,                   0,              0.0809
       122,       153,      1.00,              0.4264,                   0,              0.0662
       122,       154,      1.00,              2.7200,                   0,              0.2941
       122,       155,      1.00,              1.8746,                   0,              0.2499
       122,       156,      1.00,              0.2205,                   0,              0.0294
       122,       157,      1.00,              0.1103,                   0,              0.0294
       122,       158,      1.00,                   0,                   0,              0.0735
       122,       159,      1.00,              0.0074,                   0,              0.0294
       122,       160,      1.00,              0.6910,                   0,              0.0809
       122,       161,      1.00,              1.4923,                   0,              0.1250
       122,       162,      1.00,              0.9483,                   0,              0.3235
       122,       163,      1.00,              0.0515,                   0,              0.0221
       122,       164,      1.00,              1.4335,                   0,              0.2499
       122,       165,      1.00,              1.0219,                   0,              0.1323
       122,       166,      1.00,              1.6835,                   0,              0.1397
       122,       167,      1.00,              0.7425,                   0,              0.0809
       122,       168,      1.00,              0.4117,                   0,              0.0515
       122,       169,      1.00,              0.2573,                   0,              0.0294
       122,       170,      1.00,              0.6322,                   0,              0.1103
       122,       171,      1.00,                   0,                   0,              0.0147
       122,       172,      1.00,              0.9410,                   0,              0.0515
       122,       173,      1.00,              0.0221,                   0,                   0
       122,       174,      1.00,              0.6249,                   0,              0.0221
       122,       175,      1.00,              0.8013,                   0,              0.0515
       122,       177,      1.00,              0.5146,                   0,              0.0662
       122,       178,      1.00,              0.9189,                   0,              0.1029
       122,       179,      1.00,              0.9189,                   0,              0.1397
       122,       180,      1.00,              0.0956,                   0,              0.0074
       122,       181,      1.00,              0.4043,                   0,              0.0294
       122,       182,      1.00,              1.0366,                   0,              0.0662
       122,       183,      1.00,              0.1323,                   0,              0.0074
       122,       184,      1.00,              0.2720,                   0,              0.0147
       122,       185,      1.00,              0.2867,                   0,              0.0074
       122,       186,      1.00,                   0,                   0,              0.0074
       122,       187,      1.00,              0.0588,                   0,                   0
       122,       188,      1.00,              0.4190,                   0,              0.0221
       122,       190,      1.00,              0.0074,                   0,              0.0074
       122,       191,      1.00,                   0,                   0,              0.0074
       122,       192,      1.00,              0.5146,                   0,              0.0147
       122,       195,      1.00,              0.3088,                   0,              0.0074
       122,       196,      1.00,              0.0588,                   0,              0.0147
       122,       198,      1.00,                   0,                   0,              0.0074
       122,       200,      1.00,                   0,                   0,              0.0074
       122,       201,      1.00,                   0,                   0,              0.0074
       122,       204,      1.00,                   0,                   0,              0.0074
       122,       206,      1.00,              0.2058,                   0,                   0
       122,       208,      1.00,              1.0586,                   0,              0.0441
       122,       209,      1.00,              1.3894,                   0,              0.1176
       122,       210,      1.00,              1.7790,                   0,              0.0662
       122,       211,      1.00,              0.0147,                   0,              0.0809
       122,       212,      1.00,              0.2352,                   0,              0.0368
       122,       213,      1.00,              0.4411,                   0,              0.1397
       122,       214,      1.00,              0.0662,                   0,              0.0294
       122,       218,      1.00,                   0,                   0,              0.0074
       122,       219,      1.00,                   0,                   0,              0.0074
       122,       224,      1.00,                   0,                   0,              0.0368
       122,       226,      1.00,                   0,                   0,              0.0294
       122,       227,      1.00,                   0,                   0,              0.0074
       122,       228,      1.00,                   0,                   0,              0.0074
       123,         4,      1.00,              0.4117,                   0,                   0
       123,         5,      1.00,              0.1617,                   0,              0.0074
       123,         6,      1.00,              0.0294,                   0,              0.0074
       123,         7,      1.00,              0.3602,                   0,              0.0147
       123,         8,      1.00,              0.6396,                   0,              0.0368
       123,         9,      1.00,              0.8454,                   0,              0.0147
       123,        11,      1.00,              0.1029,                   0,              0.0074
       123,        12,      1.00,              0.4117,                   0,              0.0221
       123,        13,      1.00,              0.7278,                   0,              0.0294
       123,        14,      1.00,              0.9998,                   0,              0.0515
       123,        15,      1.00,              0.7425,                   0,              0.0588
       123,        17,      1.00,              0.3676,                   0,              0.0074
       123,        18,      1.00,              0.2058,                   0,                   0
       123,        19,      1.00,              0.1911,                   0,              0.0147
       123,        20,      1.00,              0.0441,                   0,                   0
       123,        21,      1.00,              0.4117,                   0,              0.0147
       123,        22,      1.00,                   0,                   0,              0.0074
       123,        23,      1.00,              0.6175,                   0,              0.0294
       123,        24,      1.00,              0.2132,                   0,              0.0221
       123,        25,      1.00,              0.0662,                   0,                   0
       123,        26,      1.00,              0.2058,                   0,              0.0074
       123,        27,      1.00,              0.2132,                   0,              0.0294
       123,        28,      1.00,              0.3235,                   0,              0.0515
       123,        29,      1.00,              0.4117,                   0,              0.0147
       123,        30,      1.00,              0.0074,                   0,              0.0147
       123,        31,      1.00,              0.2720,                   0,              0.0147
       123,        32,      1.00,              0.6249,                   0,              0.0368
       123,        33,      1.00,              0.9336,                   0,              0.0294
       123,        34,      1.00,                   0,                   0,              0.0074
       123,        35,      1.00,              0.2132,                   0,              0.0294
       123,        36,      1.00,              0.0074,                   0,              0.0294
       123,        37,      1.00,              0.2205,                   0,              0.0294
       123,        38,      1.00,              0.0074,                   0,              0.0221
       123,        39,      1.00,              0.2205,                   0,              0.0441
       123,        40,      1.00,              0.0735,                   0,              0.0221
       123,        41,      1.00,              0.2205,                   0,              0.0662
       123,        42,      1.00,              0.4117,                   0,              0.0147
       123,        43,      1.00,              0.3161,                   0,              0.0294
       123,        44,      1.00,              0.4264,                   0,              0.0956
       123,        45,      1.00,              0.8528,                   0,              0.1691
       123,        46,      1.00,              0.1764,                   0,              0.1397
       123,        47,      1.00,              0.3749,                   0,              0.0294
       123,        48,      1.00,                   0,                   0,              0.0147
       123,        49,      1.00,              0.0221,                   0,              0.0515
       123,        50,      1.00,              0.0074,                   0,              0.0956
       123,        51,      1.00,              0.0074,                   0,                   0
       123,        52,      1.00,              0.4190,                   0,              0.0441
       123,        54,      1.00,              0.2132,                   0,              0.0074
       123,        55,      1.00,              0.4925,                   0,              0.0515
       123,        56,      1.00,              0.2132,                   0,              0.0662
       123,        57,      1.00,              0.0074,                   0,                   0
       123,        58,      1.00,              0.4264,                   0,              0.0809
       123,        59,      1.00,              0.2132,                   0,              0.0368
       123,        60,      1.00,              0.8307,                   0,              0.0221
       123,        61,      1.00,              1.4556,                   0,              0.0368
       123,        62,      1.00,              1.3453,                   0,              0.0294
       123,        63,      1.00,              0.8307,                   0,              0.0294
       123,        64,      1.00,              0.6322,                   0,              0.0368
       123,        65,      1.00,              1.7202,                   0,              0.0515
       123,        66,      1.00,              0.8307,                   0,              0.0294
       123,        67,      1.00,              2.2716,                   0,              0.0735
       123,        68,      1.00,              0.8013,                   0,              0.0221
       123,        69,      1.00,              0.6910,                   0,              0.0368
       123,        70,      1.00,              0.2132,                   0,              0.0074
       123,        71,      1.00,              0.4190,                   0,              0.0294
       123,        72,      1.00,              1.3380,                   0,              0.0147
       123,        73,      1.00,              0.2352,                   0,              0.0588
       123,        74,      1.00,              1.0366,                   0,              0.0294
       123,        75,      1.00,              2.1246,                   0,              0.0662
       123,        76,      1.00,              3.6757,                   0,              0.0294
       123,        77,      1.00,              2.0584,                   0,              0.0221
       123,        78,      1.00,              0.2058,                   0,                   0
       123,        79,      1.00,              7.6014,                   0,              0.0735
       123,        80,      1.00,              6.6678,                   0,              0.0515
       123,        81,      1.00,              0.8528,                   0,              0.0441
       123,        82,      1.00,              0.2205,                   0,              0.0294
       123,        83,      1.00,              3.5287,                   0,              0.1838
       123,        84,      1.00,              5.2857,                   0,              0.2279
       123,        85,      1.00,              2.9259,                   0,              0.1617
       123,        86,      1.00,              4.7196,                   0,              0.1911
       123,        87,      1.00,              1.2497,                   0,              0.0294
       123,        88,      1.00,              1.7202,                   0,              0.0441
       123,        89,      1.00,              3.0509,                   0,              0.1250
       123,        90,      1.00,              6.1238,                   0,              0.1617
       123,        91,      1.00,              1.4409,                   0,              0.0735
       123,        92,      1.00,              9.6377,                   0,              0.2573
       123,        93,      1.00,              1.0513,                   0,              0.0588
       123,        94,      1.00,              2.7788,                   0,              0.1470
       123,        95,      1.00,             21.5985,                   0,              0.4264
       123,        96,      1.00,              1.4041,                   0,              0.0221
       123,        97,      1.00,              0.4778,                   0,              0.0147
       123,        98,      1.00,              1.2865,                   0,              0.0147
       123,        99,      1.00,              1.2350,                   0,              0.0147
       123,       100,      1.00,              5.0872,                   0,              0.1470
       123,       101,      1.00,              1.7349,                   0,              0.0515
       123,       102,      1.00,              1.1983,                   0,              0.0147
       123,       103,      1.00,             16.8789,                   0,              0.1838
       123,       104,      1.00,              6.9765,                   0,              0.0662
       123,       105,      1.00,              5.3813,                   0,              0.0956
       123,       106,      1.00,              9.7480,                   0,              0.1176
       123,       107,      1.00,             10.7184,                   0,              0.0735
       123,       108,      1.00,              0.8454,                   0,              0.0368
       123,       109,      1.00,              5.6165,                   0,              0.0515
       123,       110,      1.00,              6.2120,                   0,              0.0147
       123,       111,      1.00,              2.2789,                   0,              0.0147
       123,       112,      1.00,              0.4264,                   0,              0.0515
       123,       114,      1.00,              5.9032,                   0,              0.1985
       123,       115,      1.00,                   0,                   0,              0.0662
       123,       116,      1.00,              1.8452,                   0,              0.0809
       123,       117,      1.00,             29.9571,                   0,              0.3088
       123,       118,      1.00,             74.9848,                   0,              0.3382
       123,       119,      1.00,              7.4103,                   0,              0.2647
       123,       120,      1.00,              6.2414,                   0,              0.1617
       123,       121,      1.00,             15.4380,                   0,              0.2941
       123,       122,      1.00,             27.6635,                   0,              0.3529
       123,       123,      1.00,             77.9180,                   0,              0.2058
       123,       124,      1.00,             16.6804,                   0,              0.3235
       123,       125,      1.00,              7.2338,                   0,              0.1911
       123,       126,      1.00,              6.6090,                   0,              0.3676
       123,       127,      1.00,             16.7319,                   0,              0.4999
       123,       128,      1.00,              2.6759,                   0,              0.1397
       123,       129,      1.00,              6.2781,                   0,              0.1323
       123,       130,      1.00,              3.9183,                   0,              0.0662
       123,       131,      1.00,             10.8213,                   0,              0.1103
       123,       132,      1.00,              2.6245,                   0,              0.0882
       123,       133,      1.00,              1.7938,                   0,              0.0882
       123,       134,      1.00,              1.5659,                   0,              0.0588
       123,       135,      1.00,              6.4913,                   0,              0.1764
       123,       136,      1.00,              3.2934,                   0,              0.2058
       123,       137,      1.00,              1.8379,                   0,              0.0809
       123,       138,      1.00,              2.6686,                   0,              0.1250
       123,       139,      1.00,              0.2058,                   0,              0.0294
       123,       140,      1.00,              4.5505,                   0,              0.1544
       123,       141,      1.00,              3.3302,                   0,              0.1470
       123,       142,      1.00,              3.0803,                   0,              0.1103
       123,       143,      1.00,              5.4548,                   0,              0.2426
       123,       144,      1.00,              0.8013,                   0,              0.0515
       123,       145,      1.00,              1.3380,                   0,              0.0735
       123,       146,      1.00,              4.8961,                   0,              0.3896
       123,       147,      1.00,              0.8528,                   0,              0.1470
       123,       148,      1.00,              3.2861,                   0,              0.1323
       123,       149,      1.00,              1.8452,                   0,              0.1323
       123,       150,      1.00,              1.7129,                   0,              0.1176
       123,       151,      1.00,              1.7938,                   0,              0.2132
       123,       152,      1.00,              0.6102,                   0,              0.0662
       123,       153,      1.00,              0.3455,                   0,              0.0662
       123,       154,      1.00,              2.5289,                   0,              0.3014
       123,       155,      1.00,              1.8746,                   0,              0.2647
       123,       156,      1.00,              0.3823,                   0,              0.0294
       123,       157,      1.00,              0.2132,                   0,              0.0221
       123,       158,      1.00,                   0,                   0,              0.0735
       123,       159,      1.00,              0.2132,                   0,              0.0294
       123,       160,      1.00,              0.8013,                   0,              0.0441
       123,       161,      1.00,              2.0364,                   0,              0.1103
       123,       162,      1.00,              3.3302,                   0,              0.2058
       123,       163,      1.00,              0.0074,                   0,              0.0147
       123,       164,      1.00,              2.2054,                   0,              0.1397
       123,       165,      1.00,              1.2203,                   0,              0.1250
       123,       166,      1.00,              2.3304,                   0,              0.1617
       123,       167,      1.00,              1.3527,                   0,              0.1176
       123,       168,      1.00,              0.8748,                   0,              0.0515
       123,       169,      1.00,              0.3896,                   0,              0.0294
       123,       170,      1.00,              1.1542,                   0,              0.0882
       123,       171,      1.00,                   0,                   0,              0.0221
       123,       172,      1.00,              2.2863,                   0,              0.0882
       123,       173,      1.00,              0.0294,                   0,                   0
       123,       174,      1.00,              0.2867,                   0,              0.0368
       123,       175,      1.00,              1.3306,                   0,              0.0588
       123,       176,      1.00,              0.0515,                   0,                   0
       123,       177,      1.00,              0.8307,                   0,              0.0588
       123,       178,      1.00,              0.9483,                   0,              0.1103
       123,       179,      1.00,              1.5879,                   0,              0.1397
       123,       180,      1.00,              0.0735,                   0,              0.0147
       123,       181,      1.00,              0.7719,                   0,              0.0368
       123,       182,      1.00,              1.0807,                   0,              0.0882
       123,       183,      1.00,              0.1838,                   0,              0.0147
       123,       184,      1.00,              0.3014,                   0,              0.0294
       123,       185,      1.00,              0.6175,                   0,              0.0294
       123,       186,      1.00,              0.4117,                   0,              0.0147
       123,       187,      1.00,              0.2058,                   0,              0.0074
       123,       188,      1.00,              0.9336,                   0,              0.0515
       123,       189,      1.00,              0.1029,                   0,              0.0074
       123,       190,      1.00,              0.2132,                   0,              0.0221
       123,       191,      1.00,                   0,                   0,              0.0147
       123,       192,      1.00,              0.2720,                   0,              0.0221
       123,       193,      1.00,              0.0809,                   0,              0.0074
       123,       194,      1.00,                   0,                   0,              0.0074
       123,       195,      1.00,              0.5146,                   0,              0.0147
       123,       196,      1.00,              0.1029,                   0,              0.0147
       123,       198,      1.00,                   0,                   0,              0.0074
       123,       199,      1.00,              0.0441,                   0,                   0
       123,       200,      1.00,                   0,                   0,              0.0074
       123,       201,      1.00,              0.1250,                   0,              0.0074
       123,       202,      1.00,              0.1617,                   0,              0.0074
       123,       203,      1.00,                   0,                   0,              0.0074
       123,       204,      1.00,                   0,                   0,              0.0074
       123,       206,      1.00,              0.4117,                   0,                   0
       123,       207,      1.00,                   0,                   0,              0.0074
       123,       208,      1.00,              0.5220,                   0,              0.0662
       123,       209,      1.00,              0.9116,                   0,              0.1617
       123,       210,      1.00,              1.4188,                   0,              0.0809
       123,       211,      1.00,              0.1250,                   0,              0.0588
       123,       212,      1.00,              0.2499,                   0,              0.0441
       123,       213,      1.00,              2.7421,                   0,              0.0809
       123,       214,      1.00,              0.0074,                   0,              0.0221
       123,       218,      1.00,                   0,                   0,              0.0074
       123,       219,      1.00,                   0,                   0,              0.0074
       123,       224,      1.00,                   0,                   0,              0.0368
       123,       226,      1.00,                   0,                   0,              0.0294
       123,       227,      1.00,                   0,                   0,              0.0074
       123,       228,      1.00,                   0,                   0,              0.0074
       124,         1,      1.00,              0.1029,                   0,                   0
       124,         2,      1.00,              0.1029,                   0,                   0
       124,         5,      1.00,              0.2058,                   0,                   0
       124,         6,      1.00,              0.3749,                   0,                   0
       124,         7,      1.00,              0.4117,                   0,              0.0074
       124,         8,      1.00,              0.0662,                   0,              0.0074
       124,         9,      1.00,              0.2058,                   0,              0.0074
       124,        11,      1.00,              0.0074,                   0,                   0
       124,        12,      1.00,              0.6469,                   0,              0.0074
       124,        13,      1.00,              0.7057,                   0,              0.0074
       124,        14,      1.00,              0.4852,                   0,              0.0074
       124,        15,      1.00,              0.7646,                   0,              0.0221
       124,        17,      1.00,              0.2058,                   0,                   0
       124,        19,      1.00,              0.3308,                   0,              0.0074
       124,        21,      1.00,              0.3088,                   0,              0.0221
       124,        23,      1.00,              0.2132,                   0,              0.0074
       124,        24,      1.00,              0.0074,                   0,              0.0074
       124,        27,      1.00,              0.0147,                   0,                   0
       124,        28,      1.00,              0.4264,                   0,              0.0294
       124,        29,      1.00,              0.0074,                   0,              0.0074
       124,        30,      1.00,              0.0735,                   0,              0.0147
       124,        31,      1.00,              0.2132,                   0,              0.0147
       124,        32,      1.00,              0.6249,                   0,              0.0074
       124,        33,      1.00,              0.4264,                   0,              0.0515
       124,        35,      1.00,              0.2132,                   0,                   0
       124,        36,      1.00,              0.0074,                   0,              0.0221
       124,        37,      1.00,              0.0147,                   0,                   0
       124,        38,      1.00,              0.4190,                   0,                   0
       124,        39,      1.00,              0.0147,                   0,              0.0147
       124,        40,      1.00,              0.2205,                   0,                   0
       124,        41,      1.00,              0.4337,                   0,              0.0368
       124,        42,      1.00,              0.2058,                   0,              0.0147
       124,        43,      1.00,              0.2132,                   0,              0.0221
       124,        44,      1.00,              0.0221,                   0,              0.0515
       124,        45,      1.00,              0.4558,                   0,              0.0735
       124,        46,      1.00,              0.2499,                   0,              0.0882
       124,        47,      1.00,              0.0074,                   0,              0.0221
       124,        48,      1.00,                   0,                   0,              0.0147
       124,        49,      1.00,              0.0221,                   0,              0.0221
       124,        50,      1.00,              0.0074,                   0,              0.0956
       124,        51,      1.00,              0.0074,                   0,                   0
       124,        52,      1.00,              0.2205,                   0,              0.0294
       124,        54,      1.00,              0.2132,                   0,                   0
       124,        55,      1.00,              0.0221,                   0,              0.0368
       124,        56,      1.00,              0.2279,                   0,              0.0294
       124,        57,      1.00,              0.0074,                   0,                   0
       124,        58,      1.00,              0.4337,                   0,              0.0662
       124,        59,      1.00,              0.1103,                   0,              0.0294
       124,        60,      1.00,              0.2132,                   0,              0.0147
       124,        61,      1.00,              0.8087,                   0,              0.0588
       124,        62,      1.00,              0.7351,                   0,              0.0294
       124,        63,      1.00,              1.1468,                   0,              0.0441
       124,        64,      1.00,              0.6396,                   0,              0.0441
       124,        65,      1.00,              0.8381,                   0,              0.0147
       124,        66,      1.00,              0.4264,                   0,              0.0074
       124,        67,      1.00,              2.0437,                   0,              0.0735
       124,        68,      1.00,              0.8822,                   0,              0.0147
       124,        69,      1.00,              0.0147,                   0,              0.0368
       124,        70,      1.00,              0.1103,                   0,              0.0074
       124,        71,      1.00,              0.0074,                   0,              0.0294
       124,        72,      1.00,              0.3161,                   0,              0.0441
       124,        73,      1.00,              0.2352,                   0,              0.0441
       124,        74,      1.00,              0.0735,                   0,              0.0147
       124,        75,      1.00,              1.5879,                   0,              0.0809
       124,        76,      1.00,              2.0878,                   0,              0.0368
       124,        77,      1.00,              0.4190,                   0,              0.0294
       124,        78,      1.00,              0.2058,                   0,              0.0074
       124,        79,      1.00,              4.1242,                   0,              0.0809
       124,        80,      1.00,              2.1907,                   0,              0.0368
       124,        81,      1.00,              0.7204,                   0,              0.0221
       124,        82,      1.00,              0.0221,                   0,              0.0074
       124,        83,      1.00,              1.3086,                   0,              0.0956
       124,        84,      1.00,              2.1466,                   0,              0.1397
       124,        85,      1.00,              1.1689,                   0,              0.0956
       124,        86,      1.00,              2.4333,                   0,              0.0956
       124,        87,      1.00,              0.6322,                   0,              0.0147
       124,        88,      1.00,              1.0366,                   0,              0.0147
       124,        89,      1.00,              0.7278,                   0,              0.0882
       124,        90,      1.00,              2.1025,                   0,              0.0735
       124,        91,      1.00,              1.0586,                   0,              0.0441
       124,        92,      1.00,              5.0504,                   0,              0.2205
       124,        93,      1.00,              1.2203,                   0,              0.0515
       124,        94,      1.00,              0.5661,                   0,              0.0735
       124,        95,      1.00,              9.2849,                   0,              0.2573
       124,        96,      1.00,              0.1691,                   0,              0.0221
       124,        97,      1.00,              0.2499,                   0,              0.0221
       124,        98,      1.00,              0.4558,                   0,              0.0147
       124,        99,      1.00,              0.7278,                   0,              0.0147
       124,       100,      1.00,              2.4407,                   0,              0.3088
       124,       101,      1.00,              0.6763,                   0,              0.0662
       124,       102,      1.00,              1.3527,                   0,              0.0147
       124,       103,      1.00,              8.2410,                   0,              0.2352
       124,       104,      1.00,              4.5138,                   0,              0.0441
       124,       105,      1.00,              4.5652,                   0,              0.1323
       124,       106,      1.00,              6.0870,                   0,              0.1544
       124,       107,      1.00,              6.6972,                   0,              0.1176
       124,       108,      1.00,              1.3894,                   0,              0.0515
       124,       109,      1.00,              2.3084,                   0,              0.0809
       124,       110,      1.00,              1.5070,                   0,              0.0074
       124,       111,      1.00,              0.8381,                   0,              0.0074
       124,       112,      1.00,              0.4337,                   0,              0.0074
       124,       114,      1.00,              3.1979,                   0,              0.2867
       124,       115,      1.00,              0.0074,                   0,              0.0956
       124,       116,      1.00,              3.3817,                   0,              0.2058
       124,       117,      1.00,             35.7574,                   0,              0.6616
       124,       118,      1.00,             47.2183,                   0,              0.5587
       124,       119,      1.00,              5.0946,                   0,              0.2867
       124,       120,      1.00,              3.6757,                   0,              0.1176
       124,       121,      1.00,              5.5430,                   0,              0.2794
       124,       122,      1.00,              9.9245,                   0,              0.3088
       124,       123,      1.00,             19.0697,                   0,              0.3529
       124,       124,      1.00,             37.6909,                   0,              0.5955
       124,       125,      1.00,             10.3067,                   0,              0.4117
       124,       126,      1.00,              5.4989,                   0,              0.6249
       124,       127,      1.00,             15.8203,                   0,              0.8160
       124,       128,      1.00,              3.6022,                   0,              0.2647
       124,       129,      1.00,              9.2996,                   0,              0.1397
       124,       130,      1.00,              7.7999,                   0,              0.1176
       124,       131,      1.00,              8.2924,                   0,              0.1691
       124,       132,      1.00,              5.1754,                   0,              0.1838
       124,       133,      1.00,              2.9994,                   0,              0.1470
       124,       134,      1.00,             12.2916,                   0,              0.1544
       124,       135,      1.00,             15.7689,                   0,              0.4117
       124,       136,      1.00,              8.9394,                   0,              0.4999
       124,       137,      1.00,              3.6316,                   0,              0.2058
       124,       138,      1.00,              5.0504,                   0,              0.3529
       124,       139,      1.00,              0.7057,                   0,              0.0515
       124,       140,      1.00,             10.5861,                   0,              0.4484
       124,       141,      1.00,              2.4039,                   0,              0.2647
       124,       142,      1.00,              4.9769,                   0,              0.1617
       124,       143,      1.00,              7.8955,                   0,              0.5072
       124,       144,      1.00,              1.0219,                   0,              0.1029
       124,       145,      1.00,              1.5659,                   0,              0.1470
       124,       146,      1.00,             11.6079,                   0,              0.6175
       124,       147,      1.00,              1.8011,                   0,              0.2647
       124,       148,      1.00,              2.4480,                   0,              0.2499
       124,       149,      1.00,              2.0952,                   0,              0.3602
       124,       150,      1.00,              1.3821,                   0,              0.1985
       124,       151,      1.00,              1.3968,                   0,              0.3382
       124,       152,      1.00,              0.4558,                   0,              0.1029
       124,       153,      1.00,              0.3823,                   0,              0.0882
       124,       154,      1.00,              3.1023,                   0,              0.3896
       124,       155,      1.00,              1.6100,                   0,              0.3455
       124,       156,      1.00,              0.2867,                   0,              0.0441
       124,       157,      1.00,              0.3235,                   0,              0.0368
       124,       158,      1.00,                   0,                   0,              0.1250
       124,       159,      1.00,              0.3382,                   0,              0.0441
       124,       160,      1.00,              1.9114,                   0,              0.1397
       124,       161,      1.00,              3.3596,                   0,              0.2573
       124,       162,      1.00,              6.9618,                   0,              0.4337
       124,       163,      1.00,              0.2132,                   0,              0.0368
       124,       164,      1.00,              2.8377,                   0,              0.3235
       124,       165,      1.00,              1.1909,                   0,              0.1985
       124,       166,      1.00,              2.2275,                   0,              0.2794
       124,       167,      1.00,              2.5510,                   0,              0.2720
       124,       168,      1.00,              3.1391,                   0,              0.1323
       124,       169,      1.00,              0.9557,                   0,              0.0588
       124,       170,      1.00,              1.9040,                   0,              0.1029
       124,       171,      1.00,                   0,                   0,              0.0221
       124,       172,      1.00,              2.8083,                   0,              0.0956
       124,       173,      1.00,              0.0662,                   0,                   0
       124,       174,      1.00,              0.9336,                   0,              0.0294
       124,       175,      1.00,              1.1027,                   0,              0.0662
       124,       176,      1.00,              0.1470,                   0,                   0
       124,       177,      1.00,              2.6833,                   0,              0.1397
       124,       178,      1.00,              1.2939,                   0,              0.1470
       124,       179,      1.00,              2.4774,                   0,              0.2941
       124,       180,      1.00,              0.1397,                   0,              0.0441
       124,       181,      1.00,              1.1836,                   0,              0.0735
       124,       182,      1.00,              1.5659,                   0,              0.4337
       124,       183,      1.00,              0.4999,                   0,              0.0147
       124,       184,      1.00,              0.0294,                   0,              0.0221
       124,       185,      1.00,              0.9557,                   0,                   0
       124,       186,      1.00,              0.0735,                   0,                   0
       124,       187,      1.00,              0.2132,                   0,                   0
       124,       188,      1.00,              0.6102,                   0,              0.0368
       124,       189,      1.00,              0.3161,                   0,                   0
       124,       190,      1.00,              0.2279,                   0,              0.0074
       124,       191,      1.00,                   0,                   0,              0.0147
       124,       192,      1.00,              0.0074,                   0,              0.0221
       124,       193,      1.00,              0.0809,                   0,              0.0074
       124,       194,      1.00,              0.0074,                   0,                   0
       124,       195,      1.00,              0.7940,                   0,              0.0074
       124,       196,      1.00,              0.2720,                   0,              0.0294
       124,       197,      1.00,                   0,                   0,              0.0074
       124,       198,      1.00,              0.0662,                   0,              0.0147
       124,       200,      1.00,                   0,                   0,              0.0147
       124,       201,      1.00,              0.3382,                   0,              0.0147
       124,       202,      1.00,                   0,                   0,              0.0074
       124,       203,      1.00,                   0,                   0,              0.0074
       124,       204,      1.00,              0.2058,                   0,              0.0147
       124,       207,      1.00,                   0,                   0,              0.0074
       124,       208,      1.00,              0.4043,                   0,              0.0294
       124,       209,      1.00,              0.6690,                   0,              0.0956
       124,       210,      1.00,              0.2279,                   0,              0.0588
       124,       211,      1.00,              0.9851,                   0,              0.1103
       124,       212,      1.00,              0.3308,                   0,              0.1323
       124,       213,      1.00,              2.3745,                   0,              0.1764
       124,       214,      1.00,              0.2573,                   0,              0.0441
       124,       218,      1.00,                   0,                   0,              0.0074
       124,       219,      1.00,                   0,                   0,              0.0074
       124,       224,      1.00,                   0,                   0,              0.0588
       124,       226,      1.00,              0.0074,                   0,              0.0515
       124,       227,      1.00,                   0,                   0,              0.0074
       124,       228,      1.00,                   0,                   0,              0.0074
       125,         6,      1.00,              0.0662,                   0,                   0
       125,         7,      1.00,              0.4484,                   0,                   0
       125,         8,      1.00,              0.4852,                   0,              0.0074
       125,         9,      1.00,              0.2058,                   0,                   0
       125,        11,      1.00,              0.0368,                   0,                   0
       125,        12,      1.00,                   0,                   0,              0.0074
       125,        13,      1.00,              0.2058,                   0,                   0
       125,        14,      1.00,              0.4190,                   0,                   0
       125,        15,      1.00,              0.6028,                   0,              0.0074
       125,        17,      1.00,              0.2058,                   0,                   0
       125,        18,      1.00,              0.2058,                   0,                   0
       125,        19,      1.00,              0.1250,                   0,                   0
       125,        21,      1.00,              0.3088,                   0,              0.0221
       125,        22,      1.00,              0.3088,                   0,                   0
       125,        27,      1.00,              0.4190,                   0,                   0
       125,        28,      1.00,              0.0735,                   0,              0.0221
       125,        29,      1.00,              0.0074,                   0,              0.0074
       125,        30,      1.00,              0.0147,                   0,              0.0074
       125,        31,      1.00,              0.2205,                   0,              0.0074
       125,        32,      1.00,              0.3161,                   0,              0.0074
       125,        33,      1.00,              0.0221,                   0,              0.0147
       125,        35,      1.00,              0.1029,                   0,                   0
       125,        36,      1.00,              0.0074,                   0,              0.0074
       125,        37,      1.00,              0.0074,                   0,                   0
       125,        38,      1.00,              0.0074,                   0,                   0
       125,        39,      1.00,              0.2132,                   0,              0.0074
       125,        40,      1.00,              0.2132,                   0,                   0
       125,        41,      1.00,              0.0147,                   0,              0.0147
       125,        42,      1.00,                   0,                   0,              0.0074
       125,        43,      1.00,              0.0074,                   0,              0.0074
       125,        44,      1.00,              0.0147,                   0,              0.0221
       125,        45,      1.00,              0.4411,                   0,              0.0441
       125,        46,      1.00,              0.2720,                   0,              0.0368
       125,        47,      1.00,              0.0074,                   0,              0.0074
       125,        48,      1.00,                   0,                   0,              0.0147
       125,        49,      1.00,              0.0147,                   0,              0.0147
       125,        50,      1.00,                   0,                   0,              0.0662
       125,        52,      1.00,              0.0147,                   0,              0.0147
       125,        54,      1.00,              0.2058,                   0,                   0
       125,        55,      1.00,              0.2205,                   0,              0.0147
       125,        56,      1.00,              0.0221,                   0,              0.0147
       125,        58,      1.00,              0.4264,                   0,              0.0221
       125,        59,      1.00,              0.2132,                   0,              0.0147
       125,        60,      1.00,              0.0074,                   0,              0.0074
       125,        61,      1.00,              0.2352,                   0,              0.0294
       125,        62,      1.00,              0.4264,                   0,              0.0074
       125,        63,      1.00,              1.0513,                   0,              0.0294
       125,        64,      1.00,              0.8454,                   0,              0.0221
       125,        65,      1.00,              0.2205,                   0,              0.0074
       125,        66,      1.00,              0.0074,                   0,              0.0074
       125,        67,      1.00,              1.0292,                   0,              0.0368
       125,        68,      1.00,              0.8234,                   0,              0.0147
       125,        69,      1.00,              0.4190,                   0,              0.0221
       125,        70,      1.00,              0.2058,                   0,                   0
       125,        71,      1.00,              0.4190,                   0,              0.0147
       125,        72,      1.00,              0.2058,                   0,              0.0147
       125,        73,      1.00,              0.0221,                   0,              0.0147
       125,        74,      1.00,              0.0074,                   0,              0.0074
       125,        75,      1.00,              0.2352,                   0,              0.0294
       125,        76,      1.00,              0.8381,                   0,              0.0294
       125,        77,      1.00,              1.2424,                   0,              0.0074
       125,        78,      1.00,                   0,                   0,              0.0074
       125,        79,      1.00,              3.3743,                   0,              0.0588
       125,        80,      1.00,              0.2279,                   0,              0.0221
       125,        81,      1.00,              0.4117,                   0,              0.0147
       125,        82,      1.00,              0.2205,                   0,                   0
       125,        83,      1.00,              0.4631,                   0,              0.0515
       125,        84,      1.00,              2.4921,                   0,              0.0735
       125,        85,      1.00,              1.5512,                   0,              0.0515
       125,        86,      1.00,              1.2792,                   0,              0.0368
       125,        87,      1.00,              0.4190,                   0,              0.0074
       125,        88,      1.00,              0.4190,                   0,              0.0074
       125,        89,      1.00,              0.6249,                   0,              0.0735
       125,        90,      1.00,              0.4999,                   0,              0.0368
       125,        91,      1.00,              1.0513,                   0,              0.0294
       125,        92,      1.00,              3.7639,                   0,              0.1250
       125,        93,      1.00,              0.2279,                   0,              0.0294
       125,        94,      1.00,              0.4484,                   0,              0.0368
       125,        95,      1.00,              5.8223,                   0,              0.1250
       125,        96,      1.00,              0.2720,                   0,              0.0221
       125,        97,      1.00,              0.7278,                   0,              0.0147
       125,        98,      1.00,              0.9483,                   0,              0.0147
       125,        99,      1.00,              1.0366,                   0,              0.0147
       125,       100,      1.00,              5.3960,                   0,              0.2499
       125,       101,      1.00,              1.3012,                   0,              0.0515
       125,       102,      1.00,              1.4115,                   0,              0.0147
       125,       103,      1.00,             11.8138,                   0,              0.1838
       125,       104,      1.00,              1.4629,                   0,              0.0368
       125,       105,      1.00,              7.1897,                   0,              0.0809
       125,       106,      1.00,              6.3002,                   0,              0.0956
       125,       107,      1.00,              3.7051,                   0,              0.0956
       125,       108,      1.00,              1.6100,                   0,              0.0294
       125,       109,      1.00,              2.1760,                   0,              0.0588
       125,       110,      1.00,              0.4190,                   0,                   0
       125,       111,      1.00,              0.2132,                   0,              0.0074
       125,       112,      1.00,              0.4264,                   0,              0.0074
       125,       114,      1.00,              6.2928,                   0,              0.2573
       125,       115,      1.00,              0.0074,                   0,              0.0588
       125,       116,      1.00,              5.4548,                   0,              0.2132
       125,       117,      1.00,             79.3295,                   0,              0.6249
       125,       118,      1.00,             29.0529,                   0,              0.4337
       125,       119,      1.00,              4.5285,                   0,              0.1470
       125,       120,      1.00,              2.5583,                   0,              0.0662
       125,       121,      1.00,              4.5800,                   0,              0.1544
       125,       122,      1.00,              3.1685,                   0,              0.2352
       125,       123,      1.00,              7.0059,                   0,              0.2647
       125,       124,      1.00,             14.7396,                   0,              0.4117
       125,       125,      1.00,             61.2081,                   0,              0.3455
       125,       126,      1.00,              2.5657,                   0,              0.3014
       125,       127,      1.00,              5.9620,                   0,              0.3896
       125,       128,      1.00,              1.3380,                   0,              0.1176
       125,       129,      1.00,              3.3890,                   0,              0.0882
       125,       130,      1.00,              2.5583,                   0,              0.0588
       125,       131,      1.00,              1.0071,                   0,              0.0956
       125,       132,      1.00,              1.9408,                   0,              0.0735
       125,       133,      1.00,              0.8307,                   0,              0.0735
       125,       134,      1.00,              7.1088,                   0,              0.1176
       125,       135,      1.00,             31.3539,                   0,              0.3970
       125,       136,      1.00,             19.1579,                   0,              0.4705
       125,       137,      1.00,              9.5789,                   0,              0.1838
       125,       138,      1.00,             13.0341,                   0,              0.3308
       125,       139,      1.00,              1.2644,                   0,              0.0294
       125,       140,      1.00,              8.7997,                   0,              0.2794
       125,       141,      1.00,              1.5512,                   0,              0.1103
       125,       142,      1.00,              1.6835,                   0,              0.0735
       125,       143,      1.00,              3.4699,                   0,              0.2058
       125,       144,      1.00,              0.6763,                   0,              0.0294
       125,       145,      1.00,              0.6543,                   0,              0.0515
       125,       146,      1.00,              4.9696,                   0,              0.2573
       125,       147,      1.00,              2.6171,                   0,              0.0588
       125,       148,      1.00,              2.0364,                   0,              0.0662
       125,       149,      1.00,              1.5659,                   0,              0.0441
       125,       150,      1.00,              0.9263,                   0,              0.1103
       125,       151,      1.00,              0.3235,                   0,              0.0956
       125,       152,      1.00,              0.5293,                   0,              0.0441
       125,       153,      1.00,              0.6322,                   0,              0.0294
       125,       154,      1.00,              1.9114,                   0,              0.1764
       125,       155,      1.00,              0.9483,                   0,              0.1176
       125,       156,      1.00,              0.0662,                   0,              0.0147
       125,       157,      1.00,              0.8381,                   0,              0.0294
       125,       158,      1.00,              0.2058,                   0,              0.0809
       125,       159,      1.00,              0.0368,                   0,              0.0368
       125,       160,      1.00,              3.2640,                   0,              0.1103
       125,       161,      1.00,              2.0069,                   0,              0.1323
       125,       162,      1.00,             13.0929,                   0,              0.4043
       125,       163,      1.00,              0.2794,                   0,              0.0368
       125,       164,      1.00,              6.3811,                   0,              0.3088
       125,       165,      1.00,              0.6984,                   0,              0.0809
       125,       166,      1.00,              1.8305,                   0,              0.0809
       125,       167,      1.00,              3.5802,                   0,              0.0809
       125,       168,      1.00,              2.2937,                   0,              0.0441
       125,       169,      1.00,              2.4039,                   0,              0.0294
       125,       170,      1.00,              4.3815,                   0,              0.0735
       125,       171,      1.00,                   0,                   0,              0.0147
       125,       172,      1.00,              4.0212,                   0,              0.0588
       125,       173,      1.00,              0.4190,                   0,                   0
       125,       174,      1.00,              1.2497,                   0,              0.0147
       125,       175,      1.00,              2.9626,                   0,              0.0441
       125,       176,      1.00,              0.2058,                   0,                   0
       125,       177,      1.00,              3.0361,                   0,              0.0882
       125,       178,      1.00,              1.2497,                   0,              0.0368
       125,       179,      1.00,              2.0069,                   0,              0.0735
       125,       180,      1.00,              0.2132,                   0,              0.0074
       125,       181,      1.00,              1.0954,                   0,              0.0294
       125,       182,      1.00,              1.4776,                   0,              0.0882
       125,       183,      1.00,              0.9557,                   0,              0.0074
       125,       184,      1.00,              1.2644,                   0,              0.0147
       125,       185,      1.00,              0.8160,                   0,                   0
       125,       186,      1.00,              0.0147,                   0,                   0
       125,       187,      1.00,              0.5220,                   0,                   0
       125,       188,      1.00,              0.9263,                   0,              0.0441
       125,       189,      1.00,              0.4190,                   0,                   0
       125,       190,      1.00,              0.4411,                   0,                   0
       125,       191,      1.00,                   0,                   0,              0.0147
       125,       192,      1.00,              0.4264,                   0,              0.0221
       125,       193,      1.00,              0.0588,                   0,              0.0074
       125,       194,      1.00,              0.2132,                   0,                   0
       125,       195,      1.00,              0.2794,                   0,              0.0074
       125,       196,      1.00,              0.2132,                   0,              0.0294
       125,       198,      1.00,                   0,                   0,              0.0147
       125,       200,      1.00,                   0,                   0,              0.0147
       125,       201,      1.00,              0.0441,                   0,              0.0147
       125,       202,      1.00,                   0,                   0,              0.0074
       125,       203,      1.00,              0.2205,                   0,              0.0074
       125,       204,      1.00,                   0,                   0,              0.0147
       125,       207,      1.00,                   0,                   0,              0.0074
       125,       208,      1.00,              0.7498,                   0,              0.0074
       125,       209,      1.00,              0.7057,                   0,              0.0368
       125,       210,      1.00,              0.0147,                   0,              0.0221
       125,       211,      1.00,              1.8232,                   0,              0.0956
       125,       212,      1.00,              0.6763,                   0,              0.0735
       125,       213,      1.00,              5.7488,                   0,              0.1544
       125,       214,      1.00,              0.3308,                   0,              0.0368
       125,       218,      1.00,                   0,                   0,              0.0074
       125,       219,      1.00,                   0,                   0,              0.0074
       125,       224,      1.00,                   0,                   0,              0.0588
       125,       226,      1.00,              0.0074,                   0,              0.0515
       125,       227,      1.00,                   0,                   0,              0.0074
       125,       228,      1.00,                   0,                   0,              0.0074
       126,         1,      1.00,              0.0735,                   0,              0.0074
       126,         2,      1.00,              0.1176,                   0,              0.0147
       126,         3,      1.00,              0.0809,                   0,              0.0074
       126,         4,      1.00,              0.1617,                   0,              0.0074
       126,         5,      1.00,              0.1838,                   0,              0.0147
       126,         6,      1.00,              0.4264,                   0,              0.0221
       126,         7,      1.00,              0.4999,                   0,              0.0294
       126,         8,      1.00,              0.8822,                   0,              0.0515
       126,         9,      1.00,              0.3382,                   0,              0.0294
       126,        10,      1.00,              0.0294,                   0,                   0
       126,        11,      1.00,              0.1911,                   0,              0.0147
       126,        12,      1.00,              0.2499,                   0,              0.0368
       126,        13,      1.00,              0.7057,                   0,              0.0588
       126,        14,      1.00,              0.7866,                   0,              0.0515
       126,        15,      1.00,              1.0145,                   0,              0.1103
       126,        16,      1.00,              0.0221,                   0,                   0
       126,        17,      1.00,              0.4264,                   0,              0.0074
       126,        18,      1.00,              0.0882,                   0,              0.0074
       126,        19,      1.00,              0.2205,                   0,              0.0147
       126,        20,      1.00,              0.0588,                   0,              0.0074
       126,        21,      1.00,              0.0882,                   0,              0.0221
       126,        22,      1.00,              0.1103,                   0,              0.0074
       126,        23,      1.00,              0.3676,                   0,              0.0441
       126,        24,      1.00,              0.1176,                   0,              0.0294
       126,        26,      1.00,              0.2941,                   0,              0.0074
       126,        27,      1.00,              0.1911,                   0,              0.0221
       126,        28,      1.00,              0.3014,                   0,              0.0809
       126,        29,      1.00,              0.1911,                   0,              0.0074
       126,        30,      1.00,              0.3088,                   0,              0.0441
       126,        31,      1.00,              0.3088,                   0,              0.0515
       126,        32,      1.00,              0.1985,                   0,              0.0515
       126,        33,      1.00,              0.4778,                   0,              0.1029
       126,        34,      1.00,              0.0882,                   0,              0.0147
       126,        35,      1.00,              0.4484,                   0,              0.0368
       126,        36,      1.00,              0.4337,                   0,              0.0662
       126,        37,      1.00,              0.2352,                   0,              0.0368
       126,        38,      1.00,              0.0662,                   0,              0.0147
       126,        39,      1.00,              0.3455,                   0,              0.0588
       126,        40,      1.00,              0.1029,                   0,              0.0368
       126,        41,      1.00,              0.6616,                   0,              0.1176
       126,        42,      1.00,              0.1029,                   0,              0.0294
       126,        43,      1.00,              0.3014,                   0,              0.0809
       126,        44,      1.00,              0.3896,                   0,              0.1838
       126,        45,      1.00,              1.8158,                   0,              0.2720
       126,        46,      1.00,              0.9630,                   0,              0.3455
       126,        47,      1.00,              0.2205,                   0,              0.0588
       126,        48,      1.00,              0.0074,                   0,              0.0368
       126,        49,      1.00,              0.1691,                   0,              0.0735
       126,        50,      1.00,              0.0368,                   0,              0.2352
       126,        51,      1.00,              0.0074,                   0,                   0
       126,        52,      1.00,              0.5293,                   0,              0.0882
       126,        53,      1.00,              0.0294,                   0,              0.0147
       126,        54,      1.00,              0.0662,                   0,              0.0147
       126,        55,      1.00,              0.6175,                   0,              0.1029
       126,        56,      1.00,              0.4337,                   0,              0.1176
       126,        57,      1.00,              0.0147,                   0,              0.0074
       126,        58,      1.00,              1.1248,                   0,              0.1838
       126,        59,      1.00,              0.2499,                   0,              0.0882
       126,        60,      1.00,              0.2352,                   0,              0.0441
       126,        61,      1.00,              0.4411,                   0,              0.0956
       126,        62,      1.00,              0.5293,                   0,              0.0662
       126,        63,      1.00,              0.3749,                   0,              0.0735
       126,        64,      1.00,              0.3896,                   0,              0.1029
       126,        65,      1.00,              0.4631,                   0,              0.0441
       126,        66,      1.00,              0.3455,                   0,              0.0368
       126,        67,      1.00,              0.7425,                   0,              0.1470
       126,        68,      1.00,              0.3014,                   0,              0.0515
       126,        69,      1.00,              0.3602,                   0,              0.1176
       126,        70,      1.00,              0.1985,                   0,              0.0147
       126,        71,      1.00,              0.4337,                   0,              0.0588
       126,        72,      1.00,              0.1838,                   0,              0.0588
       126,        73,      1.00,              0.3161,                   0,              0.0662
       126,        74,      1.00,              0.4999,                   0,              0.0441
       126,        75,      1.00,              1.0807,                   0,              0.2352
       126,        76,      1.00,              0.4778,                   0,              0.1617
       126,        77,      1.00,              0.2205,                   0,              0.1176
       126,        78,      1.00,              0.0588,                   0,              0.0221
       126,        79,      1.00,              0.8675,                   0,              0.1323
       126,        80,      1.00,              1.3894,                   0,              0.1323
       126,        81,      1.00,              1.5879,                   0,              0.1103
       126,        82,      1.00,              0.5955,                   0,              0.0368
       126,        83,      1.00,              2.3672,                   0,              0.3014
       126,        84,      1.00,             18.1654,                   0,              0.8160
       126,        85,      1.00,              5.2342,                   0,              0.5146
       126,        86,      1.00,              4.0801,                   0,              0.2352
       126,        87,      1.00,              0.6028,                   0,              0.0368
       126,        88,      1.00,              0.9630,                   0,              0.0515
       126,        89,      1.00,              0.5955,                   0,              0.1250
       126,        90,      1.00,              1.6835,                   0,              0.1838
       126,        91,      1.00,              3.4919,                   0,              0.1617
       126,        92,      1.00,             42.9619,                   0,              0.8381
       126,        93,      1.00,              4.7637,                   0,              0.0956
       126,        94,      1.00,              1.0733,                   0,              0.1544
       126,        95,      1.00,             14.2692,                   0,              0.4558
       126,        96,      1.00,              0.3382,                   0,              0.1250
       126,        97,      1.00,              0.1250,                   0,              0.0368
       126,        98,      1.00,              0.2499,                   0,              0.0441
       126,        99,      1.00,              0.2573,                   0,              0.0221
       126,       100,      1.00,              0.6543,                   0,              0.3161
       126,       101,      1.00,              0.5220,                   0,              0.1323
       126,       102,      1.00,              0.1838,                   0,              0.0221
       126,       103,      1.00,              2.9773,                   0,              0.2426
       126,       104,      1.00,              1.4629,                   0,              0.2279
       126,       105,      1.00,              1.1248,                   0,              0.1470
       126,       106,      1.00,              1.7864,                   0,              0.1617
       126,       107,      1.00,              1.6026,                   0,              0.1176
       126,       108,      1.00,              0.2867,                   0,              0.0588
       126,       109,      1.00,              0.8822,                   0,              0.0735
       126,       110,      1.00,              0.6469,                   0,              0.0368
       126,       111,      1.00,              0.6028,                   0,              0.0368
       126,       112,      1.00,              0.6910,                   0,              0.0735
       126,       114,      1.00,              0.8234,                   0,              0.3749
       126,       115,      1.00,              0.0515,                   0,              0.1838
       126,       116,      1.00,              1.1101,                   0,              0.1103
       126,       117,      1.00,              7.3073,                   0,              0.5146
       126,       118,      1.00,              9.3363,                   0,              0.5220
       126,       119,      1.00,             73.6909,                   0,              1.1909
       126,       120,      1.00,             19.7239,                   0,              0.3529
       126,       121,      1.00,             42.8663,                   0,              0.6469
       126,       122,      1.00,              7.7558,                   0,              0.3749
       126,       123,      1.00,              7.5132,                   0,              0.4043
       126,       124,      1.00,              6.3664,                   0,              0.6910
       126,       125,      1.00,              3.3082,                   0,              0.3308
       126,       126,      1.00,            197.8274,                   0,              2.1981
       126,       127,      1.00,            100.5090,                   0,              1.8085
       126,       128,      1.00,             24.0613,                   0,              0.7351
       126,       129,      1.00,              6.3369,                   0,              0.2647
       126,       130,      1.00,              3.8228,                   0,              0.5293
       126,       131,      1.00,              2.8303,                   0,              0.2941
       126,       132,      1.00,              6.6604,                   0,              0.2647
       126,       133,      1.00,              0.6543,                   0,              0.1176
       126,       134,      1.00,              2.5068,                   0,              0.1397
       126,       135,      1.00,              6.3222,                   0,              0.3308
       126,       136,      1.00,              4.1683,                   0,              0.3823
       126,       137,      1.00,              1.6173,                   0,              0.1323
       126,       138,      1.00,              5.2783,                   0,              0.2720
       126,       139,      1.00,              0.1103,                   0,              0.0368
       126,       140,      1.00,              6.8663,                   0,              0.3088
       126,       141,      1.00,             16.9598,                   0,              0.8748
       126,       142,      1.00,             79.8294,                   0,              1.3747
       126,       143,      1.00,             15.0705,                   0,              0.6543
       126,       144,      1.00,              1.6761,                   0,              0.0882
       126,       145,      1.00,              4.5138,                   0,              0.2867
       126,       146,      1.00,              9.3363,                   0,              0.8160
       126,       147,      1.00,              3.3082,                   0,              0.1911
       126,       148,      1.00,             10.0862,                   0,              0.5072
       126,       149,      1.00,              4.6976,                   0,              0.2573
       126,       150,      1.00,              7.1677,                   0,              0.5955
       126,       151,      1.00,              5.8076,                   0,              0.8160
       126,       152,      1.00,              2.0805,                   0,              0.2279
       126,       153,      1.00,              1.7276,                   0,              0.1838
       126,       154,      1.00,             34.0519,                   0,              2.1246
       126,       155,      1.00,              8.0351,                   0,              0.8234
       126,       156,      1.00,              1.3086,                   0,              0.0882
       126,       157,      1.00,              0.2132,                   0,              0.0441
       126,       158,      1.00,                   0,                   0,              0.1176
       126,       159,      1.00,              0.3088,                   0,              0.0368
       126,       160,      1.00,              1.1909,                   0,              0.1103
       126,       161,      1.00,              3.9992,                   0,              0.2867
       126,       162,      1.00,              5.2342,                   0,              0.4484
       126,       163,      1.00,              0.3235,                   0,              0.0221
       126,       164,      1.00,              3.7492,                   0,              0.3529
       126,       165,      1.00,              3.7786,                   0,              0.3749
       126,       166,      1.00,              6.0429,                   0,              0.3896
       126,       167,      1.00,              2.7200,                   0,              0.2352
       126,       168,      1.00,              2.1907,                   0,              0.1544
       126,       169,      1.00,              1.0439,                   0,              0.0809
       126,       170,      1.00,              1.5512,                   0,              0.2058
       126,       171,      1.00,              0.0074,                   0,              0.0074
       126,       172,      1.00,              2.0658,                   0,              0.1764
       126,       173,      1.00,              0.0882,                   0,              0.0074
       126,       174,      1.00,              1.2718,                   0,              0.0956
       126,       175,      1.00,              1.5144,                   0,              0.1470
       126,       176,      1.00,              0.0882,                   0,              0.0074
       126,       177,      1.00,              1.7423,                   0,              0.1838
       126,       178,      1.00,              2.9700,                   0,              0.3235
       126,       179,      1.00,              3.8448,                   0,              0.3602
       126,       180,      1.00,              0.4925,                   0,              0.0368
       126,       181,      1.00,              1.5806,                   0,              0.2058
       126,       182,      1.00,              3.8154,                   0,              0.3529
       126,       183,      1.00,              0.7131,                   0,              0.0515
       126,       184,      1.00,              0.8822,                   0,              0.1397
       126,       185,      1.00,              0.8381,                   0,              0.0441
       126,       186,      1.00,              0.3529,                   0,              0.0147
       126,       187,      1.00,              0.1397,                   0,              0.0147
       126,       188,      1.00,              1.1909,                   0,              0.0809
       126,       189,      1.00,              0.1544,                   0,              0.0147
       126,       190,      1.00,              0.4411,                   0,              0.0368
       126,       191,      1.00,              0.0074,                   0,              0.0074
       126,       192,      1.00,              0.2867,                   0,              0.0441
       126,       193,      1.00,              0.0809,                   0,              0.0074
       126,       194,      1.00,              0.0809,                   0,              0.0074
       126,       195,      1.00,              0.6102,                   0,              0.0515
       126,       196,      1.00,              0.2573,                   0,              0.0368
       126,       197,      1.00,              0.0147,                   0,              0.0074
       126,       198,      1.00,              0.0735,                   0,              0.0147
       126,       199,      1.00,              0.0147,                   0,                   0
       126,       200,      1.00,              0.1029,                   0,              0.0147
       126,       201,      1.00,              0.1691,                   0,              0.0221
       126,       202,      1.00,              0.0588,                   0,              0.0074
       126,       203,      1.00,              0.0809,                   0,              0.0074
       126,       204,      1.00,              0.0368,                   0,              0.0147
       126,       205,      1.00,              0.0882,                   0,              0.0074
       126,       206,      1.00,              0.1029,                   0,                   0
       126,       207,      1.00,              0.1323,                   0,              0.0147
       126,       208,      1.00,              1.0586,                   0,              0.2499
       126,       209,      1.00,              1.4482,                   0,              0.3455
       126,       210,      1.00,              0.8307,                   0,              0.1838
       126,       211,      1.00,              1.0733,                   0,              0.0882
       126,       212,      1.00,              1.5438,                   0,              0.2720
       126,       213,      1.00,              1.1468,                   0,              0.2352
       126,       214,      1.00,              0.3896,                   0,              0.0294
       126,       218,      1.00,                   0,                   0,              0.0074
       126,       219,      1.00,                   0,                   0,              0.0147
       126,       224,      1.00,                   0,                   0,              0.0515
       126,       226,      1.00,                   0,                   0,              0.0368
       126,       227,      1.00,                   0,                   0,              0.0074
       126,       228,      1.00,                   0,                   0,              0.0074
       127,         1,      1.00,              0.2941,                   0,                   0
       127,         2,      1.00,              0.2205,                   0,              0.0074
       127,         3,      1.00,              0.1544,                   0,                   0
       127,         4,      1.00,              0.2279,                   0,              0.0074
       127,         5,      1.00,              0.1470,                   0,              0.0074
       127,         6,      1.00,              0.5881,                   0,              0.0147
       127,         7,      1.00,              0.7351,                   0,              0.0221
       127,         8,      1.00,              1.5144,                   0,              0.0294
       127,         9,      1.00,              1.0733,                   0,              0.0147
       127,        10,      1.00,              0.0294,                   0,                   0
       127,        11,      1.00,              0.3529,                   0,              0.0147
       127,        12,      1.00,              0.6469,                   0,              0.0294
       127,        13,      1.00,              1.1615,                   0,              0.0294
       127,        14,      1.00,              1.1542,                   0,              0.0221
       127,        15,      1.00,              1.3894,                   0,              0.1029
       127,        16,      1.00,              0.1764,                   0,              0.0074
       127,        17,      1.00,              0.5734,                   0,              0.0147
       127,        18,      1.00,              0.1029,                   0,              0.0074
       127,        19,      1.00,              0.5440,                   0,              0.0147
       127,        20,      1.00,              0.1691,                   0,                   0
       127,        21,      1.00,              0.2647,                   0,              0.0294
       127,        22,      1.00,              0.3161,                   0,                   0
       127,        23,      1.00,              0.5734,                   0,              0.0221
       127,        24,      1.00,              0.3161,                   0,              0.0147
       127,        25,      1.00,              0.1029,                   0,                   0
       127,        26,      1.00,              0.2132,                   0,                   0
       127,        27,      1.00,              0.4705,                   0,              0.0074
       127,        28,      1.00,              0.9924,                   0,              0.1029
       127,        29,      1.00,              0.3529,                   0,              0.0074
       127,        30,      1.00,              0.2573,                   0,              0.0441
       127,        31,      1.00,              0.4778,                   0,              0.0515
       127,        32,      1.00,              0.5661,                   0,              0.0662
       127,        33,      1.00,              0.5514,                   0,              0.0882
       127,        34,      1.00,              0.2132,                   0,              0.0147
       127,        35,      1.00,              0.8528,                   0,              0.0147
       127,        36,      1.00,              0.8307,                   0,              0.0662
       127,        37,      1.00,              0.2279,                   0,              0.0074
       127,        38,      1.00,              0.3088,                   0,              0.0074
       127,        39,      1.00,              0.6175,                   0,              0.0662
       127,        40,      1.00,              0.4411,                   0,              0.0221
       127,        41,      1.00,              1.2056,                   0,              0.1103
       127,        42,      1.00,              0.2647,                   0,              0.0221
       127,        43,      1.00,              0.5661,                   0,              0.0588
       127,        44,      1.00,              1.2277,                   0,              0.1985
       127,        45,      1.00,              3.2640,                   0,              0.3896
       127,        46,      1.00,              2.0658,                   0,              0.3308
       127,        47,      1.00,              0.3749,                   0,              0.0662
       127,        48,      1.00,              0.0221,                   0,              0.0588
       127,        49,      1.00,              0.4852,                   0,              0.1029
       127,        50,      1.00,              0.1176,                   0,              0.3382
       127,        51,      1.00,              0.0147,                   0,                   0
       127,        52,      1.00,              0.5808,                   0,              0.0735
       127,        53,      1.00,              0.0441,                   0,              0.0147
       127,        54,      1.00,              0.1911,                   0,              0.0074
       127,        55,      1.00,              1.3306,                   0,              0.0735
       127,        56,      1.00,              0.9851,                   0,              0.1176
       127,        57,      1.00,              0.0368,                   0,              0.0074
       127,        58,      1.00,              1.3674,                   0,              0.1397
       127,        59,      1.00,              0.5072,                   0,              0.0882
       127,        60,      1.00,              0.4190,                   0,              0.0294
       127,        61,      1.00,              0.6396,                   0,              0.1029
       127,        62,      1.00,              0.6249,                   0,              0.0588
       127,        63,      1.00,              0.7646,                   0,              0.1176
       127,        64,      1.00,              0.3235,                   0,              0.1617
       127,        65,      1.00,              0.9998,                   0,              0.0294
       127,        66,      1.00,              0.5587,                   0,              0.0294
       127,        67,      1.00,              1.9334,                   0,              0.1764
       127,        68,      1.00,              0.6837,                   0,              0.0588
       127,        69,      1.00,              0.5440,                   0,              0.1470
       127,        70,      1.00,              0.3308,                   0,              0.0147
       127,        71,      1.00,              0.6837,                   0,              0.0809
       127,        72,      1.00,              0.2647,                   0,              0.0588
       127,        73,      1.00,              0.2132,                   0,              0.0882
       127,        74,      1.00,              1.0071,                   0,              0.0588
       127,        75,      1.00,              2.1025,                   0,              0.3382
       127,        76,      1.00,              1.0954,                   0,              0.2205
       127,        77,      1.00,              0.4999,                   0,              0.1911
       127,        78,      1.00,              0.0441,                   0,              0.0147
       127,        79,      1.00,              2.1172,                   0,              0.0956
       127,        80,      1.00,              2.8818,                   0,              0.1470
       127,        81,      1.00,              4.8373,                   0,              0.1103
       127,        82,      1.00,              0.9116,                   0,              0.0221
       127,        83,      1.00,              5.1975,                   0,              0.4264
       127,        84,      1.00,             11.5124,                   0,              0.7057
       127,        85,      1.00,              7.5940,                   0,              0.4043
       127,        86,      1.00,              7.3588,                   0,              0.3823
       127,        87,      1.00,              1.7129,                   0,              0.0441
       127,        88,      1.00,              1.9187,                   0,              0.0882
       127,        89,      1.00,              2.6465,                   0,              0.2205
       127,        90,      1.00,              5.2857,                   0,              0.2941
       127,        91,      1.00,              3.5434,                   0,              0.2205
       127,        92,      1.00,             39.6831,                   0,              0.8748
       127,        93,      1.00,              4.3962,                   0,              0.1838
       127,        94,      1.00,              3.1317,                   0,              0.3161
       127,        95,      1.00,             28.1193,                   0,              0.8969
       127,        96,      1.00,              1.9922,                   0,              0.2426
       127,        97,      1.00,              0.2426,                   0,              0.0368
       127,        98,      1.00,              0.4999,                   0,              0.0441
       127,        99,      1.00,              0.5440,                   0,              0.0368
       127,       100,      1.00,              1.3306,                   0,              0.5587
       127,       101,      1.00,              0.7498,                   0,              0.2205
       127,       102,      1.00,              0.4925,                   0,              0.0147
       127,       103,      1.00,              7.1677,                   0,              0.3088
       127,       104,      1.00,              4.6608,                   0,              0.3529
       127,       105,      1.00,              2.6392,                   0,              0.1764
       127,       106,      1.00,              4.0359,                   0,              0.2279
       127,       107,      1.00,              4.0506,                   0,              0.1250
       127,       108,      1.00,              1.0292,                   0,              0.0735
       127,       109,      1.00,              2.7347,                   0,              0.1029
       127,       110,      1.00,              1.8452,                   0,              0.0588
       127,       111,      1.00,              1.5291,                   0,              0.0588
       127,       112,      1.00,              1.0733,                   0,              0.0735
       127,       114,      1.00,              2.0584,                   0,              0.4778
       127,       115,      1.00,              0.1103,                   0,              0.2426
       127,       116,      1.00,              2.0216,                   0,              0.1985
       127,       117,      1.00,             15.1440,                   0,              0.6028
       127,       118,      1.00,             21.5177,                   0,              0.5955
       127,       119,      1.00,             56.7458,                   0,              0.8454
       127,       120,      1.00,             20.9296,                   0,              0.5220
       127,       121,      1.00,             91.9739,                   0,              1.1248
       127,       122,      1.00,             24.1716,                   0,              0.5955
       127,       123,      1.00,             18.4815,                   0,              0.5514
       127,       124,      1.00,             17.0112,                   0,              0.9042
       127,       125,      1.00,              6.9030,                   0,              0.4337
       127,       126,      1.00,            104.0450,                   0,              1.8085
       127,       127,      1.00,            292.6905,                   0,              2.3819
       127,       128,      1.00,             40.9770,                   0,              0.7940
       127,       129,      1.00,             19.1064,                   0,              0.3970
       127,       130,      1.00,             15.2101,                   0,              0.6175
       127,       131,      1.00,              7.3514,                   0,              0.3896
       127,       132,      1.00,             15.9526,                   0,              0.3749
       127,       133,      1.00,              7.3735,                   0,              0.2132
       127,       134,      1.00,              4.2785,                   0,              0.2352
       127,       135,      1.00,             11.9535,                   0,              0.4999
       127,       136,      1.00,              7.7705,                   0,              0.4631
       127,       137,      1.00,              2.5362,                   0,              0.1544
       127,       138,      1.00,              9.9539,                   0,              0.3529
       127,       139,      1.00,              0.8822,                   0,              0.0662
       127,       140,      1.00,             10.5567,                   0,              0.3896
       127,       141,      1.00,             19.3490,                   0,              0.8381
       127,       142,      1.00,             24.0025,                   0,              0.8675
       127,       143,      1.00,             23.5099,                   0,              0.6249
       127,       144,      1.00,              2.2937,                   0,              0.1029
       127,       145,      1.00,              5.5430,                   0,              0.2499
       127,       146,      1.00,             12.4460,                   0,              0.8013
       127,       147,      1.00,              3.1317,                   0,              0.3014
       127,       148,      1.00,             12.9091,                   0,              0.5514
       127,       149,      1.00,              5.8297,                   0,              0.4190
       127,       150,      1.00,              7.6234,                   0,              0.4999
       127,       151,      1.00,              8.1381,                   0,              0.9263
       127,       152,      1.00,              2.0364,                   0,              0.2720
       127,       153,      1.00,              2.2937,                   0,              0.2279
       127,       154,      1.00,             15.5042,                   0,              1.2939
       127,       155,      1.00,              8.0351,                   0,              0.9042
       127,       156,      1.00,              1.8673,                   0,              0.1250
       127,       157,      1.00,              0.4043,                   0,              0.0441
       127,       158,      1.00,              0.0147,                   0,              0.1176
       127,       159,      1.00,              0.2720,                   0,              0.0515
       127,       160,      1.00,              2.9994,                   0,              0.1838
       127,       161,      1.00,              7.2853,                   0,              0.4117
       127,       162,      1.00,              6.0943,                   0,              0.4043
       127,       163,      1.00,              0.3235,                   0,              0.0221
       127,       164,      1.00,              4.2932,                   0,              0.3749
       127,       165,      1.00,              4.5432,                   0,              0.4705
       127,       166,      1.00,              7.5279,                   0,              0.4999
       127,       167,      1.00,              4.6314,                   0,              0.2573
       127,       168,      1.00,              3.5655,                   0,              0.1691
       127,       169,      1.00,              1.4850,                   0,              0.0809
       127,       170,      1.00,              2.1834,                   0,              0.3382
       127,       171,      1.00,              0.0368,                   0,              0.0147
       127,       172,      1.00,              3.2052,                   0,              0.2279
       127,       173,      1.00,              0.1397,                   0,              0.0074
       127,       174,      1.00,              1.2865,                   0,              0.0735
       127,       175,      1.00,              2.0878,                   0,              0.1470
       127,       176,      1.00,              0.1029,                   0,                   0
       127,       177,      1.00,              2.5583,                   0,              0.1838
       127,       178,      1.00,              4.2859,                   0,              0.4117
       127,       179,      1.00,              5.0063,                   0,              0.4117
       127,       180,      1.00,              0.8675,                   0,              0.0441
       127,       181,      1.00,              2.4774,                   0,              0.1470
       127,       182,      1.00,              4.7196,                   0,              0.2794
       127,       183,      1.00,              0.8454,                   0,              0.0294
       127,       184,      1.00,              1.1909,                   0,              0.0368
       127,       185,      1.00,              1.2718,                   0,              0.0147
       127,       186,      1.00,              0.3088,                   0,              0.0074
       127,       187,      1.00,              0.3014,                   0,                   0
       127,       188,      1.00,              1.2644,                   0,              0.0441
       127,       189,      1.00,              0.3455,                   0,                   0
       127,       190,      1.00,              0.4264,                   0,              0.0147
       127,       191,      1.00,              0.0294,                   0,              0.0147
       127,       192,      1.00,              0.5587,                   0,              0.0294
       127,       193,      1.00,              0.1029,                   0,              0.0074
       127,       194,      1.00,              0.0441,                   0,                   0
       127,       195,      1.00,              0.9189,                   0,              0.0074
       127,       196,      1.00,              0.1985,                   0,              0.0294
       127,       197,      1.00,              0.0515,                   0,              0.0074
       127,       198,      1.00,              0.1176,                   0,              0.0147
       127,       199,      1.00,              0.0588,                   0,                   0
       127,       200,      1.00,              0.0956,                   0,              0.0147
       127,       201,      1.00,              0.2720,                   0,              0.0147
       127,       202,      1.00,              0.1691,                   0,              0.0074
       127,       203,      1.00,              0.0294,                   0,              0.0074
       127,       204,      1.00,              0.0735,                   0,              0.0147
       127,       205,      1.00,              0.0735,                   0,                   0
       127,       206,      1.00,              0.0515,                   0,                   0
       127,       207,      1.00,              0.1985,                   0,              0.0074
       127,       208,      1.00,              1.4556,                   0,              0.1397
       127,       209,      1.00,              2.2642,                   0,              0.3602
       127,       210,      1.00,              1.4041,                   0,              0.1838
       127,       211,      1.00,              1.2203,                   0,              0.1103
       127,       212,      1.00,              1.6320,                   0,              0.3235
       127,       213,      1.00,              1.8452,                   0,              0.1323
       127,       214,      1.00,              0.3896,                   0,              0.0221
       127,       217,      1.00,                   0,                   0,              0.0074
       127,       218,      1.00,                   0,                   0,              0.0147
       127,       219,      1.00,                   0,                   0,              0.0221
       127,       224,      1.00,                   0,                   0,              0.0956
       127,       226,      1.00,              0.0074,                   0,              0.0735
       127,       227,      1.00,                   0,                   0,              0.0074
       127,       228,      1.00,                   0,                   0,              0.0074
       128,         1,      1.00,              0.1103,                   0,                   0
       128,         2,      1.00,              0.0441,                   0,                   0
       128,         3,      1.00,              0.0441,                   0,                   0
       128,         4,      1.00,              0.0956,                   0,                   0
       128,         5,      1.00,              0.0147,                   0,              0.0074
       128,         6,      1.00,              0.1029,                   0,              0.0074
       128,         7,      1.00,              0.1691,                   0,              0.0074
       128,         8,      1.00,              0.3823,                   0,              0.0147
       128,         9,      1.00,              0.1764,                   0,              0.0074
       128,        10,      1.00,              0.0147,                   0,                   0
       128,        11,      1.00,              0.0882,                   0,              0.0074
       128,        12,      1.00,              0.1691,                   0,              0.0147
       128,        13,      1.00,              0.2058,                   0,              0.0147
       128,        14,      1.00,              0.2573,                   0,              0.0147
       128,        15,      1.00,              0.3970,                   0,              0.0441
       128,        16,      1.00,              0.0147,                   0,                   0
       128,        17,      1.00,              0.0882,                   0,              0.0074
       128,        18,      1.00,              0.0368,                   0,                   0
       128,        19,      1.00,              0.1470,                   0,              0.0074
       128,        20,      1.00,              0.0221,                   0,                   0
       128,        21,      1.00,              0.0294,                   0,              0.0074
       128,        22,      1.00,              0.0882,                   0,                   0
       128,        23,      1.00,              0.1176,                   0,              0.0147
       128,        24,      1.00,              0.0221,                   0,              0.0074
       128,        25,      1.00,              0.0294,                   0,                   0
       128,        26,      1.00,              0.0221,                   0,                   0
       128,        27,      1.00,              0.0882,                   0,              0.0074
       128,        28,      1.00,              0.1544,                   0,              0.0441
       128,        29,      1.00,              0.0441,                   0,              0.0074
       128,        30,      1.00,              0.0294,                   0,              0.0147
       128,        31,      1.00,              0.0515,                   0,              0.0147
       128,        32,      1.00,              0.0882,                   0,              0.0294
       128,        33,      1.00,              0.1470,                   0,              0.0294
       128,        34,      1.00,              0.0368,                   0,              0.0074
       128,        35,      1.00,              0.1250,                   0,              0.0147
       128,        36,      1.00,              0.1103,                   0,              0.0221
       128,        37,      1.00,              0.0735,                   0,              0.0074
       128,        38,      1.00,              0.0441,                   0,              0.0074
       128,        39,      1.00,              0.1250,                   0,              0.0294
       128,        40,      1.00,              0.0588,                   0,              0.0147
       128,        41,      1.00,              0.2426,                   0,              0.0515
       128,        42,      1.00,              0.0294,                   0,              0.0074
       128,        43,      1.00,              0.0735,                   0,              0.0221
       128,        44,      1.00,              0.2058,                   0,              0.0662
       128,        45,      1.00,              0.4558,                   0,              0.1397
       128,        46,      1.00,              0.2647,                   0,              0.1176
       128,        47,      1.00,              0.0441,                   0,              0.0221
       128,        48,      1.00,              0.0074,                   0,              0.0221
       128,        49,      1.00,              0.0809,                   0,              0.0368
       128,        50,      1.00,              0.0221,                   0,              0.1176
       128,        52,      1.00,              0.1103,                   0,              0.0294
       128,        53,      1.00,              0.0074,                   0,              0.0074
       128,        54,      1.00,              0.0588,                   0,              0.0074
       128,        55,      1.00,              0.2132,                   0,              0.0294
       128,        56,      1.00,              0.2279,                   0,              0.0441
       128,        57,      1.00,              0.0074,                   0,                   0
       128,        58,      1.00,              0.2279,                   0,              0.0588
       128,        59,      1.00,              0.1176,                   0,              0.0368
       128,        60,      1.00,              0.1029,                   0,              0.0147
       128,        61,      1.00,              0.1250,                   0,              0.0368
       128,        62,      1.00,              0.1029,                   0,              0.0221
       128,        63,      1.00,              0.1397,                   0,              0.0368
       128,        64,      1.00,              0.0147,                   0,              0.0588
       128,        65,      1.00,              0.1397,                   0,              0.0147
       128,        66,      1.00,              0.0882,                   0,              0.0147
       128,        67,      1.00,              0.2499,                   0,              0.0662
       128,        68,      1.00,              0.1250,                   0,              0.0221
       128,        69,      1.00,              0.1323,                   0,              0.0515
       128,        70,      1.00,              0.0882,                   0,              0.0074
       128,        71,      1.00,              0.1323,                   0,              0.0294
       128,        72,      1.00,              0.0074,                   0,              0.0221
       128,        73,      1.00,              0.0588,                   0,              0.0294
       128,        74,      1.00,              0.1029,                   0,              0.0221
       128,        75,      1.00,              0.3970,                   0,              0.1176
       128,        76,      1.00,              0.3308,                   0,              0.0809
       128,        77,      1.00,              0.0735,                   0,              0.0662
       128,        78,      1.00,              0.0074,                   0,              0.0147
       128,        79,      1.00,              0.3602,                   0,              0.0368
       128,        80,      1.00,              0.6469,                   0,              0.0368
       128,        81,      1.00,              0.8160,                   0,              0.0368
       128,        82,      1.00,              0.1323,                   0,              0.0147
       128,        83,      1.00,              0.8822,                   0,              0.1397
       128,        84,      1.00,              1.6761,                   0,              0.1985
       128,        85,      1.00,              1.2939,                   0,              0.1397
       128,        86,      1.00,              1.0660,                   0,              0.1323
       128,        87,      1.00,              0.3161,                   0,              0.0147
       128,        88,      1.00,              0.2352,                   0,              0.0147
       128,        89,      1.00,              0.5072,                   0,              0.0294
       128,        90,      1.00,              0.5440,                   0,              0.0882
       128,        91,      1.00,              0.6249,                   0,              0.0662
       128,        92,      1.00,              5.5650,                   0,              0.2132
       128,        93,      1.00,              0.6249,                   0,              0.0515
       128,        94,      1.00,              0.5440,                   0,              0.0956
       128,        95,      1.00,              4.2271,                   0,              0.2499
       128,        96,      1.00,              0.2426,                   0,              0.0662
       128,        97,      1.00,              0.0809,                   0,              0.0147
       128,        98,      1.00,              0.1691,                   0,              0.0147
       128,        99,      1.00,              0.0882,                   0,              0.0147
       128,       100,      1.00,              0.2058,                   0,              0.1911
       128,       101,      1.00,              0.1691,                   0,              0.0809
       128,       102,      1.00,              0.0735,                   0,              0.0074
       128,       103,      1.00,              1.2203,                   0,              0.1029
       128,       104,      1.00,              0.5808,                   0,              0.1029
       128,       105,      1.00,              0.5367,                   0,              0.0588
       128,       106,      1.00,              0.6837,                   0,              0.0735
       128,       107,      1.00,              0.8822,                   0,              0.0441
       128,       108,      1.00,              0.1691,                   0,              0.0221
       128,       109,      1.00,              0.4190,                   0,              0.0294
       128,       110,      1.00,              0.3014,                   0,              0.0147
       128,       111,      1.00,              0.2058,                   0,              0.0147
       128,       112,      1.00,              0.2573,                   0,              0.0294
       128,       114,      1.00,              0.4778,                   0,              0.1544
       128,       115,      1.00,              0.0221,                   0,              0.1029
       128,       116,      1.00,              0.6469,                   0,              0.0662
       128,       117,      1.00,              3.8375,                   0,              0.1691
       128,       118,      1.00,              4.4403,                   0,              0.1691
       128,       119,      1.00,              6.7119,                   0,              0.2647
       128,       120,      1.00,              2.5951,                   0,              0.1323
       128,       121,      1.00,              8.9467,                   0,              0.2573
       128,       122,      1.00,              3.5802,                   0,              0.1617
       128,       123,      1.00,              3.4405,                   0,              0.1544
       128,       124,      1.00,              3.4993,                   0,              0.2941
       128,       125,      1.00,              1.7129,                   0,              0.1250
       128,       126,      1.00,             22.5836,                   0,              0.6690
       128,       127,      1.00,             44.0719,                   0,              0.8748
       128,       128,      1.00,             30.5085,                   0,              0.1985
       128,       129,      1.00,              3.3155,                   0,              0.1397
       128,       130,      1.00,              4.3227,                   0,              0.1323
       128,       131,      1.00,              1.3747,                   0,              0.1250
       128,       132,      1.00,              8.5056,                   0,              0.0809
       128,       133,      1.00,              0.4925,                   0,              0.0441
       128,       134,      1.00,              1.9408,                   0,              0.0882
       128,       135,      1.00,              4.3153,                   0,              0.1838
       128,       136,      1.00,              2.6465,                   0,              0.1764
       128,       137,      1.00,              1.1395,                   0,              0.0809
       128,       138,      1.00,              3.2493,                   0,              0.1250
       128,       139,      1.00,              0.3161,                   0,              0.0294
       128,       140,      1.00,              4.8740,                   0,              0.2205
       128,       141,      1.00,             17.9008,                   0,              0.3749
       128,       142,      1.00,             12.9974,                   0,              0.3602
       128,       143,      1.00,             17.7096,                   0,              0.3161
       128,       144,      1.00,              1.3821,                   0,              0.0662
       128,       145,      1.00,              4.6314,                   0,              0.1544
       128,       146,      1.00,              8.1160,                   0,              0.4411
       128,       147,      1.00,              2.1099,                   0,              0.1544
       128,       148,      1.00,              6.2781,                   0,              0.2573
       128,       149,      1.00,              2.9406,                   0,              0.2058
       128,       150,      1.00,              4.9181,                   0,              0.2573
       128,       151,      1.00,              4.1168,                   0,              0.3896
       128,       152,      1.00,              1.3159,                   0,              0.1250
       128,       153,      1.00,              1.3086,                   0,              0.1103
       128,       154,      1.00,              7.7705,                   0,              0.6028
       128,       155,      1.00,              3.9330,                   0,              0.3970
       128,       156,      1.00,              0.6690,                   0,              0.0588
       128,       157,      1.00,              0.3014,                   0,              0.0294
       128,       158,      1.00,              0.0221,                   0,              0.0735
       128,       159,      1.00,              0.2058,                   0,              0.0147
       128,       160,      1.00,              1.7643,                   0,              0.0882
       128,       161,      1.00,              4.4035,                   0,              0.1838
       128,       162,      1.00,              2.8524,                   0,              0.2573
       128,       163,      1.00,              0.1544,                   0,              0.0074
       128,       164,      1.00,              2.5583,                   0,              0.2426
       128,       165,      1.00,              2.0143,                   0,              0.2205
       128,       166,      1.00,              3.8522,                   0,              0.2352
       128,       167,      1.00,              2.0584,                   0,              0.1250
       128,       168,      1.00,              1.6982,                   0,              0.0956
       128,       169,      1.00,              0.7719,                   0,              0.0515
       128,       170,      1.00,              0.9042,                   0,              0.1544
       128,       171,      1.00,              0.0147,                   0,                   0
       128,       172,      1.00,              1.1321,                   0,              0.1323
       128,       173,      1.00,              0.0809,                   0,              0.0074
       128,       174,      1.00,              0.6102,                   0,              0.0515
       128,       175,      1.00,              1.1542,                   0,              0.0882
       128,       176,      1.00,              0.0515,                   0,                   0
       128,       177,      1.00,              1.3306,                   0,              0.0956
       128,       178,      1.00,              2.0805,                   0,              0.1985
       128,       179,      1.00,              2.9553,                   0,              0.2132
       128,       180,      1.00,              0.3014,                   0,              0.0221
       128,       181,      1.00,              1.1542,                   0,              0.0809
       128,       182,      1.00,              2.1981,                   0,              0.1544
       128,       183,      1.00,              0.5955,                   0,              0.0294
       128,       184,      1.00,              0.4043,                   0,              0.0294
       128,       185,      1.00,              0.5661,                   0,              0.0294
       128,       186,      1.00,              0.1764,                   0,              0.0147
       128,       187,      1.00,              0.1103,                   0,              0.0074
       128,       188,      1.00,              0.7131,                   0,              0.0515
       128,       189,      1.00,              0.1470,                   0,              0.0074
       128,       190,      1.00,              0.2499,                   0,              0.0221
       128,       191,      1.00,              0.0588,                   0,              0.0074
       128,       192,      1.00,              0.1985,                   0,              0.0294
       128,       193,      1.00,              0.0221,                   0,              0.0074
       128,       194,      1.00,              0.0074,                   0,              0.0074
       128,       195,      1.00,              0.3823,                   0,              0.0221
       128,       196,      1.00,              0.1544,                   0,              0.0221
       128,       197,      1.00,              0.0074,                   0,              0.0074
       128,       198,      1.00,              0.0368,                   0,              0.0074
       128,       199,      1.00,              0.0074,                   0,                   0
       128,       200,      1.00,              0.0515,                   0,              0.0074
       128,       201,      1.00,              0.1029,                   0,              0.0147
       128,       202,      1.00,              0.0221,                   0,              0.0074
       128,       203,      1.00,              0.0221,                   0,              0.0074
       128,       204,      1.00,              0.0147,                   0,              0.0074
       128,       205,      1.00,              0.0147,                   0,              0.0074
       128,       207,      1.00,              0.1470,                   0,              0.0147
       128,       208,      1.00,              0.3161,                   0,              0.0441
       128,       209,      1.00,              0.3823,                   0,              0.1323
       128,       210,      1.00,              0.1397,                   0,              0.0735
       128,       211,      1.00,              0.5293,                   0,              0.0515
       128,       212,      1.00,              0.9851,                   0,              0.1838
       128,       213,      1.00,              0.7131,                   0,              0.1250
       128,       214,      1.00,              0.2058,                   0,              0.0147
       128,       218,      1.00,                   0,                   0,              0.0074
       128,       219,      1.00,                   0,                   0,              0.0074
       128,       224,      1.00,                   0,                   0,              0.0221
       128,       226,      1.00,                   0,                   0,              0.0147
       128,       227,      1.00,                   0,                   0,              0.0074
       128,       228,      1.00,                   0,                   0,              0.0074
       129,         1,      1.00,              0.0515,                   0,                   0
       129,         2,      1.00,              0.0221,                   0,                   0
       129,         5,      1.00,              0.0147,                   0,                   0
       129,         6,      1.00,              0.1985,                   0,                   0
       129,         7,      1.00,              0.2794,                   0,                   0
       129,         8,      1.00,              0.2058,                   0,              0.0074
       129,         9,      1.00,              0.0588,                   0,                   0
       129,        11,      1.00,              0.0074,                   0,                   0
       129,        12,      1.00,              0.0809,                   0,              0.0074
       129,        13,      1.00,              0.1176,                   0,              0.0074
       129,        14,      1.00,              0.1617,                   0,              0.0368
       129,        15,      1.00,              0.1029,                   0,              0.0441
       129,        17,      1.00,              0.2058,                   0,                   0
       129,        18,      1.00,              0.1544,                   0,                   0
       129,        19,      1.00,              0.2058,                   0,                   0
       129,        20,      1.00,              0.1911,                   0,                   0
       129,        22,      1.00,              0.2058,                   0,                   0
       129,        23,      1.00,                   0,                   0,              0.0147
       129,        24,      1.00,              0.0809,                   0,              0.0147
       129,        26,      1.00,                   0,                   0,              0.0074
       129,        27,      1.00,                   0,                   0,              0.0074
       129,        28,      1.00,              0.0662,                   0,              0.0221
       129,        29,      1.00,                   0,                   0,              0.0074
       129,        30,      1.00,                   0,                   0,              0.0147
       129,        31,      1.00,                   0,                   0,              0.0147
       129,        32,      1.00,              0.4117,                   0,              0.0147
       129,        33,      1.00,                   0,                   0,              0.0294
       129,        35,      1.00,              0.1397,                   0,              0.0074
       129,        36,      1.00,              0.0956,                   0,              0.0147
       129,        37,      1.00,              0.4117,                   0,              0.0074
       129,        38,      1.00,                   0,                   0,              0.0074
       129,        39,      1.00,              0.1103,                   0,              0.0147
       129,        40,      1.00,              0.0441,                   0,              0.0074
       129,        41,      1.00,              0.1985,                   0,              0.0441
       129,        42,      1.00,              0.0809,                   0,              0.0074
       129,        43,      1.00,              0.0515,                   0,              0.0441
       129,        44,      1.00,              0.1397,                   0,              0.0809
       129,        45,      1.00,              0.4925,                   0,              0.1250
       129,        46,      1.00,              0.3014,                   0,              0.1176
       129,        47,      1.00,              0.1176,                   0,              0.0294
       129,        48,      1.00,              0.0074,                   0,              0.0147
       129,        49,      1.00,              0.0882,                   0,              0.0221
       129,        50,      1.00,              0.0221,                   0,              0.0735
       129,        52,      1.00,              0.0588,                   0,              0.0294
       129,        53,      1.00,                   0,                   0,              0.0074
       129,        55,      1.00,              0.1103,                   0,              0.0294
       129,        56,      1.00,              0.1691,                   0,              0.0515
       129,        57,      1.00,              0.0074,                   0,                   0
       129,        58,      1.00,              0.1397,                   0,              0.0662
       129,        59,      1.00,                   0,                   0,              0.0294
       129,        60,      1.00,              0.2058,                   0,              0.0147
       129,        61,      1.00,              0.0074,                   0,              0.0294
       129,        62,      1.00,              0.4117,                   0,              0.0221
       129,        63,      1.00,                   0,                   0,              0.0221
       129,        64,      1.00,              0.0074,                   0,              0.0294
       129,        65,      1.00,              0.4190,                   0,              0.0074
       129,        67,      1.00,              0.2205,                   0,              0.0441
       129,        68,      1.00,                   0,                   0,              0.0147
       129,        69,      1.00,              0.2132,                   0,              0.0441
       129,        70,      1.00,                   0,                   0,              0.0074
       129,        71,      1.00,              0.4117,                   0,              0.0147
       129,        72,      1.00,                   0,                   0,              0.0221
       129,        73,      1.00,              0.0074,                   0,              0.0221
       129,        74,      1.00,              0.2132,                   0,              0.0074
       129,        75,      1.00,              0.6322,                   0,              0.0735
       129,        76,      1.00,              0.1103,                   0,              0.0441
       129,        77,      1.00,                   0,                   0,              0.0368
       129,        78,      1.00,                   0,                   0,              0.0074
       129,        79,      1.00,              0.7278,                   0,              0.0294
       129,        80,      1.00,              0.6837,                   0,              0.0294
       129,        81,      1.00,              0.8895,                   0,              0.0368
       129,        82,      1.00,              0.4190,                   0,              0.0147
       129,        83,      1.00,              1.0660,                   0,              0.1176
       129,        84,      1.00,              1.5291,                   0,              0.1911
       129,        85,      1.00,              1.1395,                   0,              0.1323
       129,        86,      1.00,              1.4703,                   0,              0.1323
       129,        87,      1.00,              0.1103,                   0,              0.0074
       129,        88,      1.00,              0.3088,                   0,              0.0074
       129,        89,      1.00,              1.3380,                   0,              0.0221
       129,        90,      1.00,              0.9116,                   0,              0.0735
       129,        91,      1.00,              0.6249,                   0,              0.0662
       129,        92,      1.00,              3.7860,                   0,              0.1691
       129,        93,      1.00,              0.6028,                   0,              0.0368
       129,        94,      1.00,              0.4705,                   0,              0.0735
       129,        95,      1.00,              5.4768,                   0,              0.1838
       129,        96,      1.00,                   0,                   0,              0.0294
       129,        97,      1.00,                   0,                   0,              0.0074
       129,        98,      1.00,                   0,                   0,              0.0074
       129,        99,      1.00,              0.2058,                   0,              0.0147
       129,       100,      1.00,              0.4190,                   0,              0.1323
       129,       101,      1.00,              0.0074,                   0,              0.0515
       129,       103,      1.00,              2.2422,                   0,              0.0809
       129,       104,      1.00,              0.8307,                   0,              0.0515
       129,       105,      1.00,              1.8158,                   0,              0.0368
       129,       106,      1.00,              1.3453,                   0,              0.0515
       129,       107,      1.00,              0.9410,                   0,              0.0368
       129,       108,      1.00,              0.1103,                   0,              0.0147
       129,       109,      1.00,              0.2132,                   0,              0.0221
       129,       110,      1.00,              0.4117,                   0,              0.0074
       129,       111,      1.00,              0.8234,                   0,              0.0074
       129,       112,      1.00,              0.1103,                   0,              0.0221
       129,       114,      1.00,              0.6837,                   0,              0.1397
       129,       115,      1.00,                   0,                   0,              0.0515
       129,       116,      1.00,              0.5146,                   0,              0.0368
       129,       117,      1.00,              7.2118,                   0,              0.1911
       129,       118,      1.00,             11.5859,                   0,              0.1985
       129,       119,      1.00,              3.0729,                   0,              0.2132
       129,       120,      1.00,              2.2128,                   0,              0.1176
       129,       121,      1.00,              7.5279,                   0,              0.2426
       129,       122,      1.00,              8.5718,                   0,              0.0956
       129,       123,      1.00,              6.7119,                   0,              0.1323
       129,       124,      1.00,             10.2847,                   0,              0.1397
       129,       125,      1.00,              2.9332,                   0,              0.0882
       129,       126,      1.00,              7.8366,                   0,              0.2647
       129,       127,      1.00,             20.8781,                   0,              0.4411
       129,       128,      1.00,              2.9553,                   0,              0.1250
       129,       129,      1.00,             10.7478,                   0,              0.0735
       129,       130,      1.00,              5.5577,                   0,              0.0515
       129,       131,      1.00,              2.6024,                   0,              0.0588
       129,       132,      1.00,              3.4184,                   0,              0.0441
       129,       133,      1.00,              1.6173,                   0,              0.0662
       129,       134,      1.00,              1.3159,                   0,              0.0515
       129,       135,      1.00,              3.2861,                   0,              0.1103
       129,       136,      1.00,              3.5066,                   0,              0.1323
       129,       137,      1.00,              0.6469,                   0,              0.0735
       129,       138,      1.00,              1.5512,                   0,              0.1250
       129,       139,      1.00,              0.4778,                   0,              0.0221
       129,       140,      1.00,              2.4848,                   0,              0.1544
       129,       141,      1.00,              2.2569,                   0,              0.1029
       129,       142,      1.00,              1.5806,                   0,              0.0809
       129,       143,      1.00,              4.3962,                   0,              0.1250
       129,       144,      1.00,              0.0956,                   0,              0.0221
       129,       145,      1.00,              0.9630,                   0,              0.0441
       129,       146,      1.00,              3.1832,                   0,              0.2794
       129,       147,      1.00,              0.3823,                   0,              0.0735
       129,       148,      1.00,              1.8673,                   0,              0.0662
       129,       149,      1.00,              1.6541,                   0,              0.0882
       129,       150,      1.00,              1.0513,                   0,              0.0662
       129,       151,      1.00,              1.0660,                   0,              0.1544
       129,       152,      1.00,              0.3676,                   0,              0.0368
       129,       153,      1.00,              0.3455,                   0,              0.0294
       129,       154,      1.00,              1.9114,                   0,              0.1544
       129,       155,      1.00,              1.2571,                   0,              0.1544
       129,       156,      1.00,              0.1397,                   0,              0.0221
       129,       157,      1.00,              0.0809,                   0,              0.0147
       129,       158,      1.00,                   0,                   0,              0.0294
       129,       159,      1.00,              0.0588,                   0,              0.0147
       129,       160,      1.00,              0.7278,                   0,              0.0441
       129,       161,      1.00,              1.0807,                   0,              0.0588
       129,       162,      1.00,              0.8013,                   0,              0.1250
       129,       163,      1.00,              0.0956,                   0,              0.0147
       129,       164,      1.00,              0.5220,                   0,              0.0662
       129,       165,      1.00,              0.7425,                   0,              0.0735
       129,       166,      1.00,              1.0660,                   0,              0.0882
       129,       167,      1.00,              0.9116,                   0,              0.0735
       129,       168,      1.00,              0.5734,                   0,              0.0441
       129,       169,      1.00,              0.4190,                   0,              0.0221
       129,       170,      1.00,              0.3014,                   0,              0.0735
       129,       171,      1.00,              0.0147,                   0,              0.0147
       129,       172,      1.00,              0.4411,                   0,              0.0882
       129,       173,      1.00,              0.0515,                   0,                   0
       129,       174,      1.00,              0.2058,                   0,              0.0294
       129,       175,      1.00,              0.4852,                   0,              0.0441
       129,       176,      1.00,              0.0074,                   0,                   0
       129,       177,      1.00,              0.3749,                   0,              0.0515
       129,       178,      1.00,              0.6910,                   0,              0.0662
       129,       179,      1.00,              1.1762,                   0,              0.0809
       129,       180,      1.00,              0.1691,                   0,              0.0074
       129,       181,      1.00,              0.5072,                   0,              0.0368
       129,       182,      1.00,              0.5220,                   0,              0.0515
       129,       183,      1.00,              0.1176,                   0,                   0
       129,       184,      1.00,              0.1691,                   0,              0.0074
       129,       185,      1.00,              0.1470,                   0,                   0
       129,       186,      1.00,              0.0956,                   0,                   0
       129,       187,      1.00,              0.0441,                   0,                   0
       129,       188,      1.00,              0.2058,                   0,              0.0147
       129,       189,      1.00,              0.0441,                   0,                   0
       129,       190,      1.00,              0.0588,                   0,                   0
       129,       191,      1.00,              0.0441,                   0,              0.0147
       129,       192,      1.00,              0.0735,                   0,              0.0074
       129,       195,      1.00,              0.0441,                   0,              0.0074
       129,       196,      1.00,              0.0515,                   0,              0.0074
       129,       197,      1.00,              0.0221,                   0,                   0
       129,       199,      1.00,              0.0074,                   0,                   0
       129,       200,      1.00,              0.0221,                   0,                   0
       129,       201,      1.00,              0.0294,                   0,                   0
       129,       202,      1.00,              0.0368,                   0,                   0
       129,       203,      1.00,              0.0221,                   0,                   0
       129,       207,      1.00,              0.0294,                   0,                   0
       129,       208,      1.00,              0.2499,                   0,              0.0588
       129,       209,      1.00,              0.3382,                   0,              0.1397
       129,       210,      1.00,              0.3455,                   0,              0.0882
       129,       211,      1.00,              0.1103,                   0,              0.0294
       129,       212,      1.00,              0.3529,                   0,              0.0515
       129,       213,      1.00,              0.3676,                   0,              0.0735
       129,       214,      1.00,              0.1250,                   0,              0.0147
       129,       224,      1.00,                   0,                   0,              0.0147
       129,       226,      1.00,                   0,                   0,              0.0074
       130,         2,      1.00,              0.0221,                   0,                   0
       130,         4,      1.00,              0.0294,                   0,                   0
       130,         5,      1.00,              0.0735,                   0,                   0
       130,         6,      1.00,              0.0735,                   0,                   0
       130,         7,      1.00,              0.1029,                   0,                   0
       130,         8,      1.00,              0.2941,                   0,              0.0074
       130,         9,      1.00,              0.2205,                   0,                   0
       130,        10,      1.00,              0.0147,                   0,                   0
       130,        11,      1.00,              0.0809,                   0,                   0
       130,        12,      1.00,              0.0368,                   0,                   0
       130,        13,      1.00,              0.2205,                   0,                   0
       130,        14,      1.00,              0.2499,                   0,              0.0074
       130,        15,      1.00,              0.2132,                   0,              0.0147
       130,        17,      1.00,              0.0368,                   0,                   0
       130,        18,      1.00,              0.0221,                   0,                   0
       130,        19,      1.00,              0.0588,                   0,                   0
       130,        20,      1.00,              0.0735,                   0,                   0
       130,        21,      1.00,              0.0294,                   0,              0.0074
       130,        23,      1.00,              0.0294,                   0,              0.0074
       130,        24,      1.00,              0.0515,                   0,              0.0074
       130,        26,      1.00,              0.0294,                   0,                   0
       130,        27,      1.00,              0.0515,                   0,                   0
       130,        28,      1.00,              0.0294,                   0,              0.0221
       130,        29,      1.00,              0.0294,                   0,                   0
       130,        30,      1.00,              0.2058,                   0,              0.0074
       130,        31,      1.00,                   0,                   0,              0.0074
       130,        32,      1.00,              0.0809,                   0,                   0
       130,        33,      1.00,              0.0662,                   0,              0.0147
       130,        34,      1.00,              0.0294,                   0,                   0
       130,        35,      1.00,              0.1691,                   0,                   0
       130,        36,      1.00,              0.0294,                   0,              0.0074
       130,        37,      1.00,              0.0294,                   0,                   0
       130,        38,      1.00,              0.0294,                   0,                   0
       130,        39,      1.00,              0.0588,                   0,              0.0074
       130,        40,      1.00,              0.0294,                   0,                   0
       130,        41,      1.00,              0.1323,                   0,              0.0221
       130,        42,      1.00,              0.0221,                   0,                   0
       130,        43,      1.00,              0.0515,                   0,              0.0147
       130,        44,      1.00,              0.1911,                   0,              0.0294
       130,        45,      1.00,              0.2720,                   0,              0.0662
       130,        46,      1.00,              0.1838,                   0,              0.0515
       130,        47,      1.00,              0.0735,                   0,              0.0074
       130,        48,      1.00,                   0,                   0,              0.0147
       130,        49,      1.00,              0.0441,                   0,              0.0147
       130,        50,      1.00,                   0,                   0,              0.0735
       130,        52,      1.00,              0.1397,                   0,              0.0147
       130,        55,      1.00,              0.1176,                   0,              0.0147
       130,        56,      1.00,              0.0588,                   0,              0.0147
       130,        58,      1.00,              0.1397,                   0,              0.0221
       130,        59,      1.00,              0.0368,                   0,              0.0147
       130,        60,      1.00,              0.0809,                   0,              0.0074
       130,        61,      1.00,                   0,                   0,              0.0147
       130,        62,      1.00,              0.0515,                   0,              0.0074
       130,        63,      1.00,              0.2058,                   0,              0.0147
       130,        64,      1.00,                   0,                   0,              0.0221
       130,        65,      1.00,              0.0294,                   0,              0.0074
       130,        66,      1.00,              0.0662,                   0,                   0
       130,        67,      1.00,              0.1691,                   0,              0.0221
       130,        68,      1.00,              0.0588,                   0,              0.0074
       130,        69,      1.00,              0.1323,                   0,              0.0221
       130,        70,      1.00,              0.0809,                   0,                   0
       130,        71,      1.00,              0.0515,                   0,              0.0147
       130,        72,      1.00,              0.0147,                   0,              0.0074
       130,        73,      1.00,              0.0147,                   0,              0.0147
       130,        74,      1.00,              0.1470,                   0,              0.0074
       130,        75,      1.00,              0.3602,                   0,              0.0441
       130,        76,      1.00,              0.1617,                   0,              0.0294
       130,        77,      1.00,              0.0515,                   0,              0.0368
       130,        79,      1.00,              0.5146,                   0,              0.0147
       130,        80,      1.00,              0.3749,                   0,              0.0074
       130,        81,      1.00,              0.5734,                   0,              0.0221
       130,        82,      1.00,              0.0662,                   0,              0.0074
       130,        83,      1.00,              0.4558,                   0,              0.0588
       130,        84,      1.00,              0.8234,                   0,              0.0956
       130,        85,      1.00,              0.9189,                   0,              0.0588
       130,        86,      1.00,              0.9116,                   0,              0.0515
       130,        87,      1.00,              0.4631,                   0,                   0
       130,        88,      1.00,              0.2205,                   0,              0.0074
       130,        89,      1.00,              0.4117,                   0,              0.0147
       130,        90,      1.00,              0.6322,                   0,              0.0368
       130,        91,      1.00,              0.3749,                   0,              0.0294
       130,        92,      1.00,              2.4480,                   0,              0.0956
       130,        93,      1.00,              0.4484,                   0,              0.0221
       130,        94,      1.00,              0.1544,                   0,              0.0441
       130,        95,      1.00,              2.8818,                   0,              0.1029
       130,        96,      1.00,              0.1323,                   0,              0.0294
       130,        97,      1.00,              0.0147,                   0,              0.0074
       130,        98,      1.00,                   0,                   0,              0.0074
       130,       100,      1.00,              0.4190,                   0,              0.0882
       130,       101,      1.00,              0.2132,                   0,              0.0294
       130,       102,      1.00,              0.1029,                   0,                   0
       130,       103,      1.00,              1.2644,                   0,              0.0515
       130,       104,      1.00,              0.7572,                   0,              0.0368
       130,       105,      1.00,              1.0954,                   0,              0.0221
       130,       106,      1.00,              0.5367,                   0,              0.0294
       130,       107,      1.00,              0.8234,                   0,              0.0221
       130,       108,      1.00,              0.0074,                   0,              0.0074
       130,       109,      1.00,              0.4337,                   0,              0.0147
       130,       110,      1.00,              0.3529,                   0,              0.0074
       130,       111,      1.00,              0.1911,                   0,                   0
       130,       112,      1.00,              0.3088,                   0,              0.0074
       130,       114,      1.00,              0.6249,                   0,              0.0735
       130,       115,      1.00,                   0,                   0,              0.0441
       130,       116,      1.00,              0.9998,                   0,              0.0294
       130,       117,      1.00,              3.0214,                   0,              0.0588
       130,       118,      1.00,              4.7270,                   0,              0.0956
       130,       119,      1.00,              2.3525,                   0,              0.2647
       130,       120,      1.00,              1.3968,                   0,              0.0588
       130,       121,      1.00,              4.2050,                   0,              0.1911
       130,       122,      1.00,              2.9332,                   0,              0.0809
       130,       123,      1.00,              4.3962,                   0,              0.0735
       130,       124,      1.00,              8.6821,                   0,              0.1176
       130,       125,      1.00,              1.0366,                   0,              0.0515
       130,       126,      1.00,              4.8667,                   0,              0.5881
       130,       127,      1.00,             17.0921,                   0,              0.6837
       130,       128,      1.00,              3.9036,                   0,              0.1176
       130,       129,      1.00,              5.4401,                   0,              0.0441
       130,       130,      1.00,             12.0711,                   0,              0.0294
       130,       131,      1.00,              2.1613,                   0,              0.0515
       130,       132,      1.00,              5.0504,                   0,              0.0368
       130,       133,      1.00,              0.6543,                   0,              0.0221
       130,       134,      1.00,              1.3233,                   0,              0.0294
       130,       135,      1.00,              4.5947,                   0,              0.0662
       130,       136,      1.00,              2.1099,                   0,              0.0735
       130,       137,      1.00,              1.1248,                   0,              0.0294
       130,       138,      1.00,              2.0878,                   0,              0.0882
       130,       139,      1.00,              0.2058,                   0,              0.0147
       130,       140,      1.00,              3.7419,                   0,              0.0882
       130,       141,      1.00,              2.5510,                   0,              0.0809
       130,       142,      1.00,              1.8820,                   0,              0.0588
       130,       143,      1.00,              7.2706,                   0,              0.0956
       130,       144,      1.00,              0.4484,                   0,              0.0147
       130,       145,      1.00,              1.3380,                   0,              0.0368
       130,       146,      1.00,              4.4035,                   0,              0.1323
       130,       147,      1.00,              1.1542,                   0,              0.0515
       130,       148,      1.00,              2.0069,                   0,              0.0735
       130,       149,      1.00,              1.4482,                   0,              0.0662
       130,       150,      1.00,              1.3821,                   0,              0.0515
       130,       151,      1.00,              1.4850,                   0,              0.1397
       130,       152,      1.00,              0.3455,                   0,              0.0368
       130,       153,      1.00,              0.3088,                   0,              0.0294
       130,       154,      1.00,              2.1834,                   0,              0.1323
       130,       155,      1.00,              1.2792,                   0,              0.1470
       130,       156,      1.00,              0.2647,                   0,              0.0147
       130,       157,      1.00,              0.2058,                   0,              0.0074
       130,       158,      1.00,                   0,                   0,              0.0441
       130,       159,      1.00,                   0,                   0,              0.0074
       130,       160,      1.00,              0.6690,                   0,              0.0294
       130,       161,      1.00,              1.4997,                   0,              0.0588
       130,       162,      1.00,              1.1689,                   0,              0.0515
       130,       163,      1.00,              0.0956,                   0,              0.0074
       130,       164,      1.00,              1.4409,                   0,              0.0515
       130,       165,      1.00,              1.1027,                   0,              0.0588
       130,       166,      1.00,              1.7129,                   0,              0.0735
       130,       167,      1.00,              1.1542,                   0,              0.0441
       130,       168,      1.00,              0.8601,                   0,              0.0294
       130,       169,      1.00,              0.3602,                   0,              0.0147
       130,       170,      1.00,              0.6469,                   0,              0.0662
       130,       172,      1.00,              0.8895,                   0,              0.0441
       130,       173,      1.00,              0.0662,                   0,                   0
       130,       174,      1.00,              0.4337,                   0,              0.0147
       130,       175,      1.00,              0.7057,                   0,              0.0221
       130,       176,      1.00,              0.0515,                   0,                   0
       130,       177,      1.00,              0.5072,                   0,              0.0294
       130,       178,      1.00,              0.9557,                   0,              0.0588
       130,       179,      1.00,              1.1983,                   0,              0.0588
       130,       180,      1.00,              0.0809,                   0,              0.0074
       130,       181,      1.00,              0.4558,                   0,              0.0221
       130,       182,      1.00,              0.8013,                   0,              0.0294
       130,       183,      1.00,              0.1250,                   0,                   0
       130,       184,      1.00,              0.1911,                   0,                   0
       130,       185,      1.00,              0.1764,                   0,                   0
       130,       186,      1.00,              0.0441,                   0,                   0
       130,       187,      1.00,              0.0441,                   0,                   0
       130,       188,      1.00,              0.2794,                   0,              0.0074
       130,       190,      1.00,              0.0735,                   0,                   0
       130,       192,      1.00,              0.1911,                   0,              0.0074
       130,       193,      1.00,              0.0221,                   0,                   0
       130,       195,      1.00,              0.1250,                   0,                   0
       130,       196,      1.00,              0.0221,                   0,              0.0074
       130,       197,      1.00,              0.0221,                   0,                   0
       130,       198,      1.00,              0.0368,                   0,                   0
       130,       199,      1.00,              0.0074,                   0,                   0
       130,       201,      1.00,              0.0368,                   0,                   0
       130,       202,      1.00,              0.0147,                   0,                   0
       130,       207,      1.00,              0.0221,                   0,                   0
       130,       208,      1.00,              0.1764,                   0,              0.0147
       130,       209,      1.00,              0.4043,                   0,              0.0588
       130,       210,      1.00,              0.2058,                   0,              0.0294
       130,       211,      1.00,              0.8307,                   0,              0.0147
       130,       212,      1.00,              0.0147,                   0,              0.0441
       130,       213,      1.00,              0.0662,                   0,              0.0221
       130,       214,      1.00,              0.1176,                   0,              0.0074
       130,       224,      1.00,                   0,                   0,              0.0147
       130,       226,      1.00,                   0,                   0,              0.0074
       131,         1,      1.00,              0.2058,                   0,                   0
       131,         8,      1.00,              0.3970,                   0,                   0
       131,        11,      1.00,              0.0221,                   0,                   0
       131,        13,      1.00,              0.0074,                   0,                   0
       131,        14,      1.00,              0.2132,                   0,                   0
       131,        15,      1.00,              0.6249,                   0,              0.0147
       131,        17,      1.00,                   0,                   0,              0.0074
       131,        21,      1.00,                   0,                   0,              0.0074
       131,        27,      1.00,              0.2132,                   0,                   0
       131,        28,      1.00,              0.2132,                   0,              0.0147
       131,        30,      1.00,                   0,                   0,              0.0074
       131,        31,      1.00,                   0,                   0,              0.0074
       131,        32,      1.00,              0.0074,                   0,              0.0074
       131,        33,      1.00,              0.0074,                   0,              0.0147
       131,        36,      1.00,              0.0074,                   0,              0.0074
       131,        37,      1.00,              0.0074,                   0,                   0
       131,        38,      1.00,              0.0074,                   0,                   0
       131,        39,      1.00,              0.2132,                   0,              0.0074
       131,        40,      1.00,              0.2132,                   0,                   0
       131,        41,      1.00,              0.4264,                   0,              0.0147
       131,        42,      1.00,                   0,                   0,              0.0074
       131,        43,      1.00,              0.2132,                   0,              0.0074
       131,        44,      1.00,              0.2205,                   0,              0.0221
       131,        45,      1.00,              0.5367,                   0,              0.0294
       131,        46,      1.00,              0.2279,                   0,              0.0368
       131,        47,      1.00,              0.0074,                   0,              0.0074
       131,        48,      1.00,                   0,                   0,              0.0074
       131,        49,      1.00,              0.2132,                   0,              0.0147
       131,        50,      1.00,                   0,                   0,              0.0368
       131,        52,      1.00,              0.0074,                   0,              0.0147
       131,        55,      1.00,              0.4190,                   0,              0.0147
       131,        56,      1.00,              0.1176,                   0,              0.0074
       131,        57,      1.00,              0.0074,                   0,                   0
       131,        58,      1.00,              0.2205,                   0,              0.0221
       131,        59,      1.00,              0.4117,                   0,              0.0147
       131,        60,      1.00,              0.1103,                   0,              0.0074
       131,        61,      1.00,              0.0074,                   0,              0.0147
       131,        62,      1.00,              0.0074,                   0,              0.0074
       131,        63,      1.00,              0.0074,                   0,              0.0147
       131,        64,      1.00,              0.0074,                   0,              0.0294
       131,        65,      1.00,              0.0074,                   0,              0.0074
       131,        66,      1.00,              0.0074,                   0,                   0
       131,        67,      1.00,              0.3382,                   0,              0.0294
       131,        68,      1.00,              0.1029,                   0,              0.0074
       131,        69,      1.00,              0.4190,                   0,              0.0221
       131,        71,      1.00,              0.4190,                   0,              0.0147
       131,        72,      1.00,                   0,                   0,              0.0074
       131,        73,      1.00,              0.0147,                   0,              0.0147
       131,        74,      1.00,              0.0074,                   0,              0.0074
       131,        75,      1.00,              0.6396,                   0,              0.0294
       131,        76,      1.00,              0.3161,                   0,              0.0074
       131,        77,      1.00,                   0,                   0,              0.0221
       131,        79,      1.00,              0.6984,                   0,              0.0221
       131,        80,      1.00,              0.4264,                   0,              0.0147
       131,        81,      1.00,              0.4337,                   0,              0.0368
       131,        82,      1.00,              0.0074,                   0,                   0
       131,        83,      1.00,              0.9263,                   0,              0.0441
       131,        84,      1.00,              1.3306,                   0,              0.0735
       131,        85,      1.00,              0.9630,                   0,              0.0441
       131,        86,      1.00,              0.8160,                   0,              0.0441
       131,        87,      1.00,              0.3161,                   0,              0.0074
       131,        88,      1.00,              0.2720,                   0,              0.0147
       131,        89,      1.00,              0.0662,                   0,              0.0368
       131,        90,      1.00,              0.2279,                   0,              0.0368
       131,        91,      1.00,              1.1027,                   0,              0.0221
       131,        92,      1.00,              2.3084,                   0,              0.1029
       131,        93,      1.00,              0.3235,                   0,              0.0221
       131,        94,      1.00,              0.3382,                   0,              0.0368
       131,        95,      1.00,              5.0357,                   0,              0.1323
       131,        96,      1.00,              0.5146,                   0,              0.0074
       131,        97,      1.00,                   0,                   0,              0.0074
       131,        98,      1.00,              0.0074,                   0,              0.0074
       131,        99,      1.00,              0.4117,                   0,                   0
       131,       100,      1.00,              0.9410,                   0,              0.0809
       131,       101,      1.00,              0.3235,                   0,              0.0147
       131,       102,      1.00,              0.2058,                   0,                   0
       131,       103,      1.00,              3.4846,                   0,              0.0662
       131,       104,      1.00,              1.4115,                   0,              0.0147
       131,       105,      1.00,              0.9042,                   0,              0.0368
       131,       106,      1.00,              1.6247,                   0,              0.0515
       131,       107,      1.00,              1.2571,                   0,              0.0294
       131,       108,      1.00,              0.0147,                   0,              0.0147
       131,       109,      1.00,              0.3529,                   0,              0.0147
       131,       110,      1.00,              0.7866,                   0,                   0
       131,       111,      1.00,              0.5808,                   0,              0.0074
       131,       112,      1.00,              0.4190,                   0,              0.0074
       131,       114,      1.00,              0.4264,                   0,              0.0809
       131,       115,      1.00,                   0,                   0,              0.0368
       131,       116,      1.00,              0.0882,                   0,              0.0515
       131,       117,      1.00,              5.1607,                   0,              0.1470
       131,       118,      1.00,             10.0200,                   0,              0.1470
       131,       119,      1.00,              2.0511,                   0,              0.1250
       131,       120,      1.00,              0.7940,                   0,              0.0515
       131,       121,      1.00,              4.4623,                   0,              0.1323
       131,       122,      1.00,              5.4768,                   0,              0.1544
       131,       123,      1.00,             10.0421,                   0,              0.1103
       131,       124,      1.00,              7.0427,                   0,              0.1691
       131,       125,      1.00,              2.1393,                   0,              0.0956
       131,       126,      1.00,              2.5215,                   0,              0.2720
       131,       127,      1.00,              7.1677,                   0,              0.3529
       131,       128,      1.00,              1.3086,                   0,              0.1103
       131,       129,      1.00,              3.5213,                   0,              0.0588
       131,       130,      1.00,              1.7570,                   0,              0.0441
       131,       131,      1.00,              8.2483,                   0,              0.0441
       131,       132,      1.00,              1.6467,                   0,              0.0515
       131,       133,      1.00,              0.7278,                   0,              0.0588
       131,       134,      1.00,              0.8675,                   0,              0.0368
       131,       135,      1.00,              2.3525,                   0,              0.0882
       131,       136,      1.00,              0.9777,                   0,              0.1176
       131,       137,      1.00,              0.2205,                   0,              0.0441
       131,       138,      1.00,              1.0586,                   0,              0.0735
       131,       139,      1.00,              0.0074,                   0,              0.0147
       131,       140,      1.00,              2.5068,                   0,              0.0882
       131,       141,      1.00,              1.0660,                   0,              0.1029
       131,       142,      1.00,              0.6028,                   0,              0.0588
       131,       143,      1.00,              2.3451,                   0,              0.1838
       131,       144,      1.00,              0.2205,                   0,              0.0441
       131,       145,      1.00,              0.4558,                   0,              0.0588
       131,       146,      1.00,              2.0143,                   0,              0.2794
       131,       147,      1.00,              0.4778,                   0,              0.1176
       131,       148,      1.00,              1.1248,                   0,              0.0956
       131,       149,      1.00,              0.7425,                   0,              0.1470
       131,       150,      1.00,              0.6910,                   0,              0.0735
       131,       151,      1.00,              0.5072,                   0,              0.1470
       131,       152,      1.00,              0.2647,                   0,              0.0441
       131,       153,      1.00,              0.2647,                   0,              0.0368
       131,       154,      1.00,              1.5291,                   0,              0.1544
       131,       155,      1.00,              0.9042,                   0,              0.1470
       131,       156,      1.00,              0.0662,                   0,              0.0221
       131,       157,      1.00,              0.4117,                   0,              0.0074
       131,       158,      1.00,                   0,                   0,              0.0368
       131,       159,      1.00,              0.2132,                   0,              0.0147
       131,       160,      1.00,              0.4558,                   0,              0.0368
       131,       161,      1.00,              0.9777,                   0,              0.0882
       131,       162,      1.00,              1.1983,                   0,              0.1029
       131,       163,      1.00,              0.1029,                   0,              0.0074
       131,       164,      1.00,              0.8822,                   0,              0.0735
       131,       165,      1.00,              0.5514,                   0,              0.0809
       131,       166,      1.00,              0.7719,                   0,              0.1176
       131,       167,      1.00,              0.8087,                   0,              0.1103
       131,       168,      1.00,              0.3529,                   0,              0.0515
       131,       169,      1.00,              0.3602,                   0,              0.0147
       131,       170,      1.00,              0.5293,                   0,              0.0221
       131,       171,      1.00,                   0,                   0,              0.0147
       131,       172,      1.00,              0.6322,                   0,              0.0147
       131,       174,      1.00,              0.4264,                   0,                   0
       131,       175,      1.00,              0.3455,                   0,              0.0074
       131,       177,      1.00,              0.3235,                   0,              0.0515
       131,       178,      1.00,              0.5440,                   0,              0.0735
       131,       179,      1.00,              0.8087,                   0,              0.1176
       131,       180,      1.00,              0.0662,                   0,              0.0074
       131,       181,      1.00,              0.6322,                   0,              0.0147
       131,       182,      1.00,              0.4705,                   0,              0.0662
       131,       183,      1.00,              0.2132,                   0,                   0
       131,       184,      1.00,              0.4190,                   0,                   0
       131,       185,      1.00,              0.2132,                   0,                   0
       131,       188,      1.00,              0.0074,                   0,              0.0074
       131,       190,      1.00,              0.0074,                   0,                   0
       131,       191,      1.00,                   0,                   0,              0.0074
       131,       192,      1.00,                   0,                   0,              0.0074
       131,       195,      1.00,              0.5146,                   0,                   0
       131,       196,      1.00,                   0,                   0,              0.0074
       131,       204,      1.00,              0.2058,                   0,                   0
       131,       205,      1.00,              0.1029,                   0,                   0
       131,       208,      1.00,              0.2132,                   0,              0.0147
       131,       209,      1.00,              0.2279,                   0,              0.0441
       131,       210,      1.00,              0.0074,                   0,              0.0294
       131,       211,      1.00,              0.0147,                   0,              0.0294
       131,       212,      1.00,              0.4337,                   0,              0.0294
       131,       213,      1.00,              0.3308,                   0,              0.0368
       131,       214,      1.00,              0.1176,                   0,              0.0074
       131,       219,      1.00,                   0,                   0,              0.0074
       131,       224,      1.00,                   0,                   0,              0.0221
       131,       226,      1.00,                   0,                   0,              0.0147
       132,         1,      1.00,              0.0294,                   0,                   0
       132,         3,      1.00,              0.0221,                   0,                   0
       132,         4,      1.00,              0.0368,                   0,                   0
       132,         5,      1.00,              0.0515,                   0,                   0
       132,         6,      1.00,              0.0735,                   0,                   0
       132,         7,      1.00,              0.0809,                   0,                   0
       132,         8,      1.00,              0.2426,                   0,              0.0074
       132,         9,      1.00,              0.1470,                   0,                   0
       132,        10,      1.00,              0.0221,                   0,                   0
       132,        11,      1.00,              0.0588,                   0,                   0
       132,        12,      1.00,              0.0735,                   0,                   0
       132,        13,      1.00,              0.0294,                   0,                   0
       132,        14,      1.00,              0.1764,                   0,              0.0074
       132,        15,      1.00,              0.2647,                   0,              0.0074
       132,        17,      1.00,              0.0735,                   0,                   0
       132,        18,      1.00,              0.0735,                   0,                   0
       132,        19,      1.00,              0.0441,                   0,                   0
       132,        20,      1.00,              0.0221,                   0,                   0
       132,        22,      1.00,              0.0735,                   0,                   0
       132,        23,      1.00,              0.0882,                   0,              0.0074
       132,        24,      1.00,              0.0368,                   0,                   0
       132,        25,      1.00,              0.0294,                   0,                   0
       132,        26,      1.00,              0.0515,                   0,                   0
       132,        27,      1.00,              0.0809,                   0,                   0
       132,        28,      1.00,              0.0662,                   0,              0.0221
       132,        29,      1.00,              0.0294,                   0,                   0
       132,        30,      1.00,                   0,                   0,              0.0074
       132,        31,      1.00,                   0,                   0,              0.0074
       132,        32,      1.00,              0.1176,                   0,                   0
       132,        33,      1.00,                   0,                   0,              0.0074
       132,        34,      1.00,              0.0662,                   0,                   0
       132,        35,      1.00,              0.1544,                   0,                   0
       132,        36,      1.00,              0.1029,                   0,              0.0074
       132,        37,      1.00,              0.0515,                   0,                   0
       132,        38,      1.00,              0.0662,                   0,                   0
       132,        39,      1.00,              0.0588,                   0,              0.0074
       132,        40,      1.00,              0.0662,                   0,                   0
       132,        41,      1.00,              0.1397,                   0,              0.0221
       132,        43,      1.00,              0.0809,                   0,              0.0147
       132,        44,      1.00,              0.0809,                   0,              0.0294
       132,        45,      1.00,              0.4411,                   0,              0.0588
       132,        46,      1.00,              0.1985,                   0,              0.0441
       132,        47,      1.00,              0.0294,                   0,              0.0074
       132,        48,      1.00,                   0,                   0,              0.0147
       132,        49,      1.00,              0.1176,                   0,              0.0074
       132,        50,      1.00,                   0,                   0,              0.0735
       132,        52,      1.00,              0.0662,                   0,              0.0147
       132,        53,      1.00,              0.0147,                   0,                   0
       132,        54,      1.00,              0.0368,                   0,                   0
       132,        55,      1.00,              0.0956,                   0,              0.0147
       132,        56,      1.00,              0.0662,                   0,              0.0147
       132,        58,      1.00,              0.1250,                   0,              0.0221
       132,        59,      1.00,              0.0294,                   0,              0.0147
       132,        60,      1.00,                   0,                   0,              0.0074
       132,        61,      1.00,                   0,                   0,              0.0147
       132,        62,      1.00,              0.0588,                   0,              0.0074
       132,        63,      1.00,              0.2058,                   0,              0.0147
       132,        64,      1.00,                   0,                   0,              0.0221
       132,        65,      1.00,              0.0588,                   0,              0.0074
       132,        66,      1.00,              0.0294,                   0,                   0
       132,        67,      1.00,              0.0956,                   0,              0.0221
       132,        68,      1.00,              0.0588,                   0,              0.0074
       132,        69,      1.00,              0.1029,                   0,              0.0221
       132,        70,      1.00,              0.0294,                   0,                   0
       132,        71,      1.00,              0.0809,                   0,              0.0147
       132,        72,      1.00,              0.0294,                   0,              0.0074
       132,        73,      1.00,              0.0074,                   0,              0.0147
       132,        74,      1.00,              0.0515,                   0,              0.0074
       132,        75,      1.00,              0.4778,                   0,              0.0441
       132,        76,      1.00,              0.1691,                   0,              0.0294
       132,        77,      1.00,              0.1029,                   0,              0.0368
       132,        78,      1.00,              0.2058,                   0,                   0
       132,        79,      1.00,              0.2794,                   0,              0.0221
       132,        80,      1.00,              0.2867,                   0,              0.0074
       132,        81,      1.00,              0.5514,                   0,              0.0221
       132,        82,      1.00,              0.1103,                   0,              0.0074
       132,        83,      1.00,              0.7204,                   0,              0.0588
       132,        84,      1.00,              0.6616,                   0,              0.0882
       132,        85,      1.00,              0.6910,                   0,              0.0515
       132,        86,      1.00,              0.8454,                   0,              0.0515
       132,        87,      1.00,              0.1544,                   0,                   0
       132,        88,      1.00,              0.2426,                   0,              0.0074
       132,        89,      1.00,              0.3235,                   0,              0.0147
       132,        90,      1.00,              0.3896,                   0,              0.0368
       132,        91,      1.00,              0.4043,                   0,              0.0294
       132,        92,      1.00,              2.3598,                   0,              0.0882
       132,        93,      1.00,              0.3382,                   0,              0.0221
       132,        94,      1.00,              0.4411,                   0,              0.0441
       132,        95,      1.00,              2.6392,                   0,              0.1029
       132,        96,      1.00,              0.2794,                   0,              0.0368
       132,        97,      1.00,              0.0441,                   0,              0.0074
       132,        98,      1.00,              0.0588,                   0,              0.0074
       132,        99,      1.00,                   0,                   0,              0.0074
       132,       100,      1.00,              0.2132,                   0,              0.1029
       132,       101,      1.00,              0.0074,                   0,              0.0294
       132,       103,      1.00,              1.0071,                   0,              0.0882
       132,       104,      1.00,              0.3014,                   0,              0.0441
       132,       105,      1.00,              0.3161,                   0,              0.0294
       132,       106,      1.00,              0.5808,                   0,              0.0588
       132,       107,      1.00,              0.8160,                   0,              0.0368
       132,       108,      1.00,              0.0074,                   0,              0.0147
       132,       109,      1.00,              0.3676,                   0,              0.0221
       132,       110,      1.00,              0.2352,                   0,              0.0074
       132,       111,      1.00,              0.3455,                   0,                   0
       132,       112,      1.00,              0.0809,                   0,              0.0074
       132,       114,      1.00,              0.2132,                   0,              0.1250
       132,       115,      1.00,                   0,                   0,              0.0441
       132,       116,      1.00,              0.1764,                   0,              0.0368
       132,       117,      1.00,              3.4772,                   0,              0.1397
       132,       118,      1.00,              3.4846,                   0,              0.2058
       132,       119,      1.00,              2.1246,                   0,              0.1985
       132,       120,      1.00,              1.3894,                   0,              0.0588
       132,       121,      1.00,              3.4846,                   0,              0.1470
       132,       122,      1.00,              2.1025,                   0,              0.0809
       132,       123,      1.00,              2.8230,                   0,              0.0956
       132,       124,      1.00,              5.4695,                   0,              0.2058
       132,       125,      1.00,              1.5291,                   0,              0.0735
       132,       126,      1.00,              5.3371,                   0,              0.3529
       132,       127,      1.00,             17.9155,                   0,              0.4190
       132,       128,      1.00,              9.7480,                   0,              0.0809
       132,       129,      1.00,              3.2199,                   0,              0.0368
       132,       130,      1.00,              6.5648,                   0,              0.0368
       132,       131,      1.00,              1.7790,                   0,              0.0588
       132,       132,      1.00,             14.5853,                   0,              0.0368
       132,       133,      1.00,              0.3529,                   0,              0.0294
       132,       134,      1.00,              2.7053,                   0,              0.0441
       132,       135,      1.00,              3.9845,                   0,              0.0809
       132,       136,      1.00,              1.3968,                   0,              0.0735
       132,       137,      1.00,              0.7866,                   0,              0.0294
       132,       138,      1.00,              2.2569,                   0,              0.1029
       132,       139,      1.00,                   0,                   0,              0.0147
       132,       140,      1.00,              4.4844,                   0,              0.1029
       132,       141,      1.00,              4.3521,                   0,              0.0956
       132,       142,      1.00,              3.1611,                   0,              0.0735
       132,       143,      1.00,             15.1513,                   0,              0.1250
       132,       144,      1.00,              0.8528,                   0,              0.0221
       132,       145,      1.00,              2.1760,                   0,              0.0515
       132,       146,      1.00,              7.1383,                   0,              0.1617
       132,       147,      1.00,              1.3968,                   0,              0.0588
       132,       148,      1.00,              3.0582,                   0,              0.0735
       132,       149,      1.00,              1.6541,                   0,              0.0809
       132,       150,      1.00,              1.9922,                   0,              0.0735
       132,       151,      1.00,              1.3674,                   0,              0.1323
       132,       152,      1.00,              0.5587,                   0,              0.0368
       132,       153,      1.00,              0.6984,                   0,              0.0294
       132,       154,      1.00,              3.1685,                   0,              0.1544
       132,       155,      1.00,              2.0143,                   0,              0.1544
       132,       156,      1.00,              0.3529,                   0,              0.0147
       132,       157,      1.00,              0.1029,                   0,              0.0074
       132,       158,      1.00,                   0,                   0,              0.0515
       132,       159,      1.00,                   0,                   0,              0.0074
       132,       160,      1.00,              0.8234,                   0,              0.0294
       132,       161,      1.00,              1.6614,                   0,              0.0735
       132,       162,      1.00,              1.2203,                   0,              0.0368
       132,       163,      1.00,              0.0956,                   0,                   0
       132,       164,      1.00,              1.6541,                   0,              0.0441
       132,       165,      1.00,              1.1542,                   0,              0.0662
       132,       166,      1.00,              2.1172,                   0,              0.0882
       132,       167,      1.00,              1.3012,                   0,              0.0588
       132,       168,      1.00,              0.9042,                   0,              0.0294
       132,       169,      1.00,              0.5587,                   0,              0.0147
       132,       170,      1.00,              0.6469,                   0,              0.0662
       132,       172,      1.00,              1.0513,                   0,              0.0515
       132,       173,      1.00,              0.0294,                   0,                   0
       132,       174,      1.00,              0.2573,                   0,              0.0147
       132,       175,      1.00,              0.5220,                   0,              0.0221
       132,       176,      1.00,              0.0294,                   0,                   0
       132,       177,      1.00,              0.6763,                   0,              0.0294
       132,       178,      1.00,              1.1689,                   0,              0.0588
       132,       179,      1.00,              1.6835,                   0,              0.0662
       132,       180,      1.00,              0.2499,                   0,              0.0074
       132,       181,      1.00,              0.6249,                   0,              0.0221
       132,       182,      1.00,              1.2865,                   0,              0.0368
       132,       183,      1.00,              0.1397,                   0,                   0
       132,       184,      1.00,              0.3014,                   0,                   0
       132,       185,      1.00,              0.4337,                   0,                   0
       132,       186,      1.00,              0.0809,                   0,                   0
       132,       187,      1.00,              0.0515,                   0,                   0
       132,       188,      1.00,              0.2573,                   0,              0.0074
       132,       189,      1.00,              0.0735,                   0,                   0
       132,       190,      1.00,              0.1176,                   0,                   0
       132,       192,      1.00,              0.0588,                   0,              0.0074
       132,       193,      1.00,              0.0074,                   0,                   0
       132,       194,      1.00,              0.0221,                   0,                   0
       132,       195,      1.00,              0.2867,                   0,                   0
       132,       196,      1.00,              0.0662,                   0,              0.0074
       132,       197,      1.00,              0.0221,                   0,                   0
       132,       198,      1.00,              0.0221,                   0,                   0
       132,       199,      1.00,              0.0074,                   0,                   0
       132,       200,      1.00,              0.0515,                   0,                   0
       132,       201,      1.00,              0.0147,                   0,                   0
       132,       202,      1.00,              0.0147,                   0,                   0
       132,       203,      1.00,              0.0441,                   0,                   0
       132,       204,      1.00,              0.0147,                   0,                   0
       132,       205,      1.00,              0.0441,                   0,                   0
       132,       208,      1.00,              0.0588,                   0,              0.0147
       132,       209,      1.00,              0.1397,                   0,              0.0588
       132,       210,      1.00,              0.1323,                   0,              0.0294
       132,       211,      1.00,              0.2132,                   0,              0.0221
       132,       212,      1.00,              0.2205,                   0,              0.0515
       132,       213,      1.00,              0.5293,                   0,              0.0294
       132,       214,      1.00,              0.1176,                   0,                   0
       132,       224,      1.00,                   0,                   0,              0.0074
       132,       226,      1.00,                   0,                   0,              0.0074
       133,         1,      1.00,              0.0074,                   0,                   0
       133,         2,      1.00,              0.0221,                   0,                   0
       133,         6,      1.00,              0.0368,                   0,                   0
       133,         7,      1.00,              0.0441,                   0,                   0
       133,        10,      1.00,              0.0221,                   0,                   0
       133,        12,      1.00,              0.0368,                   0,                   0
       133,        13,      1.00,              0.0294,                   0,              0.0074
       133,        14,      1.00,              0.0294,                   0,              0.0074
       133,        15,      1.00,              0.0294,                   0,              0.0074
       133,        17,      1.00,              0.0221,                   0,                   0
       133,        18,      1.00,              0.0221,                   0,                   0
       133,        19,      1.00,              0.0294,                   0,                   0
       133,        20,      1.00,              0.0221,                   0,                   0
       133,        21,      1.00,                   0,                   0,              0.0074
       133,        23,      1.00,              0.0294,                   0,              0.0074
       133,        24,      1.00,                   0,                   0,              0.0074
       133,        25,      1.00,              0.0294,                   0,                   0
       133,        27,      1.00,              0.0515,                   0,                   0
       133,        28,      1.00,              0.0074,                   0,              0.0147
       133,        30,      1.00,              0.2058,                   0,              0.0074
       133,        31,      1.00,                   0,                   0,              0.0147
       133,        32,      1.00,              0.0294,                   0,                   0
       133,        33,      1.00,              0.0074,                   0,              0.0221
       133,        34,      1.00,              0.0294,                   0,                   0
       133,        35,      1.00,              0.0294,                   0,              0.0074
       133,        36,      1.00,                   0,                   0,              0.0074
       133,        37,      1.00,              0.0294,                   0,                   0
       133,        38,      1.00,              0.0294,                   0,                   0
       133,        39,      1.00,              0.0441,                   0,              0.0074
       133,        40,      1.00,              0.0074,                   0,                   0
       133,        41,      1.00,              0.0441,                   0,              0.0221
       133,        42,      1.00,                   0,                   0,              0.0074
       133,        43,      1.00,              0.1176,                   0,              0.0221
       133,        44,      1.00,              0.0588,                   0,              0.0441
       133,        45,      1.00,              0.2132,                   0,              0.0515
       133,        46,      1.00,              0.1250,                   0,              0.0588
       133,        47,      1.00,              0.0147,                   0,              0.0147
       133,        48,      1.00,              0.0074,                   0,              0.0074
       133,        49,      1.00,              0.0074,                   0,              0.0074
       133,        50,      1.00,              0.0221,                   0,              0.0368
       133,        52,      1.00,              0.0956,                   0,              0.0147
       133,        55,      1.00,              0.0294,                   0,              0.0147
       133,        56,      1.00,              0.0294,                   0,              0.0221
       133,        58,      1.00,              0.0735,                   0,              0.0368
       133,        59,      1.00,                   0,                   0,              0.0147
       133,        60,      1.00,              0.0515,                   0,              0.0074
       133,        61,      1.00,              0.0074,                   0,              0.0147
       133,        62,      1.00,                   0,                   0,              0.0147
       133,        63,      1.00,              0.0074,                   0,              0.0074
       133,        64,      1.00,              0.0074,                   0,              0.0074
       133,        65,      1.00,              0.1985,                   0,              0.0074
       133,        66,      1.00,              0.0735,                   0,                   0
       133,        67,      1.00,              0.1176,                   0,              0.0368
       133,        68,      1.00,              0.0956,                   0,              0.0074
       133,        69,      1.00,              0.1544,                   0,              0.0294
       133,        70,      1.00,              0.0368,                   0,                   0
       133,        71,      1.00,              0.1029,                   0,              0.0147
       133,        72,      1.00,              0.0515,                   0,              0.0221
       133,        73,      1.00,              0.0221,                   0,              0.0147
       133,        74,      1.00,              0.1029,                   0,              0.0074
       133,        75,      1.00,              0.1838,                   0,              0.0221
       133,        76,      1.00,              0.2426,                   0,              0.0074
       133,        77,      1.00,              0.2058,                   0,              0.0221
       133,        79,      1.00,              1.4482,                   0,              0.0221
       133,        80,      1.00,              0.4705,                   0,              0.0074
       133,        81,      1.00,              0.1911,                   0,              0.0147
       133,        82,      1.00,              0.0074,                   0,              0.0074
       133,        83,      1.00,              0.2867,                   0,              0.0515
       133,        84,      1.00,              0.5367,                   0,              0.0809
       133,        85,      1.00,              0.7646,                   0,              0.0515
       133,        86,      1.00,              0.7057,                   0,              0.0588
       133,        87,      1.00,              0.1470,                   0,                   0
       133,        88,      1.00,              0.0515,                   0,              0.0074
       133,        89,      1.00,              0.1764,                   0,              0.0441
       133,        90,      1.00,              0.3308,                   0,              0.0441
       133,        91,      1.00,              0.2867,                   0,              0.0294
       133,        92,      1.00,              1.8158,                   0,              0.0882
       133,        93,      1.00,              0.1250,                   0,              0.0221
       133,        94,      1.00,              0.1397,                   0,              0.0368
       133,        95,      1.00,              2.3525,                   0,              0.1103
       133,        96,      1.00,              0.0735,                   0,              0.0147
       133,        97,      1.00,              0.1911,                   0,              0.0074
       133,        98,      1.00,              0.5955,                   0,              0.0074
       133,        99,      1.00,              0.2058,                   0,              0.0074
       133,       100,      1.00,              0.7425,                   0,              0.0809
       133,       101,      1.00,              0.2279,                   0,              0.0147
       133,       102,      1.00,              0.0074,                   0,              0.0221
       133,       103,      1.00,              2.3010,                   0,              0.0588
       133,       104,      1.00,              0.6469,                   0,              0.0221
       133,       105,      1.00,              0.2867,                   0,              0.0294
       133,       106,      1.00,              1.3453,                   0,              0.0294
       133,       107,      1.00,              0.6543,                   0,              0.0294
       133,       108,      1.00,              0.0074,                   0,              0.0147
       133,       109,      1.00,              0.4117,                   0,              0.0147
       133,       110,      1.00,              0.2499,                   0,                   0
       133,       111,      1.00,              0.2132,                   0,                   0
       133,       112,      1.00,              0.0735,                   0,              0.0074
       133,       114,      1.00,              1.0660,                   0,              0.1103
       133,       115,      1.00,                   0,                   0,              0.0294
       133,       116,      1.00,              0.7572,                   0,              0.0515
       133,       117,      1.00,              7.9396,                   0,              0.1544
       133,       118,      1.00,              7.1677,                   0,              0.1397
       133,       119,      1.00,              1.5512,                   0,              0.1176
       133,       120,      1.00,              0.8895,                   0,              0.0588
       133,       121,      1.00,              1.9408,                   0,              0.1323
       133,       122,      1.00,              1.6467,                   0,              0.1029
       133,       123,      1.00,              2.3010,                   0,              0.0956
       133,       124,      1.00,              4.7270,                   0,              0.1470
       133,       125,      1.00,              3.1685,                   0,              0.0735
       133,       126,      1.00,              2.9112,                   0,              0.1617
       133,       127,      1.00,              7.8660,                   0,              0.2352
       133,       128,      1.00,              3.7272,                   0,              0.0441
       133,       129,      1.00,              1.3968,                   0,              0.0735
       133,       130,      1.00,              2.2789,                   0,              0.0221
       133,       131,      1.00,              0.8234,                   0,              0.0662
       133,       132,      1.00,              1.5806,                   0,              0.0294
       133,       133,      1.00,              0.5440,                   0,              0.0221
       133,       134,      1.00,              2.8009,                   0,              0.0441
       133,       135,      1.00,              5.2269,                   0,              0.0956
       133,       136,      1.00,              3.6463,                   0,              0.1029
       133,       137,      1.00,              1.6982,                   0,              0.0441
       133,       138,      1.00,              2.5804,                   0,              0.1176
       133,       139,      1.00,              0.6249,                   0,              0.0147
       133,       140,      1.00,              6.0135,                   0,              0.1323
       133,       141,      1.00,              1.1395,                   0,              0.0588
       133,       142,      1.00,              1.9922,                   0,              0.0515
       133,       143,      1.00,              3.5066,                   0,              0.1250
       133,       144,      1.00,              0.3602,                   0,              0.0147
       133,       145,      1.00,              0.5808,                   0,              0.0441
       133,       146,      1.00,              5.9106,                   0,              0.1544
       133,       147,      1.00,              0.7498,                   0,              0.0662
       133,       148,      1.00,              0.9924,                   0,              0.0588
       133,       149,      1.00,              1.0660,                   0,              0.0809
       133,       150,      1.00,              0.6102,                   0,              0.0588
       133,       151,      1.00,              0.2720,                   0,              0.0882
       133,       152,      1.00,              0.1764,                   0,              0.0294
       133,       153,      1.00,              0.2058,                   0,              0.0221
       133,       154,      1.00,              1.7202,                   0,              0.1323
       133,       155,      1.00,              0.5734,                   0,              0.1029
       133,       156,      1.00,              0.0735,                   0,              0.0147
       133,       157,      1.00,              0.5146,                   0,              0.0074
       133,       158,      1.00,                   0,                   0,              0.0294
       133,       159,      1.00,              0.0074,                   0,              0.0074
       133,       160,      1.00,              1.1101,                   0,              0.0368
       133,       161,      1.00,              1.8452,                   0,              0.0809
       133,       162,      1.00,              3.1611,                   0,              0.0662
       133,       163,      1.00,              0.0074,                   0,              0.0074
       133,       164,      1.00,              1.7570,                   0,              0.0441
       133,       165,      1.00,              0.4043,                   0,              0.0515
       133,       166,      1.00,              0.6396,                   0,              0.0735
       133,       167,      1.00,              1.0145,                   0,              0.0809
       133,       168,      1.00,              0.9263,                   0,              0.0441
       133,       169,      1.00,              0.2794,                   0,              0.0147
       133,       170,      1.00,              0.7131,                   0,              0.0294
       133,       172,      1.00,              1.1542,                   0,              0.0294
       133,       173,      1.00,              0.1029,                   0,                   0
       133,       174,      1.00,              0.1176,                   0,              0.0147
       133,       175,      1.00,              1.2571,                   0,              0.0147
       133,       176,      1.00,              0.1029,                   0,                   0
       133,       177,      1.00,              1.4556,                   0,              0.0294
       133,       178,      1.00,              0.5146,                   0,              0.0368
       133,       179,      1.00,              1.3453,                   0,              0.0809
       133,       180,      1.00,              0.0882,                   0,              0.0074
       133,       181,      1.00,              0.6322,                   0,              0.0147
       133,       182,      1.00,              0.8822,                   0,              0.1911
       133,       183,      1.00,              0.2132,                   0,                   0
       133,       184,      1.00,              0.4190,                   0,              0.0074
       133,       185,      1.00,              0.3161,                   0,                   0
       133,       188,      1.00,              0.2132,                   0,              0.0147
       133,       189,      1.00,              0.2058,                   0,                   0
       133,       190,      1.00,              0.0074,                   0,                   0
       133,       192,      1.00,                   0,                   0,              0.0074
       133,       195,      1.00,              0.3088,                   0,                   0
       133,       196,      1.00,                   0,                   0,              0.0074
       133,       207,      1.00,              0.2058,                   0,                   0
       133,       208,      1.00,              0.0515,                   0,              0.0221
       133,       209,      1.00,              0.1691,                   0,              0.0662
       133,       210,      1.00,              0.1323,                   0,              0.0441
       133,       211,      1.00,              0.3308,                   0,              0.0368
       133,       212,      1.00,              0.0368,                   0,              0.0441
       133,       213,      1.00,              0.5440,                   0,              0.0368
       133,       214,      1.00,              0.0147,                   0,              0.0074
       133,       224,      1.00,                   0,                   0,              0.0147
       133,       226,      1.00,                   0,                   0,              0.0147
       134,         1,      1.00,              0.0294,                   0,                   0
       134,         3,      1.00,              0.0441,                   0,                   0
       134,         4,      1.00,              0.0882,                   0,                   0
       134,         5,      1.00,              0.0294,                   0,                   0
       134,         6,      1.00,              0.0368,                   0,                   0
       134,         7,      1.00,              0.0735,                   0,                   0
       134,         8,      1.00,              0.0662,                   0,                   0
       134,         9,      1.00,              0.0515,                   0,                   0
       134,        10,      1.00,              0.0368,                   0,                   0
       134,        11,      1.00,              0.0074,                   0,                   0
       134,        12,      1.00,              0.1029,                   0,                   0
       134,        13,      1.00,              0.0662,                   0,                   0
       134,        14,      1.00,              0.2058,                   0,                   0
       134,        15,      1.00,              0.1250,                   0,              0.0074
       134,        17,      1.00,              0.0515,                   0,                   0
       134,        18,      1.00,              0.0294,                   0,                   0
       134,        19,      1.00,              0.0588,                   0,                   0
       134,        20,      1.00,              0.0221,                   0,                   0
       134,        21,      1.00,              0.2058,                   0,              0.0074
       134,        22,      1.00,              0.0662,                   0,                   0
       134,        23,      1.00,              0.0294,                   0,                   0
       134,        26,      1.00,              0.0588,                   0,                   0
       134,        27,      1.00,              0.0809,                   0,                   0
       134,        28,      1.00,                   0,                   0,              0.0147
       134,        31,      1.00,                   0,                   0,              0.0074
       134,        32,      1.00,              0.2058,                   0,                   0
       134,        33,      1.00,              0.2132,                   0,              0.0074
       134,        35,      1.00,              0.1176,                   0,                   0
       134,        36,      1.00,              0.1029,                   0,              0.0147
       134,        37,      1.00,              0.0294,                   0,                   0
       134,        38,      1.00,              0.0294,                   0,                   0
       134,        39,      1.00,              0.0515,                   0,                   0
       134,        40,      1.00,              0.0294,                   0,                   0
       134,        41,      1.00,              0.0515,                   0,              0.0147
       134,        42,      1.00,                   0,                   0,              0.0074
       134,        43,      1.00,              0.0294,                   0,              0.0074
       134,        44,      1.00,              0.0809,                   0,              0.0221
       134,        45,      1.00,              0.2499,                   0,              0.0441
       134,        46,      1.00,              0.0441,                   0,              0.0441
       134,        47,      1.00,              0.0368,                   0,              0.0074
       134,        48,      1.00,              0.0074,                   0,              0.0074
       134,        49,      1.00,              0.0294,                   0,              0.0074
       134,        50,      1.00,              0.0294,                   0,              0.0588
       134,        52,      1.00,              0.1617,                   0,              0.0147
       134,        54,      1.00,              0.0294,                   0,                   0
       134,        55,      1.00,              0.1250,                   0,              0.0147
       134,        56,      1.00,              0.0882,                   0,              0.0074
       134,        58,      1.00,              0.1470,                   0,              0.0294
       134,        59,      1.00,              0.0368,                   0,              0.0074
       134,        61,      1.00,              0.4190,                   0,              0.0074
       134,        62,      1.00,              0.1029,                   0,              0.0074
       134,        63,      1.00,              0.0074,                   0,              0.0074
       134,        64,      1.00,              0.0074,                   0,              0.0074
       134,        65,      1.00,              0.0294,                   0,                   0
       134,        66,      1.00,              0.0368,                   0,                   0
       134,        67,      1.00,              0.2132,                   0,              0.0147
       134,        68,      1.00,                   0,                   0,              0.0074
       134,        69,      1.00,              0.0515,                   0,              0.0147
       134,        70,      1.00,              0.0294,                   0,                   0
       134,        71,      1.00,              0.0294,                   0,              0.0147
       134,        72,      1.00,                   0,                   0,              0.0147
       134,        73,      1.00,              0.0588,                   0,              0.0147
       134,        74,      1.00,                   0,                   0,              0.0074
       134,        75,      1.00,              0.2499,                   0,              0.0147
       134,        76,      1.00,              0.2058,                   0,              0.0294
       134,        77,      1.00,                   0,                   0,              0.0074
       134,        79,      1.00,              0.6249,                   0,              0.0441
       134,        80,      1.00,              0.3382,                   0,              0.0074
       134,        81,      1.00,              0.1911,                   0,              0.0147
       134,        82,      1.00,              0.0809,                   0,                   0
       134,        83,      1.00,              0.2867,                   0,              0.0368
       134,        84,      1.00,              0.4117,                   0,              0.0662
       134,        85,      1.00,              0.2941,                   0,              0.0294
       134,        86,      1.00,              0.4852,                   0,              0.0368
       134,        87,      1.00,              0.0662,                   0,                   0
       134,        88,      1.00,              0.0809,                   0,                   0
       134,        89,      1.00,              0.0368,                   0,              0.0441
       134,        90,      1.00,              0.3014,                   0,              0.0294
       134,        91,      1.00,              0.3088,                   0,              0.0221
       134,        92,      1.00,              1.6835,                   0,              0.0735
       134,        93,      1.00,              0.2499,                   0,              0.0147
       134,        94,      1.00,              0.2058,                   0,              0.0294
       134,        95,      1.00,              1.3894,                   0,              0.0809
       134,        96,      1.00,              0.0147,                   0,              0.0074
       134,        97,      1.00,              0.1470,                   0,              0.0074
       134,        98,      1.00,              0.5734,                   0,              0.0074
       134,        99,      1.00,              0.2058,                   0,              0.0074
       134,       100,      1.00,              0.5367,                   0,              0.1323
       134,       101,      1.00,              0.1176,                   0,              0.0221
       134,       102,      1.00,              0.4117,                   0,              0.0441
       134,       103,      1.00,              1.1468,                   0,              0.1029
       134,       104,      1.00,              0.5661,                   0,              0.0147
       134,       105,      1.00,              0.7940,                   0,              0.0441
       134,       106,      1.00,              0.8307,                   0,              0.0368
       134,       107,      1.00,              0.2352,                   0,              0.0441
       134,       108,      1.00,              0.0074,                   0,              0.0221
       134,       109,      1.00,              0.7940,                   0,              0.0294
       134,       110,      1.00,              0.2867,                   0,                   0
       134,       111,      1.00,              0.0294,                   0,                   0
       134,       112,      1.00,              0.0515,                   0,                   0
       134,       114,      1.00,              0.8969,                   0,              0.1691
       134,       115,      1.00,                   0,                   0,              0.0515
       134,       116,      1.00,              1.5291,                   0,              0.0662
       134,       117,      1.00,             10.0494,                   0,              0.2352
       134,       118,      1.00,              9.6230,                   0,              0.1617
       134,       119,      1.00,              1.0145,                   0,              0.1250
       134,       120,      1.00,              0.7866,                   0,              0.0441
       134,       121,      1.00,              1.8232,                   0,              0.1323
       134,       122,      1.00,              1.0954,                   0,              0.1250
       134,       123,      1.00,              1.6394,                   0,              0.0662
       134,       124,      1.00,              6.6825,                   0,              0.1544
       134,       125,      1.00,              6.6384,                   0,              0.1176
       134,       126,      1.00,              2.2863,                   0,              0.1911
       134,       127,      1.00,              4.6902,                   0,              0.2573
       134,       128,      1.00,              1.4629,                   0,              0.0809
       134,       129,      1.00,              1.4041,                   0,              0.0588
       134,       130,      1.00,              2.1466,                   0,              0.0294
       134,       131,      1.00,              0.8601,                   0,              0.0368
       134,       132,      1.00,              1.8599,                   0,              0.0441
       134,       133,      1.00,              1.3674,                   0,              0.0441
       134,       134,      1.00,             10.3729,                   0,              0.0515
       134,       135,      1.00,             18.7903,                   0,              0.1470
       134,       136,      1.00,              7.0500,                   0,              0.1617
       134,       137,      1.00,              3.1832,                   0,              0.0588
       134,       138,      1.00,              9.8730,                   0,              0.1323
       134,       139,      1.00,              0.2132,                   0,              0.0221
       134,       140,      1.00,             16.4672,                   0,              0.1691
       134,       141,      1.00,              1.3306,                   0,              0.0735
       134,       142,      1.00,              1.4041,                   0,              0.0588
       134,       143,      1.00,              4.0286,                   0,              0.1397
       134,       144,      1.00,              0.5146,                   0,              0.0147
       134,       145,      1.00,              0.7278,                   0,              0.0441
       134,       146,      1.00,              5.1313,                   0,              0.1617
       134,       147,      1.00,              1.0071,                   0,              0.0662
       134,       148,      1.00,              1.8673,                   0,              0.0662
       134,       149,      1.00,              1.8158,                   0,              0.0588
       134,       150,      1.00,              0.8381,                   0,              0.0735
       134,       151,      1.00,              0.9116,                   0,              0.1323
       134,       152,      1.00,              0.2573,                   0,              0.0294
       134,       153,      1.00,              0.2794,                   0,              0.0294
       134,       154,      1.00,              1.5217,                   0,              0.1397
       134,       155,      1.00,              1.0439,                   0,              0.1323
       134,       156,      1.00,              0.0662,                   0,              0.0147
       134,       157,      1.00,              0.0074,                   0,              0.0074
       134,       158,      1.00,                   0,                   0,              0.0515
       134,       159,      1.00,              0.0074,                   0,              0.0147
       134,       160,      1.00,              2.1834,                   0,              0.0588
       134,       161,      1.00,              0.8675,                   0,              0.0735
       134,       162,      1.00,              3.4625,                   0,              0.1029
       134,       163,      1.00,              0.2867,                   0,              0.0074
       134,       164,      1.00,              1.8379,                   0,              0.0735
       134,       165,      1.00,              0.6763,                   0,              0.0588
       134,       166,      1.00,              0.9777,                   0,              0.0735
       134,       167,      1.00,              0.9336,                   0,              0.1176
       134,       168,      1.00,              0.7572,                   0,              0.0368
       134,       169,      1.00,              0.5146,                   0,              0.0147
       134,       170,      1.00,              1.2056,                   0,              0.0147
       134,       172,      1.00,              1.2718,                   0,              0.0147
       134,       173,      1.00,              0.2058,                   0,                   0
       134,       174,      1.00,              0.5881,                   0,                   0
       134,       175,      1.00,              1.5217,                   0,              0.0074
       134,       177,      1.00,              1.0439,                   0,              0.0294
       134,       178,      1.00,              1.0807,                   0,              0.0441
       134,       179,      1.00,              2.3819,                   0,              0.1470
       134,       180,      1.00,              0.5146,                   0,              0.0221
       134,       181,      1.00,              0.8381,                   0,              0.0147
       134,       182,      1.00,              0.8969,                   0,              0.2794
       134,       183,      1.00,              0.2132,                   0,                   0
       134,       184,      1.00,              0.4190,                   0,                   0
       134,       185,      1.00,              0.9336,                   0,                   0
       134,       187,      1.00,              0.0662,                   0,                   0
       134,       188,      1.00,              0.4190,                   0,              0.0147
       134,       189,      1.00,              0.2058,                   0,                   0
       134,       190,      1.00,              0.3161,                   0,                   0
       134,       191,      1.00,              0.2058,                   0,                   0
       134,       192,      1.00,              0.3088,                   0,              0.0074
       134,       193,      1.00,              0.1544,                   0,                   0
       134,       195,      1.00,              0.4117,                   0,                   0
       134,       196,      1.00,                   0,                   0,              0.0074
       134,       198,      1.00,                   0,                   0,              0.0074
       134,       201,      1.00,              0.2573,                   0,              0.0074
       134,       204,      1.00,                   0,                   0,              0.0074
       134,       208,      1.00,              0.0441,                   0,              0.0147
       134,       209,      1.00,              0.1470,                   0,              0.0515
       134,       210,      1.00,              0.1176,                   0,              0.0294
       134,       211,      1.00,              0.0221,                   0,              0.0515
       134,       212,      1.00,              0.8528,                   0,              0.0368
       134,       213,      1.00,              1.5806,                   0,              0.0515
       134,       214,      1.00,              0.3455,                   0,              0.0074
       134,       224,      1.00,                   0,                   0,              0.0221
       134,       226,      1.00,                   0,                   0,              0.0147
       135,         2,      1.00,              0.2058,                   0,                   0
       135,         4,      1.00,              0.2058,                   0,                   0
       135,         5,      1.00,              0.1617,                   0,                   0
       135,         6,      1.00,              0.2058,                   0,                   0
       135,         7,      1.00,              0.7204,                   0,                   0
       135,         8,      1.00,              0.4117,                   0,              0.0074
       135,         9,      1.00,              0.2058,                   0,                   0
       135,        11,      1.00,              0.1029,                   0,                   0
       135,        12,      1.00,              0.2647,                   0,                   0
       135,        13,      1.00,              1.0292,                   0,              0.0074
       135,        14,      1.00,              0.2058,                   0,              0.0074
       135,        15,      1.00,              1.2350,                   0,              0.0147
       135,        17,      1.00,              0.4117,                   0,                   0
       135,        19,      1.00,              0.2058,                   0,                   0
       135,        20,      1.00,              0.0441,                   0,                   0
       135,        21,      1.00,              1.1909,                   0,              0.0221
       135,        23,      1.00,              0.1029,                   0,                   0
       135,        24,      1.00,              0.1029,                   0,                   0
       135,        28,      1.00,              0.6837,                   0,              0.0368
       135,        29,      1.00,                   0,                   0,              0.0074
       135,        30,      1.00,              0.0074,                   0,              0.0147
       135,        31,      1.00,              0.3161,                   0,              0.0147
       135,        32,      1.00,              0.7204,                   0,              0.0074
       135,        33,      1.00,              0.9336,                   0,              0.0221
       135,        35,      1.00,              0.1029,                   0,                   0
       135,        36,      1.00,                   0,                   0,              0.0147
       135,        39,      1.00,              0.2058,                   0,                   0
       135,        41,      1.00,              0.2132,                   0,              0.0147
       135,        42,      1.00,                   0,                   0,              0.0074
       135,        44,      1.00,                   0,                   0,              0.0147
       135,        45,      1.00,              0.5220,                   0,              0.0588
       135,        46,      1.00,              0.4337,                   0,              0.0368
       135,        47,      1.00,                   0,                   0,              0.0074
       135,        48,      1.00,                   0,                   0,              0.0147
       135,        49,      1.00,              0.0074,                   0,              0.0074
       135,        50,      1.00,                   0,                   0,              0.0735
       135,        51,      1.00,              0.0074,                   0,                   0
       135,        52,      1.00,              0.2058,                   0,              0.0147
       135,        55,      1.00,              0.6175,                   0,              0.0147
       135,        56,      1.00,              0.2058,                   0,              0.0074
       135,        57,      1.00,              0.0074,                   0,                   0
       135,        58,      1.00,              0.0662,                   0,              0.0294
       135,        59,      1.00,                   0,                   0,              0.0147
       135,        60,      1.00,              0.6175,                   0,              0.0074
       135,        61,      1.00,              0.0221,                   0,              0.0294
       135,        62,      1.00,              0.0074,                   0,              0.0147
       135,        63,      1.00,              1.2497,                   0,              0.0294
       135,        64,      1.00,              0.2205,                   0,              0.0221
       135,        65,      1.00,              0.5146,                   0,              0.0074
       135,        66,      1.00,              0.3088,                   0,              0.0074
       135,        67,      1.00,              1.1248,                   0,              0.0221
       135,        68,      1.00,              0.5072,                   0,              0.0074
       135,        69,      1.00,              0.2132,                   0,              0.0147
       135,        71,      1.00,                   0,                   0,              0.0074
       135,        72,      1.00,              0.2058,                   0,              0.0147
       135,        73,      1.00,              0.0074,                   0,              0.0074
       135,        74,      1.00,              0.2058,                   0,              0.0074
       135,        75,      1.00,              0.2205,                   0,              0.0368
       135,        76,      1.00,              0.4190,                   0,              0.0368
       135,        77,      1.00,              0.6249,                   0,              0.0147
       135,        78,      1.00,              0.4117,                   0,              0.0074
       135,        79,      1.00,              2.4848,                   0,              0.0588
       135,        80,      1.00,              0.7866,                   0,              0.0147
       135,        81,      1.00,              0.1470,                   0,              0.0147
       135,        82,      1.00,              0.0074,                   0,                   0
       135,        83,      1.00,              0.4264,                   0,              0.0368
       135,        84,      1.00,              1.4041,                   0,              0.0735
       135,        85,      1.00,              0.7425,                   0,              0.0368
       135,        86,      1.00,              1.2056,                   0,              0.0294
       135,        87,      1.00,              0.4117,                   0,              0.0074
       135,        88,      1.00,              0.0662,                   0,              0.0074
       135,        89,      1.00,              0.4117,                   0,              0.1176
       135,        90,      1.00,              0.4264,                   0,              0.0294
       135,        91,      1.00,              1.0366,                   0,              0.0147
       135,        92,      1.00,              3.3743,                   0,              0.0956
       135,        93,      1.00,              0.3749,                   0,              0.0221
       135,        94,      1.00,              0.0147,                   0,              0.0368
       135,        95,      1.00,              4.8299,                   0,              0.1029
       135,        96,      1.00,              0.2058,                   0,              0.0221
       135,        97,      1.00,              0.3896,                   0,              0.0294
       135,        98,      1.00,              1.4776,                   0,              0.0221
       135,        99,      1.00,              1.0366,                   0,              0.0221
       135,       100,      1.00,              8.7115,                   0,              0.3529
       135,       101,      1.00,              3.3964,                   0,              0.0809
       135,       102,      1.00,              1.3453,                   0,              0.1617
       135,       103,      1.00,              6.5354,                   0,              0.1985
       135,       104,      1.00,              1.0366,                   0,              0.0368
       135,       105,      1.00,              6.7780,                   0,              0.1103
       135,       106,      1.00,              4.0874,                   0,              0.0809
       135,       107,      1.00,              3.6831,                   0,              0.0882
       135,       108,      1.00,              1.1542,                   0,              0.0368
       135,       109,      1.00,              2.1393,                   0,              0.0515
       135,       110,      1.00,              0.2058,                   0,                   0
       135,       111,      1.00,              0.5146,                   0,                   0
       135,       114,      1.00,              8.5277,                   0,              0.4264
       135,       115,      1.00,              0.0074,                   0,              0.1029
       135,       116,      1.00,             10.4832,                   0,              0.2132
       135,       117,      1.00,             55.8342,                   0,              0.6028
       135,       118,      1.00,             22.2161,                   0,              0.4337
       135,       119,      1.00,              2.1319,                   0,              0.1617
       135,       120,      1.00,              1.3674,                   0,              0.0441
       135,       121,      1.00,              3.9477,                   0,              0.1617
       135,       122,      1.00,              3.7051,                   0,              0.2941
       135,       123,      1.00,              5.9841,                   0,              0.2352
       135,       124,      1.00,             13.5708,                   0,              0.4117
       135,       125,      1.00,             28.8030,                   0,              0.3970
       135,       126,      1.00,              6.9912,                   0,              0.4411
       135,       127,      1.00,             12.5636,                   0,              0.5587
       135,       128,      1.00,              3.7713,                   0,              0.1617
       135,       129,      1.00,              3.5802,                   0,              0.1250
       135,       130,      1.00,              6.3443,                   0,              0.0662
       135,       131,      1.00,              2.3157,                   0,              0.0882
       135,       132,      1.00,              4.4550,                   0,              0.0809
       135,       133,      1.00,              1.6320,                   0,              0.0956
       135,       134,      1.00,             22.9806,                   0,              0.1470
       135,       135,      1.00,            148.1905,                   0,              0.5440
       135,       136,      1.00,             72.2133,                   0,              0.6763
       135,       137,      1.00,             26.9725,                   0,              0.2573
       135,       138,      1.00,             62.5020,                   0,              0.5514
       135,       139,      1.00,              3.0288,                   0,              0.0515
       135,       140,      1.00,             29.6190,                   0,              0.4043
       135,       141,      1.00,              3.6463,                   0,              0.1397
       135,       142,      1.00,              4.9034,                   0,              0.2352
       135,       143,      1.00,              9.0055,                   0,              0.2573
       135,       144,      1.00,              1.0292,                   0,              0.0441
       135,       145,      1.00,              1.7496,                   0,              0.1029
       135,       146,      1.00,             15.2469,                   0,              0.3014
       135,       147,      1.00,              4.9328,                   0,              0.1176
       135,       148,      1.00,              4.2491,                   0,              0.1029
       135,       149,      1.00,              3.7198,                   0,              0.1029
       135,       150,      1.00,              3.0729,                   0,              0.1838
       135,       151,      1.00,              1.0807,                   0,              0.1397
       135,       152,      1.00,              0.8381,                   0,              0.0515
       135,       153,      1.00,              0.7351,                   0,              0.0441
       135,       154,      1.00,              3.8595,                   0,              0.2352
       135,       155,      1.00,              2.4186,                   0,              0.2279
       135,       156,      1.00,              1.1983,                   0,              0.0147
       135,       157,      1.00,              1.7790,                   0,              0.0294
       135,       158,      1.00,              0.3676,                   0,              0.1397
       135,       159,      1.00,              2.2937,                   0,              0.0588
       135,       160,      1.00,              8.8511,                   0,              0.1911
       135,       161,      1.00,              2.6171,                   0,              0.1911
       135,       162,      1.00,             29.0162,                   0,              0.6469
       135,       163,      1.00,              1.4629,                   0,              0.0515
       135,       164,      1.00,             11.0566,                   0,              0.4999
       135,       165,      1.00,              2.2789,                   0,              0.0956
       135,       166,      1.00,              3.0656,                   0,              0.1544
       135,       167,      1.00,              4.9769,                   0,              0.1544
       135,       168,      1.00,              7.1971,                   0,              0.0735
       135,       169,      1.00,              3.9036,                   0,              0.0441
       135,       170,      1.00,             11.2624,                   0,              0.1103
       135,       172,      1.00,              7.7117,                   0,              0.0588
       135,       173,      1.00,              0.4852,                   0,                   0
       135,       174,      1.00,              4.0801,                   0,              0.0221
       135,       175,      1.00,              5.3298,                   0,              0.0588
       135,       176,      1.00,              0.3455,                   0,                   0
       135,       177,      1.00,              6.5428,                   0,              0.1250
       135,       178,      1.00,              3.8816,                   0,              0.0588
       135,       179,      1.00,              4.5064,                   0,              0.1691
       135,       180,      1.00,              0.0074,                   0,              0.0221
       135,       181,      1.00,              2.2128,                   0,              0.0515
       135,       182,      1.00,              4.2050,                   0,              0.1617
       135,       183,      1.00,              1.5659,                   0,              0.0147
       135,       184,      1.00,              1.7790,                   0,              0.0147
       135,       185,      1.00,              2.9038,                   0,                   0
       135,       186,      1.00,              0.8381,                   0,                   0
       135,       187,      1.00,              1.2350,                   0,                   0
       135,       188,      1.00,              2.0878,                   0,              0.0515
       135,       189,      1.00,              0.3161,                   0,                   0
       135,       190,      1.00,              0.7057,                   0,              0.0147
       135,       191,      1.00,              0.0588,                   0,                   0
       135,       192,      1.00,              0.8307,                   0,              0.0368
       135,       193,      1.00,              0.2132,                   0,              0.0074
       135,       194,      1.00,              0.2132,                   0,                   0
       135,       195,      1.00,              2.4407,                   0,              0.0147
       135,       196,      1.00,              0.7278,                   0,              0.0368
       135,       197,      1.00,              0.2058,                   0,              0.0074
       135,       198,      1.00,              0.2058,                   0,              0.0221
       135,       199,      1.00,              0.0882,                   0,                   0
       135,       200,      1.00,                   0,                   0,              0.0221
       135,       201,      1.00,              0.5072,                   0,              0.0221
       135,       202,      1.00,              0.3235,                   0,              0.0074
       135,       203,      1.00,              0.0147,                   0,              0.0074
       135,       204,      1.00,              0.2058,                   0,              0.0221
       135,       205,      1.00,              0.2647,                   0,              0.0074
       135,       207,      1.00,                   0,                   0,              0.0147
       135,       208,      1.00,              0.7719,                   0,              0.0074
       135,       209,      1.00,              0.0956,                   0,              0.0294
       135,       210,      1.00,                   0,                   0,              0.0147
       135,       211,      1.00,              3.8963,                   0,              0.2058
       135,       212,      1.00,              2.3819,                   0,              0.1691
       135,       213,      1.00,             11.2698,                   0,              0.2352
       135,       214,      1.00,              1.7570,                   0,              0.0662
       135,       218,      1.00,                   0,                   0,              0.0074
       135,       219,      1.00,                   0,                   0,              0.0074
       135,       224,      1.00,                   0,                   0,              0.0588
       135,       226,      1.00,                   0,                   0,              0.0441
       135,       227,      1.00,                   0,                   0,              0.0074
       135,       228,      1.00,                   0,                   0,              0.0147
       136,         1,      1.00,              0.0221,                   0,                   0
       136,         6,      1.00,              0.0735,                   0,                   0
       136,         7,      1.00,              0.4631,                   0,              0.0074
       136,         8,      1.00,                   0,                   0,              0.0147
       136,         9,      1.00,              0.1838,                   0,              0.0074
       136,        12,      1.00,              0.2647,                   0,              0.0074
       136,        13,      1.00,              0.9630,                   0,              0.0147
       136,        14,      1.00,              0.5514,                   0,              0.0147
       136,        15,      1.00,              1.6247,                   0,              0.0368
       136,        17,      1.00,              0.9336,                   0,              0.0147
       136,        18,      1.00,              0.0735,                   0,                   0
       136,        19,      1.00,              0.3014,                   0,              0.0074
       136,        21,      1.00,              1.0071,                   0,              0.0368
       136,        23,      1.00,              0.4117,                   0,              0.0074
       136,        24,      1.00,                   0,                   0,              0.0074
       136,        26,      1.00,                   0,                   0,              0.0074
       136,        27,      1.00,              0.0074,                   0,              0.0074
       136,        28,      1.00,              1.1689,                   0,              0.0441
       136,        29,      1.00,              0.0588,                   0,              0.0147
       136,        30,      1.00,              0.0221,                   0,              0.0294
       136,        31,      1.00,              0.6175,                   0,              0.0294
       136,        32,      1.00,              0.0588,                   0,              0.0147
       136,        33,      1.00,              0.7204,                   0,              0.0515
       136,        34,      1.00,              0.1691,                   0,                   0
       136,        35,      1.00,              0.3749,                   0,              0.0074
       136,        36,      1.00,              0.0882,                   0,              0.0074
       136,        37,      1.00,              0.1764,                   0,              0.0074
       136,        38,      1.00,                   0,                   0,              0.0074
       136,        39,      1.00,              0.1764,                   0,              0.0147
       136,        40,      1.00,              0.0074,                   0,              0.0074
       136,        41,      1.00,              0.3014,                   0,              0.0221
       136,        43,      1.00,              0.1544,                   0,              0.0074
       136,        44,      1.00,              0.0882,                   0,              0.0221
       136,        45,      1.00,              1.1395,                   0,              0.0515
       136,        46,      1.00,              0.2205,                   0,              0.0441
       136,        47,      1.00,                   0,                   0,              0.0074
       136,        48,      1.00,              0.0441,                   0,              0.0147
       136,        49,      1.00,              0.0074,                   0,              0.0221
       136,        50,      1.00,              0.2573,                   0,              0.0809
       136,        52,      1.00,              0.0074,                   0,              0.0147
       136,        54,      1.00,              0.1691,                   0,                   0
       136,        55,      1.00,              0.0074,                   0,              0.0147
       136,        56,      1.00,              0.6249,                   0,              0.0147
       136,        57,      1.00,              0.0221,                   0,                   0
       136,        58,      1.00,              0.0074,                   0,              0.0221
       136,        59,      1.00,              0.0074,                   0,              0.0221
       136,        60,      1.00,              0.2132,                   0,              0.0147
       136,        61,      1.00,              1.2865,                   0,              0.0662
       136,        62,      1.00,              0.8307,                   0,              0.0294
       136,        63,      1.00,              1.0954,                   0,              0.0662
       136,        64,      1.00,              0.8822,                   0,              0.0515
       136,        65,      1.00,              0.3823,                   0,              0.0221
       136,        66,      1.00,              0.2573,                   0,              0.0074
       136,        67,      1.00,              0.5587,                   0,              0.0441
       136,        68,      1.00,              0.3676,                   0,              0.0147
       136,        69,      1.00,              0.7793,                   0,              0.0147
       136,        71,      1.00,              0.1691,                   0,              0.0074
       136,        72,      1.00,              0.1691,                   0,              0.0221
       136,        73,      1.00,              0.0147,                   0,              0.0221
       136,        74,      1.00,              0.3088,                   0,              0.0074
       136,        75,      1.00,              0.3823,                   0,              0.0735
       136,        76,      1.00,              0.9116,                   0,              0.0294
       136,        77,      1.00,              0.8969,                   0,              0.0147
       136,        78,      1.00,              1.0071,                   0,              0.0147
       136,        79,      1.00,              3.2052,                   0,              0.0588
       136,        80,      1.00,              0.8601,                   0,              0.0294
       136,        81,      1.00,              0.1323,                   0,              0.0147
       136,        82,      1.00,              0.1764,                   0,              0.0147
       136,        83,      1.00,              0.9704,                   0,              0.0662
       136,        84,      1.00,              0.7646,                   0,              0.0882
       136,        85,      1.00,              0.9116,                   0,              0.0515
       136,        86,      1.00,              0.8087,                   0,              0.0515
       136,        87,      1.00,              0.0368,                   0,              0.0147
       136,        88,      1.00,              0.2132,                   0,              0.0147
       136,        89,      1.00,              0.3823,                   0,              0.0882
       136,        90,      1.00,              0.6249,                   0,              0.0368
       136,        91,      1.00,              0.6616,                   0,              0.0221
       136,        92,      1.00,              2.1834,                   0,              0.1397
       136,        93,      1.00,              0.0147,                   0,              0.0294
       136,        94,      1.00,              0.2720,                   0,              0.0441
       136,        95,      1.00,              3.6757,                   0,              0.1470
       136,        96,      1.00,              0.1029,                   0,              0.0147
       136,        97,      1.00,              1.0292,                   0,              0.0441
       136,        98,      1.00,              1.4850,                   0,              0.0441
       136,        99,      1.00,              3.1244,                   0,              0.0441
       136,       100,      1.00,             11.2404,                   0,              0.4411
       136,       101,      1.00,              4.1095,                   0,              0.1470
       136,       102,      1.00,              1.8305,                   0,              0.1617
       136,       103,      1.00,              8.6968,                   0,              0.1103
       136,       104,      1.00,              0.7498,                   0,              0.0294
       136,       105,      1.00,              5.7635,                   0,              0.2205
       136,       106,      1.00,              2.9479,                   0,              0.1103
       136,       107,      1.00,              3.4625,                   0,              0.1176
       136,       108,      1.00,              3.0141,                   0,              0.0735
       136,       109,      1.00,              0.8013,                   0,              0.0735
       136,       110,      1.00,              0.6322,                   0,              0.0074
       136,       111,      1.00,              0.1029,                   0,              0.0074
       136,       112,      1.00,              0.2867,                   0,              0.0147
       136,       114,      1.00,              9.5128,                   0,              0.4558
       136,       115,      1.00,              0.0147,                   0,              0.0956
       136,       116,      1.00,             16.6216,                   0,              0.3676
       136,       117,      1.00,             62.5976,                   0,              0.8969
       136,       118,      1.00,             19.1652,                   0,              0.4631
       136,       119,      1.00,              3.6463,                   0,              0.1764
       136,       120,      1.00,              0.9557,                   0,              0.0662
       136,       121,      1.00,              1.7496,                   0,              0.1691
       136,       122,      1.00,              2.4701,                   0,              0.2720
       136,       123,      1.00,              4.9108,                   0,              0.2720
       136,       124,      1.00,              5.9032,                   0,              0.4999
       136,       125,      1.00,             17.0186,                   0,              0.4705
       136,       126,      1.00,              3.2787,                   0,              0.3455
       136,       127,      1.00,              7.6823,                   0,              0.4190
       136,       128,      1.00,              2.6098,                   0,              0.1617
       136,       129,      1.00,              2.1393,                   0,              0.1764
       136,       130,      1.00,              2.8450,                   0,              0.0735
       136,       131,      1.00,              1.2497,                   0,              0.1176
       136,       132,      1.00,              2.9773,                   0,              0.0735
       136,       133,      1.00,              0.7719,                   0,              0.1029
       136,       134,      1.00,             10.1229,                   0,              0.1617
       136,       135,      1.00,             66.8761,                   0,              0.6763
       136,       136,      1.00,            111.6832,                   0,              0.8748
       136,       137,      1.00,             47.4315,                   0,              0.3970
       136,       138,      1.00,             35.0002,                   0,              0.7278
       136,       139,      1.00,              2.3010,                   0,              0.0882
       136,       140,      1.00,             18.1948,                   0,              0.6616
       136,       141,      1.00,              3.6022,                   0,              0.3676
       136,       142,      1.00,              3.2420,                   0,              0.3308
       136,       143,      1.00,              6.0649,                   0,              0.4411
       136,       144,      1.00,              0.7204,                   0,              0.0882
       136,       145,      1.00,              2.0143,                   0,              0.2132
       136,       146,      1.00,             11.2992,                   0,              0.6396
       136,       147,      1.00,              3.7933,                   0,              0.2426
       136,       148,      1.00,              3.5802,                   0,              0.2205
       136,       149,      1.00,              4.6094,                   0,              0.1838
       136,       150,      1.00,              2.1246,                   0,              0.2573
       136,       151,      1.00,              0.7866,                   0,              0.1544
       136,       152,      1.00,              0.8969,                   0,              0.0662
       136,       153,      1.00,              0.8013,                   0,              0.0515
       136,       154,      1.00,              3.1979,                   0,              0.3455
       136,       155,      1.00,              2.9773,                   0,              0.3308
       136,       156,      1.00,              0.0074,                   0,              0.0221
       136,       157,      1.00,              3.5655,                   0,              0.0882
       136,       158,      1.00,                   0,                   0,              0.1176
       136,       159,      1.00,              1.6247,                   0,              0.0882
       136,       160,      1.00,              7.4103,                   0,              0.3235
       136,       161,      1.00,              4.3227,                   0,              0.2573
       136,       162,      1.00,             40.9108,                   0,              1.0880
       136,       163,      1.00,              1.9408,                   0,              0.0882
       136,       164,      1.00,             19.9886,                   0,              0.9704
       136,       165,      1.00,              2.8818,                   0,              0.1397
       136,       166,      1.00,              4.0874,                   0,              0.2058
       136,       167,      1.00,              3.5213,                   0,              0.1838
       136,       168,      1.00,              4.1242,                   0,              0.1470
       136,       169,      1.00,              3.2567,                   0,              0.0956
       136,       170,      1.00,             12.1078,                   0,              0.1985
       136,       171,      1.00,                   0,                   0,              0.0294
       136,       172,      1.00,             11.8064,                   0,              0.2794
       136,       173,      1.00,              0.4558,                   0,              0.0074
       136,       174,      1.00,              5.1534,                   0,              0.0956
       136,       175,      1.00,              7.3147,                   0,              0.1985
       136,       176,      1.00,              0.4925,                   0,                   0
       136,       177,      1.00,              5.2122,                   0,              0.2426
       136,       178,      1.00,              3.2640,                   0,              0.0882
       136,       179,      1.00,              4.0139,                   0,              0.2426
       136,       180,      1.00,              0.1103,                   0,              0.0294
       136,       181,      1.00,              2.8230,                   0,              0.1470
       136,       182,      1.00,              2.7421,                   0,              0.2132
       136,       183,      1.00,              2.3598,                   0,              0.0441
       136,       184,      1.00,              2.4627,                   0,              0.0515
       136,       185,      1.00,              4.5873,                   0,              0.0147
       136,       186,      1.00,              0.6837,                   0,              0.0147
       136,       187,      1.00,              0.4631,                   0,              0.0074
       136,       188,      1.00,              4.1756,                   0,              0.1250
       136,       189,      1.00,              1.7570,                   0,              0.0074
       136,       190,      1.00,              1.0071,                   0,              0.0221
       136,       191,      1.00,              0.1691,                   0,              0.0368
       136,       192,      1.00,              0.1176,                   0,              0.0588
       136,       193,      1.00,              0.2867,                   0,              0.0147
       136,       194,      1.00,              0.0956,                   0,              0.0074
       136,       195,      1.00,              2.1393,                   0,              0.0294
       136,       196,      1.00,              0.7278,                   0,              0.0515
       136,       197,      1.00,              0.4117,                   0,              0.0074
       136,       198,      1.00,              0.1544,                   0,              0.0294
       136,       199,      1.00,              0.0441,                   0,                   0
       136,       200,      1.00,              0.1764,                   0,              0.0221
       136,       201,      1.00,              0.7057,                   0,              0.0368
       136,       202,      1.00,              0.1617,                   0,              0.0074
       136,       203,      1.00,              0.3823,                   0,              0.0147
       136,       204,      1.00,              0.0074,                   0,              0.0294
       136,       205,      1.00,              0.0735,                   0,              0.0074
       136,       206,      1.00,                   0,                   0,              0.0074
       136,       207,      1.00,              0.1323,                   0,              0.0221
       136,       208,      1.00,              0.4778,                   0,              0.0074
       136,       209,      1.00,              0.1838,                   0,              0.0441
       136,       210,      1.00,              0.3455,                   0,              0.0147
       136,       211,      1.00,              2.3966,                   0,              0.2573
       136,       212,      1.00,              2.9773,                   0,              0.3602
       136,       213,      1.00,             18.0699,                   0,              0.4117
       136,       214,      1.00,              2.3304,                   0,              0.1103
       136,       218,      1.00,                   0,                   0,              0.0074
       136,       219,      1.00,                   0,                   0,              0.0074
       136,       224,      1.00,                   0,                   0,              0.0882
       136,       226,      1.00,              0.0074,                   0,              0.0735
       136,       227,      1.00,                   0,                   0,              0.0147
       136,       228,      1.00,                   0,                   0,              0.0147
       137,         1,      1.00,              0.0221,                   0,                   0
       137,         6,      1.00,              0.0221,                   0,                   0
       137,         7,      1.00,              0.3970,                   0,                   0
       137,         8,      1.00,                   0,                   0,              0.0074
       137,         9,      1.00,              0.0882,                   0,                   0
       137,        11,      1.00,              0.0588,                   0,                   0
       137,        13,      1.00,              0.3749,                   0,              0.0074
       137,        14,      1.00,              0.0735,                   0,              0.0074
       137,        15,      1.00,              0.7866,                   0,              0.0147
       137,        17,      1.00,              0.3676,                   0,              0.0074
       137,        18,      1.00,              0.0809,                   0,                   0
       137,        19,      1.00,              0.0368,                   0,                   0
       137,        21,      1.00,              0.4337,                   0,              0.0147
       137,        23,      1.00,              0.2058,                   0,                   0
       137,        27,      1.00,                   0,                   0,              0.0074
       137,        28,      1.00,              0.3970,                   0,              0.0147
       137,        29,      1.00,              0.0147,                   0,              0.0074
       137,        30,      1.00,              0.2132,                   0,              0.0147
       137,        31,      1.00,              0.3896,                   0,              0.0147
       137,        32,      1.00,              0.0147,                   0,              0.0074
       137,        33,      1.00,              0.3455,                   0,              0.0147
       137,        34,      1.00,              0.0368,                   0,                   0
       137,        35,      1.00,              0.0368,                   0,                   0
       137,        36,      1.00,              0.0221,                   0,              0.0074
       137,        37,      1.00,              0.0368,                   0,                   0
       137,        39,      1.00,              0.0368,                   0,              0.0074
       137,        40,      1.00,                   0,                   0,              0.0074
       137,        41,      1.00,              0.1838,                   0,              0.0147
       137,        43,      1.00,              0.0588,                   0,                   0
       137,        44,      1.00,              0.0221,                   0,              0.0147
       137,        45,      1.00,              0.2720,                   0,              0.0221
       137,        46,      1.00,              0.0074,                   0,              0.0221
       137,        48,      1.00,              0.0147,                   0,              0.0074
       137,        49,      1.00,              0.0074,                   0,              0.0074
       137,        50,      1.00,              0.0956,                   0,              0.0441
       137,        51,      1.00,              0.0074,                   0,                   0
       137,        52,      1.00,              0.2058,                   0,              0.0074
       137,        54,      1.00,              0.0368,                   0,                   0
       137,        55,      1.00,              0.2132,                   0,              0.0074
       137,        56,      1.00,              0.0368,                   0,              0.0074
       137,        58,      1.00,                   0,                   0,              0.0074
       137,        59,      1.00,              0.1029,                   0,              0.0074
       137,        60,      1.00,              0.0074,                   0,              0.0074
       137,        61,      1.00,              0.1985,                   0,              0.0221
       137,        62,      1.00,              0.2279,                   0,              0.0147
       137,        63,      1.00,              0.3823,                   0,              0.0221
       137,        64,      1.00,              0.1544,                   0,              0.0147
       137,        65,      1.00,              0.2499,                   0,              0.0074
       137,        66,      1.00,              0.0588,                   0,              0.0074
       137,        67,      1.00,              0.5734,                   0,              0.0147
       137,        68,      1.00,              0.3823,                   0,              0.0074
       137,        69,      1.00,              0.2647,                   0,              0.0074
       137,        71,      1.00,              0.2426,                   0,                   0
       137,        72,      1.00,              0.2426,                   0,              0.0074
       137,        73,      1.00,              0.0074,                   0,              0.0074
       137,        74,      1.00,              0.1103,                   0,                   0
       137,        75,      1.00,              0.2720,                   0,              0.0294
       137,        76,      1.00,              0.8528,                   0,              0.0074
       137,        77,      1.00,              0.3308,                   0,              0.0074
       137,        78,      1.00,              0.3235,                   0,              0.0074
       137,        79,      1.00,              0.9263,                   0,              0.0221
       137,        80,      1.00,              0.3529,                   0,              0.0147
       137,        81,      1.00,              0.0735,                   0,              0.0074
       137,        82,      1.00,              0.2426,                   0,              0.0074
       137,        83,      1.00,              0.5072,                   0,              0.0294
       137,        84,      1.00,              0.3014,                   0,              0.0294
       137,        85,      1.00,              0.1544,                   0,              0.0147
       137,        86,      1.00,              0.2573,                   0,              0.0294
       137,        87,      1.00,              0.3455,                   0,                   0
       137,        88,      1.00,                   0,                   0,              0.0074
       137,        89,      1.00,              0.6543,                   0,              0.0441
       137,        90,      1.00,              0.3235,                   0,              0.0147
       137,        91,      1.00,              0.0809,                   0,              0.0074
       137,        92,      1.00,              0.8160,                   0,              0.0515
       137,        93,      1.00,              0.0074,                   0,              0.0074
       137,        94,      1.00,              0.0662,                   0,              0.0147
       137,        95,      1.00,              1.7570,                   0,              0.0441
       137,        96,      1.00,                   0,                   0,              0.0074
       137,        97,      1.00,              0.5734,                   0,              0.0221
       137,        98,      1.00,              0.6837,                   0,              0.0147
       137,        99,      1.00,              1.1101,                   0,              0.0147
       137,       100,      1.00,              4.6020,                   0,              0.2058
       137,       101,      1.00,              1.9775,                   0,              0.0588
       137,       102,      1.00,              0.7278,                   0,              0.0882
       137,       103,      1.00,              4.1021,                   0,              0.0294
       137,       104,      1.00,              0.1103,                   0,              0.0147
       137,       105,      1.00,              3.3449,                   0,              0.0956
       137,       106,      1.00,              1.4850,                   0,              0.0515
       137,       107,      1.00,              1.2203,                   0,              0.0588
       137,       108,      1.00,              1.0660,                   0,              0.0368
       137,       109,      1.00,              0.4852,                   0,              0.0368
       137,       110,      1.00,              0.0956,                   0,              0.0074
       137,       111,      1.00,              0.1103,                   0,              0.0074
       137,       112,      1.00,              0.4411,                   0,              0.0074
       137,       114,      1.00,              5.7635,                   0,              0.2205
       137,       115,      1.00,              0.3161,                   0,              0.0515
       137,       116,      1.00,             13.7619,                   0,              0.1764
       137,       117,      1.00,             25.3698,                   0,              0.3896
       137,       118,      1.00,              6.0208,                   0,              0.1911
       137,       119,      1.00,              0.9777,                   0,              0.0662
       137,       120,      1.00,              0.4925,                   0,              0.0221
       137,       121,      1.00,              1.3894,                   0,              0.0662
       137,       122,      1.00,              1.4482,                   0,              0.1323
       137,       123,      1.00,              2.0658,                   0,              0.0809
       137,       124,      1.00,              2.8818,                   0,              0.2058
       137,       125,      1.00,              6.8515,                   0,              0.1838
       137,       126,      1.00,              1.4997,                   0,              0.1544
       137,       127,      1.00,              2.8083,                   0,              0.1544
       137,       128,      1.00,              1.0733,                   0,              0.0735
       137,       129,      1.00,              0.6984,                   0,              0.0809
       137,       130,      1.00,              0.7793,                   0,              0.0294
       137,       131,      1.00,              0.2573,                   0,              0.0441
       137,       132,      1.00,              1.3306,                   0,              0.0294
       137,       133,      1.00,              0.5072,                   0,              0.0441
       137,       134,      1.00,              4.1389,                   0,              0.0588
       137,       135,      1.00,             22.3263,                   0,              0.2573
       137,       136,      1.00,             44.7556,                   0,              0.3970
       137,       137,      1.00,             29.0603,                   0,              0.1617
       137,       138,      1.00,             15.6365,                   0,              0.3455
       137,       139,      1.00,              0.6910,                   0,              0.0515
       137,       140,      1.00,              6.2120,                   0,              0.3676
       137,       141,      1.00,              1.5732,                   0,              0.2132
       137,       142,      1.00,              1.2865,                   0,              0.1764
       137,       143,      1.00,              2.6098,                   0,              0.2647
       137,       144,      1.00,              0.4043,                   0,              0.0588
       137,       145,      1.00,              1.0366,                   0,              0.1470
       137,       146,      1.00,              4.7490,                   0,              0.3896
       137,       147,      1.00,              1.8158,                   0,              0.1397
       137,       148,      1.00,              1.2277,                   0,              0.1397
       137,       149,      1.00,              2.0878,                   0,              0.1103
       137,       150,      1.00,              1.5291,                   0,              0.1544
       137,       151,      1.00,              0.8234,                   0,              0.1029
       137,       152,      1.00,              0.1544,                   0,              0.0368
       137,       153,      1.00,              0.1470,                   0,              0.0294
       137,       154,      1.00,              1.7349,                   0,              0.1764
       137,       155,      1.00,              0.6322,                   0,              0.1617
       137,       156,      1.00,                   0,                   0,              0.0147
       137,       157,      1.00,              1.6320,                   0,              0.0515
       137,       158,      1.00,                   0,                   0,              0.0662
       137,       159,      1.00,              0.6028,                   0,              0.0441
       137,       160,      1.00,              3.3964,                   0,              0.1838
       137,       161,      1.00,              2.0216,                   0,              0.1103
       137,       162,      1.00,             21.5985,                   0,              0.4852
       137,       163,      1.00,              1.1983,                   0,              0.0441
       137,       164,      1.00,             10.1082,                   0,              0.4558
       137,       165,      1.00,              0.8013,                   0,              0.0735
       137,       166,      1.00,              1.2350,                   0,              0.0956
       137,       167,      1.00,              1.2056,                   0,              0.0882
       137,       168,      1.00,              1.5512,                   0,              0.0588
       137,       169,      1.00,              1.1689,                   0,              0.0441
       137,       170,      1.00,              5.7121,                   0,              0.0956
       137,       171,      1.00,                   0,                   0,              0.0147
       137,       172,      1.00,              4.9328,                   0,              0.2499
       137,       173,      1.00,              0.2205,                   0,              0.0074
       137,       174,      1.00,              1.9187,                   0,              0.0662
       137,       175,      1.00,              4.6314,                   0,              0.1029
       137,       176,      1.00,              0.2426,                   0,                   0
       137,       177,      1.00,              1.7790,                   0,              0.1250
       137,       178,      1.00,              1.2718,                   0,              0.0441
       137,       179,      1.00,              1.7496,                   0,              0.1029
       137,       180,      1.00,              0.1103,                   0,              0.0147
       137,       181,      1.00,              1.3747,                   0,              0.0662
       137,       182,      1.00,              1.3233,                   0,              0.1103
       137,       183,      1.00,              1.2865,                   0,              0.0147
       137,       184,      1.00,              0.8160,                   0,              0.0221
       137,       185,      1.00,              1.6026,                   0,              0.0074
       137,       186,      1.00,              0.2426,                   0,              0.0074
       137,       187,      1.00,              0.1691,                   0,              0.0074
       137,       188,      1.00,              1.1395,                   0,              0.1029
       137,       189,      1.00,              0.5293,                   0,              0.0074
       137,       190,      1.00,              0.3529,                   0,              0.0147
       137,       191,      1.00,              0.0368,                   0,              0.0294
       137,       192,      1.00,              0.3235,                   0,              0.0368
       137,       193,      1.00,              0.0956,                   0,              0.0074
       137,       194,      1.00,              0.0221,                   0,                   0
       137,       195,      1.00,              1.2424,                   0,              0.0147
       137,       196,      1.00,              0.1691,                   0,              0.0221
       137,       197,      1.00,                   0,                   0,              0.0074
       137,       198,      1.00,              0.1176,                   0,              0.0147
       137,       199,      1.00,              0.0221,                   0,                   0
       137,       200,      1.00,              0.0368,                   0,              0.0074
       137,       201,      1.00,              0.2205,                   0,              0.0147
       137,       202,      1.00,              0.0809,                   0,                   0
       137,       203,      1.00,              0.0441,                   0,              0.0074
       137,       204,      1.00,                   0,                   0,              0.0147
       137,       205,      1.00,              0.0294,                   0,              0.0074
       137,       206,      1.00,                   0,                   0,              0.0147
       137,       207,      1.00,              0.1397,                   0,              0.0294
       137,       208,      1.00,              0.0368,                   0,              0.0074
       137,       209,      1.00,              0.0441,                   0,              0.0221
       137,       210,      1.00,              0.0809,                   0,              0.0074
       137,       211,      1.00,              1.1174,                   0,              0.1176
       137,       212,      1.00,              1.1909,                   0,              0.1397
       137,       213,      1.00,             10.9169,                   0,              0.1911
       137,       214,      1.00,              1.4335,                   0,              0.0515
       137,       219,      1.00,                   0,                   0,              0.0074
       137,       224,      1.00,                   0,                   0,              0.0368
       137,       226,      1.00,                   0,                   0,              0.0294
       137,       227,      1.00,                   0,                   0,              0.0074
       137,       228,      1.00,                   0,                   0,              0.0074
       138,         1,      1.00,              0.2058,                   0,                   0
       138,         3,      1.00,              0.2058,                   0,                   0
       138,         5,      1.00,              0.2058,                   0,                   0
       138,         6,      1.00,              0.0956,                   0,                   0
       138,         7,      1.00,              0.3529,                   0,                   0
       138,         8,      1.00,              0.3970,                   0,              0.0074
       138,         9,      1.00,              0.6543,                   0,                   0
       138,        10,      1.00,              0.2058,                   0,                   0
       138,        11,      1.00,              0.2058,                   0,                   0
       138,        12,      1.00,              0.2058,                   0,                   0
       138,        13,      1.00,              0.8234,                   0,              0.0074
       138,        14,      1.00,              0.2058,                   0,              0.0074
       138,        15,      1.00,              0.6175,                   0,              0.0147
       138,        19,      1.00,              0.4705,                   0,                   0
       138,        21,      1.00,              0.2720,                   0,              0.0147
       138,        22,      1.00,              0.2058,                   0,                   0
       138,        24,      1.00,              0.3088,                   0,                   0
       138,        28,      1.00,              0.2132,                   0,              0.0294
       138,        29,      1.00,              0.4117,                   0,              0.0074
       138,        30,      1.00,              0.2794,                   0,              0.0147
       138,        31,      1.00,              0.2132,                   0,              0.0147
       138,        32,      1.00,              0.4117,                   0,              0.0074
       138,        33,      1.00,              0.4264,                   0,              0.0221
       138,        35,      1.00,              0.8234,                   0,                   0
       138,        36,      1.00,                   0,                   0,              0.0074
       138,        41,      1.00,              0.2058,                   0,              0.0074
       138,        44,      1.00,              0.1029,                   0,              0.0147
       138,        45,      1.00,              0.4190,                   0,              0.0515
       138,        46,      1.00,              0.0074,                   0,              0.0294
       138,        47,      1.00,              0.1103,                   0,                   0
       138,        48,      1.00,                   0,                   0,              0.0147
       138,        49,      1.00,              0.0074,                   0,              0.0074
       138,        50,      1.00,                   0,                   0,              0.0956
       138,        52,      1.00,                   0,                   0,              0.0074
       138,        55,      1.00,              0.1029,                   0,              0.0074
       138,        56,      1.00,              0.1985,                   0,                   0
       138,        57,      1.00,              0.0074,                   0,                   0
       138,        59,      1.00,              0.2058,                   0,              0.0074
       138,        60,      1.00,              0.2132,                   0,              0.0074
       138,        61,      1.00,              0.6322,                   0,              0.0221
       138,        62,      1.00,              0.3161,                   0,              0.0147
       138,        63,      1.00,              0.7351,                   0,              0.0294
       138,        64,      1.00,              0.1176,                   0,              0.0221
       138,        65,      1.00,              0.6175,                   0,              0.0074
       138,        66,      1.00,              0.1691,                   0,                   0
       138,        67,      1.00,              0.4999,                   0,              0.0147
       138,        68,      1.00,              0.2426,                   0,              0.0074
       138,        69,      1.00,              0.4190,                   0,              0.0074
       138,        71,      1.00,              0.2058,                   0,                   0
       138,        72,      1.00,                   0,                   0,              0.0147
       138,        73,      1.00,              0.0074,                   0,              0.0074
       138,        74,      1.00,              0.2058,                   0,                   0
       138,        75,      1.00,              0.2205,                   0,              0.0368
       138,        76,      1.00,              0.2720,                   0,              0.0147
       138,        77,      1.00,              0.0662,                   0,              0.0074
       138,        78,      1.00,                   0,                   0,              0.0221
       138,        79,      1.00,              0.7425,                   0,              0.0368
       138,        80,      1.00,              0.2132,                   0,              0.0074
       138,        81,      1.00,              0.1176,                   0,              0.0147
       138,        82,      1.00,              0.0074,                   0,                   0
       138,        83,      1.00,              0.2867,                   0,              0.0368
       138,        84,      1.00,              0.5072,                   0,              0.0662
       138,        85,      1.00,              0.8381,                   0,              0.0294
       138,        86,      1.00,              0.6322,                   0,              0.0221
       138,        88,      1.00,              0.3088,                   0,              0.0074
       138,        89,      1.00,              0.4117,                   0,              0.0882
       138,        90,      1.00,              1.0366,                   0,              0.0221
       138,        91,      1.00,              0.7278,                   0,              0.0147
       138,        92,      1.00,              2.2422,                   0,              0.0882
       138,        93,      1.00,              0.0074,                   0,              0.0147
       138,        94,      1.00,              0.2205,                   0,              0.0221
       138,        95,      1.00,              2.6024,                   0,              0.0662
       138,        96,      1.00,                   0,                   0,              0.0147
       138,        97,      1.00,              0.8601,                   0,              0.0221
       138,        98,      1.00,              0.9042,                   0,              0.0221
       138,        99,      1.00,              1.4482,                   0,              0.0147
       138,       100,      1.00,              5.1901,                   0,              0.3235
       138,       101,      1.00,              2.2642,                   0,              0.0662
       138,       102,      1.00,              0.5220,                   0,              0.1691
       138,       103,      1.00,              3.5507,                   0,              0.1103
       138,       104,      1.00,              0.6837,                   0,              0.0147
       138,       105,      1.00,              5.2563,                   0,              0.1176
       138,       106,      1.00,              2.0731,                   0,              0.0515
       138,       107,      1.00,              3.2052,                   0,              0.0588
       138,       108,      1.00,              1.5585,                   0,              0.0294
       138,       109,      1.00,              1.0071,                   0,              0.0368
       138,       110,      1.00,              0.9263,                   0,                   0
       138,       111,      1.00,              0.4117,                   0,                   0
       138,       114,      1.00,              7.5426,                   0,              0.3529
       138,       115,      1.00,              0.0074,                   0,              0.1323
       138,       116,      1.00,              6.1311,                   0,              0.2426
       138,       117,      1.00,             33.5373,                   0,              0.5367
       138,       118,      1.00,             12.2034,                   0,              0.2941
       138,       119,      1.00,              2.3819,                   0,              0.1397
       138,       120,      1.00,              1.0807,                   0,              0.0368
       138,       121,      1.00,              3.6096,                   0,              0.1176
       138,       122,      1.00,              2.3451,                   0,              0.2205
       138,       123,      1.00,              3.4331,                   0,              0.1691
       138,       124,      1.00,              5.5650,                   0,              0.3529
       138,       125,      1.00,             12.0931,                   0,              0.3308
       138,       126,      1.00,              4.8961,                   0,              0.2499
       138,       127,      1.00,              9.1084,                   0,              0.3161
       138,       128,      1.00,              6.8074,                   0,              0.1250
       138,       129,      1.00,              1.7349,                   0,              0.1397
       138,       130,      1.00,              3.3449,                   0,              0.0882
       138,       131,      1.00,              2.4113,                   0,              0.0735
       138,       132,      1.00,              3.1832,                   0,              0.1029
       138,       133,      1.00,              2.9259,                   0,              0.1176
       138,       134,      1.00,             13.2841,                   0,              0.1323
       138,       135,      1.00,             71.8236,                   0,              0.5514
       138,       136,      1.00,             41.0946,                   0,              0.7278
       138,       137,      1.00,             21.4001,                   0,              0.3455
       138,       138,      1.00,             98.4947,                   0,              0.6910
       138,       139,      1.00,              4.1315,                   0,              0.0735
       138,       140,      1.00,             44.8291,                   0,              0.6175
       138,       141,      1.00,              5.0651,                   0,              0.2426
       138,       142,      1.00,              4.4256,                   0,              0.3235
       138,       143,      1.00,              8.2924,                   0,              0.3308
       138,       144,      1.00,              1.8232,                   0,              0.0441
       138,       145,      1.00,              3.1538,                   0,              0.1029
       138,       146,      1.00,             16.4452,                   0,              0.4558
       138,       147,      1.00,              5.6900,                   0,              0.1985
       138,       148,      1.00,              5.6092,                   0,              0.1985
       138,       149,      1.00,              4.6020,                   0,              0.1838
       138,       150,      1.00,              3.2567,                   0,              0.2573
       138,       151,      1.00,              2.4113,                   0,              0.2794
       138,       152,      1.00,              0.3970,                   0,              0.0882
       138,       153,      1.00,              1.2792,                   0,              0.0735
       138,       154,      1.00,              6.2781,                   0,              0.3896
       138,       155,      1.00,              2.0658,                   0,              0.2867
       138,       156,      1.00,              0.6910,                   0,              0.0368
       138,       157,      1.00,              2.0952,                   0,              0.0956
       138,       158,      1.00,              0.3088,                   0,              0.1985
       138,       159,      1.00,              3.0509,                   0,              0.0809
       138,       160,      1.00,             17.2685,                   0,              0.2426
       138,       161,      1.00,              4.7564,                   0,              0.2867
       138,       162,      1.00,             37.7570,                   0,              1.1836
       138,       163,      1.00,              0.8748,                   0,              0.0735
       138,       164,      1.00,             16.6731,                   0,              0.9777
       138,       165,      1.00,              2.3598,                   0,              0.1838
       138,       166,      1.00,              6.0576,                   0,              0.2058
       138,       167,      1.00,              6.2414,                   0,              0.2352
       138,       168,      1.00,              6.2855,                   0,              0.1764
       138,       169,      1.00,              4.5064,                   0,              0.1250
       138,       170,      1.00,              8.6968,                   0,              0.2426
       138,       172,      1.00,             11.4389,                   0,              0.2867
       138,       173,      1.00,              0.4705,                   0,              0.0147
       138,       174,      1.00,              2.8597,                   0,              0.1764
       138,       175,      1.00,              8.6232,                   0,              0.2941
       138,       176,      1.00,              0.1544,                   0,                   0
       138,       177,      1.00,              7.3441,                   0,              0.3161
       138,       178,      1.00,              3.0067,                   0,              0.1103
       138,       179,      1.00,              5.8444,                   0,              0.3014
       138,       180,      1.00,              0.7278,                   0,              0.0368
       138,       181,      1.00,              5.9547,                   0,              0.2058
       138,       182,      1.00,              4.8814,                   0,              0.2647
       138,       183,      1.00,              1.2644,                   0,              0.0294
       138,       184,      1.00,              3.2273,                   0,              0.0588
       138,       185,      1.00,              5.2048,                   0,                   0
       138,       186,      1.00,              0.8454,                   0,              0.0074
       138,       187,      1.00,              0.3161,                   0,                   0
       138,       188,      1.00,              2.7862,                   0,              0.0588
       138,       189,      1.00,              0.4852,                   0,              0.0074
       138,       190,      1.00,              0.9630,                   0,              0.0147
       138,       191,      1.00,                   0,                   0,              0.0074
       138,       192,      1.00,              1.0439,                   0,              0.0441
       138,       193,      1.00,              0.1323,                   0,              0.0074
       138,       194,      1.00,              0.0074,                   0,                   0
       138,       195,      1.00,              1.8232,                   0,              0.0515
       138,       196,      1.00,              0.5220,                   0,              0.0441
       138,       197,      1.00,              0.4117,                   0,              0.0074
       138,       198,      1.00,              0.1029,                   0,              0.0221
       138,       200,      1.00,              0.2132,                   0,              0.0221
       138,       201,      1.00,              0.1764,                   0,              0.0221
       138,       202,      1.00,                   0,                   0,              0.0074
       138,       203,      1.00,              0.0147,                   0,              0.0074
       138,       204,      1.00,              0.2058,                   0,              0.0221
       138,       205,      1.00,              0.1029,                   0,              0.0074
       138,       206,      1.00,              0.3088,                   0,                   0
       138,       207,      1.00,              0.7866,                   0,              0.0147
       138,       208,      1.00,              0.3308,                   0,              0.0074
       138,       209,      1.00,              0.2720,                   0,              0.0221
       138,       210,      1.00,              0.5734,                   0,              0.0074
       138,       211,      1.00,              3.7933,                   0,              0.3088
       138,       212,      1.00,              2.6171,                   0,              0.3602
       138,       213,      1.00,             10.7184,                   0,              0.3970
       138,       214,      1.00,              1.0513,                   0,              0.0809
       138,       218,      1.00,                   0,                   0,              0.0074
       138,       219,      1.00,                   0,                   0,              0.0074
       138,       224,      1.00,                   0,                   0,              0.0441
       138,       226,      1.00,                   0,                   0,              0.0368
       138,       227,      1.00,                   0,                   0,              0.0147
       138,       228,      1.00,                   0,                   0,              0.0147
       139,         1,      1.00,              0.0515,                   0,                   0
       139,         5,      1.00,              0.1029,                   0,                   0
       139,         8,      1.00,              0.0147,                   0,                   0
       139,        11,      1.00,              0.0294,                   0,                   0
       139,        12,      1.00,              0.0221,                   0,                   0
       139,        14,      1.00,                   0,                   0,              0.0074
       139,        17,      1.00,              0.2647,                   0,                   0
       139,        21,      1.00,              0.2058,                   0,                   0
       139,        23,      1.00,              0.0368,                   0,                   0
       139,        28,      1.00,                   0,                   0,              0.0074
       139,        35,      1.00,              0.0294,                   0,                   0
       139,        41,      1.00,                   0,                   0,              0.0074
       139,        43,      1.00,                   0,                   0,              0.0074
       139,        44,      1.00,                   0,                   0,              0.0221
       139,        45,      1.00,              0.0147,                   0,              0.0221
       139,        46,      1.00,                   0,                   0,              0.0221
       139,        47,      1.00,                   0,                   0,              0.0074
       139,        50,      1.00,                   0,                   0,              0.0074
       139,        52,      1.00,                   0,                   0,              0.0074
       139,        55,      1.00,                   0,                   0,              0.0074
       139,        56,      1.00,              0.0147,                   0,              0.0074
       139,        58,      1.00,                   0,                   0,              0.0074
       139,        64,      1.00,              0.2058,                   0,                   0
       139,        72,      1.00,              0.2058,                   0,                   0
       139,        78,      1.00,                   0,                   0,              0.0074
       139,        79,      1.00,                   0,                   0,              0.0147
       139,        80,      1.00,                   0,                   0,              0.0074
       139,        81,      1.00,              0.0441,                   0,              0.0074
       139,        83,      1.00,              0.0294,                   0,              0.0221
       139,        84,      1.00,              0.1250,                   0,              0.0368
       139,        85,      1.00,              0.0588,                   0,              0.0221
       139,        86,      1.00,              0.0809,                   0,              0.0294
       139,        89,      1.00,                   0,                   0,              0.0147
       139,        90,      1.00,              0.0294,                   0,              0.0147
       139,        91,      1.00,              0.0515,                   0,              0.0147
       139,        92,      1.00,              0.1691,                   0,              0.0368
       139,        93,      1.00,              0.0294,                   0,              0.0074
       139,        94,      1.00,              0.0147,                   0,              0.0147
       139,        95,      1.00,              0.2058,                   0,              0.0368
       139,       100,      1.00,              0.6249,                   0,              0.0368
       139,       101,      1.00,              0.2132,                   0,              0.0074
       139,       102,      1.00,                   0,                   0,              0.0147
       139,       103,      1.00,              0.6249,                   0,              0.0294
       139,       104,      1.00,                   0,                   0,              0.0074
       139,       105,      1.00,              0.4190,                   0,              0.0074
       139,       106,      1.00,                   0,                   0,              0.0147
       139,       107,      1.00,                   0,                   0,              0.0147
       139,       109,      1.00,                   0,                   0,              0.0074
       139,       111,      1.00,              0.0588,                   0,                   0
       139,       114,      1.00,              1.1395,                   0,              0.0441
       139,       115,      1.00,                   0,                   0,              0.0221
       139,       116,      1.00,              0.0147,                   0,              0.0294
       139,       117,      1.00,              2.8009,                   0,              0.0588
       139,       118,      1.00,              0.9998,                   0,              0.0515
       139,       119,      1.00,              0.2720,                   0,              0.0368
       139,       120,      1.00,              0.1617,                   0,              0.0221
       139,       121,      1.00,              0.1985,                   0,              0.0441
       139,       122,      1.00,              0.4117,                   0,              0.0294
       139,       123,      1.00,              0.1029,                   0,              0.0294
       139,       124,      1.00,              0.7057,                   0,              0.0515
       139,       125,      1.00,              0.9116,                   0,              0.0294
       139,       126,      1.00,              0.5955,                   0,              0.0441
       139,       127,      1.00,              0.9704,                   0,              0.0735
       139,       128,      1.00,              0.3529,                   0,              0.0368
       139,       129,      1.00,              0.1176,                   0,              0.0221
       139,       130,      1.00,              0.3088,                   0,              0.0147
       139,       131,      1.00,              0.0074,                   0,              0.0147
       139,       132,      1.00,              0.3088,                   0,              0.0147
       139,       133,      1.00,              0.0074,                   0,              0.0147
       139,       134,      1.00,              0.2352,                   0,              0.0221
       139,       135,      1.00,              3.4772,                   0,              0.0515
       139,       136,      1.00,              2.1393,                   0,              0.0882
       139,       137,      1.00,              1.1615,                   0,              0.0515
       139,       138,      1.00,              4.8299,                   0,              0.0735
       139,       139,      1.00,              1.0292,                   0,              0.0074
       139,       140,      1.00,              9.0790,                   0,              0.0882
       139,       141,      1.00,              0.4411,                   0,              0.0368
       139,       142,      1.00,              0.6837,                   0,              0.0515
       139,       143,      1.00,              1.0660,                   0,              0.0662
       139,       144,      1.00,              0.3529,                   0,              0.0074
       139,       145,      1.00,              0.9777,                   0,              0.0221
       139,       146,      1.00,              2.2201,                   0,              0.0735
       139,       147,      1.00,              1.3159,                   0,              0.0294
       139,       148,      1.00,              0.8381,                   0,              0.0294
       139,       149,      1.00,              1.4115,                   0,              0.0294
       139,       150,      1.00,              0.5293,                   0,              0.0368
       139,       151,      1.00,              0.3308,                   0,              0.0588
       139,       152,      1.00,              0.1176,                   0,              0.0221
       139,       153,      1.00,              0.1470,                   0,              0.0147
       139,       154,      1.00,              0.7940,                   0,              0.0809
       139,       155,      1.00,              0.5220,                   0,              0.0588
       139,       156,      1.00,              0.0368,                   0,              0.0074
       139,       157,      1.00,              0.2132,                   0,              0.0147
       139,       158,      1.00,                   0,                   0,              0.0294
       139,       159,      1.00,              0.0147,                   0,              0.0074
       139,       160,      1.00,              1.8379,                   0,              0.0294
       139,       161,      1.00,              1.3159,                   0,              0.0515
       139,       162,      1.00,              3.4625,                   0,              0.1544
       139,       163,      1.00,              0.1029,                   0,              0.0074
       139,       164,      1.00,              1.3894,                   0,              0.1323
       139,       165,      1.00,              0.3970,                   0,              0.0368
       139,       166,      1.00,              1.5512,                   0,              0.0368
       139,       167,      1.00,              0.7278,                   0,              0.0368
       139,       168,      1.00,              1.0880,                   0,              0.0221
       139,       169,      1.00,              0.5661,                   0,              0.0147
       139,       170,      1.00,              1.9114,                   0,              0.0368
       139,       172,      1.00,              0.6396,                   0,              0.0441
       139,       173,      1.00,              0.1103,                   0,                   0
       139,       174,      1.00,              0.4925,                   0,              0.0294
       139,       175,      1.00,              0.1250,                   0,              0.0515
       139,       176,      1.00,              0.1029,                   0,                   0
       139,       177,      1.00,              0.9042,                   0,              0.0441
       139,       178,      1.00,              0.4484,                   0,              0.0221
       139,       179,      1.00,              1.0513,                   0,              0.0441
       139,       180,      1.00,              0.0074,                   0,              0.0074
       139,       181,      1.00,              0.8013,                   0,              0.0294
       139,       182,      1.00,              0.6322,                   0,              0.0368
       139,       183,      1.00,              0.4190,                   0,              0.0074
       139,       184,      1.00,              0.0074,                   0,              0.0147
       139,       185,      1.00,              0.1176,                   0,                   0
       139,       186,      1.00,              0.0074,                   0,                   0
       139,       187,      1.00,              0.2058,                   0,                   0
       139,       188,      1.00,              0.3235,                   0,              0.0074
       139,       190,      1.00,              0.0074,                   0,                   0
       139,       192,      1.00,              0.2132,                   0,              0.0074
       139,       193,      1.00,              0.0515,                   0,                   0
       139,       195,      1.00,              0.4117,                   0,              0.0074
       139,       196,      1.00,                   0,                   0,              0.0074
       139,       201,      1.00,              0.0441,                   0,                   0
       139,       203,      1.00,              0.0074,                   0,                   0
       139,       206,      1.00,              0.1029,                   0,                   0
       139,       208,      1.00,              0.0074,                   0,              0.0147
       139,       209,      1.00,              0.0147,                   0,              0.0294
       139,       210,      1.00,                   0,                   0,              0.0147
       139,       211,      1.00,              0.0294,                   0,              0.0294
       139,       212,      1.00,              0.1617,                   0,              0.0368
       139,       213,      1.00,              0.6396,                   0,              0.0588
       139,       214,      1.00,              0.1250,                   0,              0.0074
       139,       224,      1.00,                   0,                   0,              0.0074
       139,       226,      1.00,                   0,                   0,              0.0074
       140,         1,      1.00,              0.0368,                   0,                   0
       140,         2,      1.00,              0.0588,                   0,                   0
       140,         3,      1.00,              0.0588,                   0,                   0
       140,         4,      1.00,              0.0074,                   0,                   0
       140,         5,      1.00,              0.3088,                   0,                   0
       140,         6,      1.00,              0.4999,                   0,                   0
       140,         7,      1.00,              0.4484,                   0,                   0
       140,         8,      1.00,              0.4852,                   0,              0.0074
       140,         9,      1.00,              0.5587,                   0,                   0
       140,        11,      1.00,              0.1838,                   0,                   0
       140,        12,      1.00,              0.2132,                   0,                   0
       140,        13,      1.00,              0.1838,                   0,                   0
       140,        14,      1.00,              0.5146,                   0,                   0
       140,        15,      1.00,              0.7204,                   0,              0.0074
       140,        17,      1.00,              0.2058,                   0,                   0
       140,        18,      1.00,              0.0588,                   0,                   0
       140,        19,      1.00,              0.2058,                   0,                   0
       140,        20,      1.00,              0.1029,                   0,                   0
       140,        21,      1.00,              0.1617,                   0,              0.0147
       140,        23,      1.00,              0.0588,                   0,                   0
       140,        24,      1.00,              0.1397,                   0,                   0
       140,        27,      1.00,              0.1029,                   0,                   0
       140,        28,      1.00,              0.2132,                   0,              0.0368
       140,        29,      1.00,              0.2058,                   0,              0.0074
       140,        30,      1.00,              0.0074,                   0,              0.0074
       140,        31,      1.00,              0.2720,                   0,              0.0147
       140,        32,      1.00,              0.6175,                   0,              0.0074
       140,        33,      1.00,              0.9557,                   0,              0.0147
       140,        34,      1.00,              0.2058,                   0,                   0
       140,        35,      1.00,              0.1764,                   0,                   0
       140,        36,      1.00,              0.2794,                   0,              0.0368
       140,        37,      1.00,              0.0662,                   0,                   0
       140,        39,      1.00,              0.1397,                   0,              0.0074
       140,        40,      1.00,              0.0588,                   0,                   0
       140,        41,      1.00,              0.1103,                   0,              0.0368
       140,        42,      1.00,              0.0294,                   0,              0.0074
       140,        43,      1.00,              0.0588,                   0,              0.0221
       140,        44,      1.00,              0.0441,                   0,              0.0515
       140,        45,      1.00,              0.3161,                   0,              0.1176
       140,        46,      1.00,              0.2279,                   0,              0.0956
       140,        47,      1.00,              0.0588,                   0,              0.0221
       140,        48,      1.00,              0.0074,                   0,              0.0294
       140,        49,      1.00,              0.1250,                   0,              0.0221
       140,        50,      1.00,              0.0441,                   0,              0.1617
       140,        52,      1.00,              0.1323,                   0,              0.0294
       140,        55,      1.00,              0.2058,                   0,              0.0294
       140,        56,      1.00,              0.1617,                   0,              0.0294
       140,        57,      1.00,              0.0074,                   0,                   0
       140,        58,      1.00,              0.1397,                   0,              0.0588
       140,        59,      1.00,              0.2058,                   0,              0.0147
       140,        60,      1.00,                   0,                   0,              0.0074
       140,        61,      1.00,              0.0735,                   0,              0.0221
       140,        62,      1.00,              0.0074,                   0,              0.0147
       140,        63,      1.00,              0.8969,                   0,              0.0221
       140,        64,      1.00,              0.0147,                   0,              0.0147
       140,        65,      1.00,              0.3088,                   0,              0.0074
       140,        66,      1.00,              0.2058,                   0,              0.0074
       140,        67,      1.00,              0.0147,                   0,              0.0294
       140,        68,      1.00,              0.0074,                   0,              0.0074
       140,        69,      1.00,              0.0074,                   0,              0.0147
       140,        70,      1.00,              0.2058,                   0,                   0
       140,        71,      1.00,                   0,                   0,              0.0221
       140,        72,      1.00,                   0,                   0,              0.0294
       140,        73,      1.00,              0.0074,                   0,              0.0221
       140,        74,      1.00,              0.3088,                   0,              0.0074
       140,        75,      1.00,              0.3235,                   0,              0.0441
       140,        76,      1.00,              0.6249,                   0,              0.0515
       140,        77,      1.00,              0.4117,                   0,              0.0074
       140,        78,      1.00,                   0,                   0,              0.0368
       140,        79,      1.00,              1.7202,                   0,              0.0956
       140,        80,      1.00,              1.3453,                   0,              0.0147
       140,        81,      1.00,              0.3896,                   0,              0.0368
       140,        82,      1.00,              0.0809,                   0,              0.0074
       140,        83,      1.00,              0.5072,                   0,              0.0956
       140,        84,      1.00,              0.4411,                   0,              0.1691
       140,        85,      1.00,              0.9557,                   0,              0.0882
       140,        86,      1.00,              0.8013,                   0,              0.0809
       140,        87,      1.00,              0.1103,                   0,                   0
       140,        88,      1.00,              0.2058,                   0,              0.0074
       140,        89,      1.00,              0.4117,                   0,              0.0809
       140,        90,      1.00,              0.7425,                   0,              0.0588
       140,        91,      1.00,              0.3088,                   0,              0.0441
       140,        92,      1.00,              3.5581,                   0,              0.1838
       140,        93,      1.00,              0.4264,                   0,              0.0441
       140,        94,      1.00,              0.4043,                   0,              0.0735
       140,        95,      1.00,              3.4552,                   0,              0.2058
       140,        96,      1.00,              0.3088,                   0,              0.0147
       140,        97,      1.00,              0.0956,                   0,              0.0221
       140,        98,      1.00,              0.5293,                   0,              0.0221
       140,        99,      1.00,              0.6837,                   0,              0.0147
       140,       100,      1.00,              3.1097,                   0,              0.3455
       140,       101,      1.00,              0.8160,                   0,              0.0588
       140,       102,      1.00,              0.3161,                   0,              0.1691
       140,       103,      1.00,              2.6024,                   0,              0.2058
       140,       104,      1.00,              1.5438,                   0,              0.0294
       140,       105,      1.00,              2.1907,                   0,              0.1029
       140,       106,      1.00,              1.8452,                   0,              0.0956
       140,       107,      1.00,              3.1905,                   0,              0.1103
       140,       108,      1.00,              1.1468,                   0,              0.0441
       140,       109,      1.00,              0.6543,                   0,              0.0588
       140,       110,      1.00,              0.7204,                   0,                   0
       140,       111,      1.00,              0.1691,                   0,                   0
       140,       112,      1.00,              0.0662,                   0,              0.0074
       140,       114,      1.00,              4.9181,                   0,              0.3823
       140,       115,      1.00,              0.0074,                   0,              0.1764
       140,       116,      1.00,              3.6684,                   0,              0.2058
       140,       117,      1.00,             21.1722,                   0,              0.5514
       140,       118,      1.00,             13.9530,                   0,              0.3896
       140,       119,      1.00,              2.4260,                   0,              0.2720
       140,       120,      1.00,              1.4262,                   0,              0.1176
       140,       121,      1.00,              3.9771,                   0,              0.2647
       140,       122,      1.00,              3.3082,                   0,              0.2647
       140,       123,      1.00,              4.9696,                   0,              0.1764
       140,       124,      1.00,             10.7111,                   0,              0.4484
       140,       125,      1.00,              8.1454,                   0,              0.2794
       140,       126,      1.00,              7.8808,                   0,              0.4117
       140,       127,      1.00,             11.3653,                   0,              0.4337
       140,       128,      1.00,              5.7562,                   0,              0.2426
       140,       129,      1.00,              2.5215,                   0,              0.1691
       140,       130,      1.00,              4.1315,                   0,              0.0882
       140,       131,      1.00,              3.3229,                   0,              0.0882
       140,       132,      1.00,              4.9181,                   0,              0.1029
       140,       133,      1.00,              3.4258,                   0,              0.1323
       140,       134,      1.00,             21.4368,                   0,              0.1691
       140,       135,      1.00,             27.9355,                   0,              0.4043
       140,       136,      1.00,             17.0921,                   0,              0.6616
       140,       137,      1.00,              6.5942,                   0,              0.3676
       140,       138,      1.00,             46.2921,                   0,              0.6175
       140,       139,      1.00,              6.7560,                   0,              0.0882
       140,       140,      1.00,            125.5186,                   0,              0.7425
       140,       141,      1.00,              9.8068,                   0,              0.4043
       140,       142,      1.00,              8.5203,                   0,              0.4705
       140,       143,      1.00,             19.9739,                   0,              0.5220
       140,       144,      1.00,              5.3298,                   0,              0.0662
       140,       145,      1.00,              6.5942,                   0,              0.1617
       140,       146,      1.00,             43.8881,                   0,              0.6984
       140,       147,      1.00,             14.2545,                   0,              0.3235
       140,       148,      1.00,             10.0568,                   0,              0.3455
       140,       149,      1.00,             10.4096,                   0,              0.3014
       140,       150,      1.00,              7.1677,                   0,              0.3823
       140,       151,      1.00,              3.6243,                   0,              0.6028
       140,       152,      1.00,              1.3453,                   0,              0.1838
       140,       153,      1.00,              1.1762,                   0,              0.1544
       140,       154,      1.00,              7.9322,                   0,              0.7425
       140,       155,      1.00,              4.7049,                   0,              0.5734
       140,       156,      1.00,              0.6690,                   0,              0.0882
       140,       157,      1.00,              1.8305,                   0,              0.0662
       140,       158,      1.00,                   0,                   0,              0.2647
       140,       159,      1.00,              0.8307,                   0,              0.0735
       140,       160,      1.00,             30.7143,                   0,              0.2867
       140,       161,      1.00,             13.3870,                   0,              0.4117
       140,       162,      1.00,             25.4066,                   0,              1.1321
       140,       163,      1.00,              0.3235,                   0,              0.0662
       140,       164,      1.00,             16.9083,                   0,              0.7131
       140,       165,      1.00,              4.6094,                   0,              0.3161
       140,       166,      1.00,             10.4685,                   0,              0.3382
       140,       167,      1.00,             10.1156,                   0,              0.4117
       140,       168,      1.00,             11.2110,                   0,              0.2647
       140,       169,      1.00,              6.1017,                   0,              0.1250
       140,       170,      1.00,             12.0343,                   0,              0.1985
       140,       171,      1.00,              0.2941,                   0,                   0
       140,       172,      1.00,              9.4099,                   0,              0.1691
       140,       173,      1.00,              0.4558,                   0,              0.0074
       140,       174,      1.00,              4.3079,                   0,              0.1250
       140,       175,      1.00,              6.7633,                   0,              0.2205
       140,       176,      1.00,              0.3382,                   0,              0.0074
       140,       177,      1.00,              7.1971,                   0,              0.2573
       140,       178,      1.00,              5.2342,                   0,              0.2573
       140,       179,      1.00,              9.3804,                   0,              0.5808
       140,       180,      1.00,              0.9483,                   0,              0.0735
       140,       181,      1.00,              2.6171,                   0,              0.1617
       140,       182,      1.00,              6.7266,                   0,              0.9263
       140,       183,      1.00,              2.4627,                   0,              0.0294
       140,       184,      1.00,              2.2642,                   0,              0.0662
       140,       185,      1.00,              1.3380,                   0,              0.0147
       140,       186,      1.00,              0.8454,                   0,              0.0074
       140,       187,      1.00,              1.0513,                   0,              0.0074
       140,       188,      1.00,              3.1979,                   0,              0.0735
       140,       189,      1.00,              1.3453,                   0,              0.0074
       140,       190,      1.00,              0.2426,                   0,              0.0294
       140,       191,      1.00,              0.5293,                   0,                   0
       140,       192,      1.00,              0.8969,                   0,              0.0441
       140,       193,      1.00,              0.4484,                   0,              0.0074
       140,       194,      1.00,              0.0074,                   0,              0.0074
       140,       195,      1.00,              0.6984,                   0,              0.0588
       140,       196,      1.00,              0.1103,                   0,              0.0441
       140,       197,      1.00,                   0,                   0,              0.0074
       140,       198,      1.00,              0.6175,                   0,              0.0221
       140,       199,      1.00,              0.1176,                   0,                   0
       140,       200,      1.00,              0.0074,                   0,              0.0221
       140,       201,      1.00,              0.5514,                   0,              0.0294
       140,       202,      1.00,              0.4043,                   0,              0.0074
       140,       203,      1.00,              0.2426,                   0,              0.0147
       140,       204,      1.00,              0.1029,                   0,              0.0221
       140,       205,      1.00,                   0,                   0,              0.0074
       140,       207,      1.00,              0.2058,                   0,              0.0147
       140,       208,      1.00,              0.0882,                   0,              0.0368
       140,       209,      1.00,              0.1691,                   0,              0.1029
       140,       210,      1.00,              0.1176,                   0,              0.0588
       140,       211,      1.00,              3.8816,                   0,              0.2573
       140,       212,      1.00,              3.3082,                   0,              0.4117
       140,       213,      1.00,              6.4987,                   0,              0.4558
       140,       214,      1.00,              0.3896,                   0,              0.0735
       140,       219,      1.00,                   0,                   0,              0.0074
       140,       224,      1.00,                   0,                   0,              0.0441
       140,       226,      1.00,                   0,                   0,              0.0294
       140,       227,      1.00,                   0,                   0,              0.0147
       140,       228,      1.00,                   0,                   0,              0.0147
       141,         1,      1.00,              0.0515,                   0,                   0
       141,         2,      1.00,              0.0515,                   0,                   0
       141,         3,      1.00,              0.0147,                   0,                   0
       141,         4,      1.00,              0.0515,                   0,                   0
       141,         5,      1.00,              0.1029,                   0,              0.0074
       141,         6,      1.00,              0.1397,                   0,              0.0074
       141,         7,      1.00,              0.4558,                   0,              0.0074
       141,         8,      1.00,              0.5661,                   0,              0.0147
       141,         9,      1.00,              0.2720,                   0,              0.0074
       141,        10,      1.00,              0.0221,                   0,                   0
       141,        11,      1.00,              0.0515,                   0,              0.0074
       141,        12,      1.00,              0.1544,                   0,              0.0147
       141,        13,      1.00,              0.3161,                   0,              0.0074
       141,        14,      1.00,              0.4117,                   0,              0.0074
       141,        15,      1.00,              0.6028,                   0,              0.0368
       141,        16,      1.00,              0.0515,                   0,                   0
       141,        17,      1.00,              0.1544,                   0,              0.0074
       141,        18,      1.00,              0.0588,                   0,                   0
       141,        19,      1.00,              0.1176,                   0,              0.0074
       141,        20,      1.00,              0.0221,                   0,                   0
       141,        21,      1.00,                   0,                   0,              0.0074
       141,        22,      1.00,              0.1029,                   0,                   0
       141,        23,      1.00,              0.1103,                   0,                   0
       141,        24,      1.00,              0.0882,                   0,                   0
       141,        26,      1.00,              0.1691,                   0,                   0
       141,        27,      1.00,              0.1911,                   0,              0.0074
       141,        28,      1.00,              0.1691,                   0,              0.0368
       141,        29,      1.00,              0.1176,                   0,                   0
       141,        30,      1.00,              0.0882,                   0,              0.0074
       141,        31,      1.00,              0.0809,                   0,              0.0074
       141,        32,      1.00,              0.1691,                   0,              0.0147
       141,        33,      1.00,              0.1691,                   0,              0.0147
       141,        34,      1.00,              0.0515,                   0,                   0
       141,        35,      1.00,              0.1764,                   0,              0.0147
       141,        36,      1.00,              0.2499,                   0,              0.0147
       141,        37,      1.00,              0.1103,                   0,              0.0074
       141,        38,      1.00,              0.0662,                   0,              0.0074
       141,        39,      1.00,              0.0956,                   0,              0.0221
       141,        40,      1.00,              0.1103,                   0,              0.0147
       141,        41,      1.00,              0.4043,                   0,              0.0441
       141,        42,      1.00,              0.0882,                   0,              0.0074
       141,        43,      1.00,              0.1397,                   0,              0.0147
       141,        44,      1.00,              0.2573,                   0,              0.0515
       141,        45,      1.00,              0.6690,                   0,              0.1250
       141,        46,      1.00,              0.3088,                   0,              0.0956
       141,        47,      1.00,              0.0956,                   0,              0.0147
       141,        48,      1.00,                   0,                   0,              0.0221
       141,        49,      1.00,              0.1250,                   0,              0.0368
       141,        50,      1.00,                   0,                   0,              0.1397
       141,        52,      1.00,              0.0515,                   0,              0.0294
       141,        54,      1.00,              0.0809,                   0,                   0
       141,        55,      1.00,              0.1544,                   0,              0.0294
       141,        56,      1.00,              0.2499,                   0,              0.0294
       141,        57,      1.00,              0.0074,                   0,                   0
       141,        58,      1.00,              0.3308,                   0,              0.0368
       141,        59,      1.00,              0.2352,                   0,              0.0368
       141,        60,      1.00,              0.0441,                   0,              0.0147
       141,        61,      1.00,              0.1617,                   0,              0.0294
       141,        62,      1.00,              0.2794,                   0,              0.0147
       141,        63,      1.00,              0.2352,                   0,              0.0368
       141,        64,      1.00,              0.1103,                   0,              0.0588
       141,        65,      1.00,              0.1911,                   0,              0.0147
       141,        66,      1.00,              0.2647,                   0,              0.0147
       141,        67,      1.00,              0.6028,                   0,              0.0588
       141,        68,      1.00,              0.1323,                   0,              0.0147
       141,        69,      1.00,              0.0956,                   0,              0.0441
       141,        70,      1.00,              0.0515,                   0,              0.0074
       141,        71,      1.00,              0.1176,                   0,              0.0368
       141,        72,      1.00,              0.0662,                   0,              0.0147
       141,        73,      1.00,              0.0662,                   0,              0.0368
       141,        74,      1.00,              0.1764,                   0,              0.0221
       141,        75,      1.00,              0.2279,                   0,              0.1176
       141,        76,      1.00,              0.1617,                   0,              0.0809
       141,        77,      1.00,              0.0588,                   0,              0.0735
       141,        78,      1.00,                   0,                   0,              0.0368
       141,        79,      1.00,              0.5587,                   0,              0.0294
       141,        80,      1.00,              0.6763,                   0,              0.0294
       141,        81,      1.00,              0.9851,                   0,              0.0368
       141,        82,      1.00,              0.0956,                   0,              0.0074
       141,        83,      1.00,              0.6102,                   0,              0.1397
       141,        84,      1.00,              1.3380,                   0,              0.1911
       141,        85,      1.00,              1.3527,                   0,              0.1323
       141,        86,      1.00,              0.7940,                   0,              0.1103
       141,        87,      1.00,              0.3088,                   0,              0.0074
       141,        88,      1.00,              0.1838,                   0,              0.0147
       141,        89,      1.00,              0.5955,                   0,              0.0221
       141,        90,      1.00,              1.0954,                   0,              0.0809
       141,        91,      1.00,              0.7572,                   0,              0.0662
       141,        92,      1.00,              3.9257,                   0,              0.2426
       141,        93,      1.00,              0.5808,                   0,              0.0588
       141,        94,      1.00,              0.5955,                   0,              0.0956
       141,        95,      1.00,              3.6978,                   0,              0.2499
       141,        96,      1.00,              0.1617,                   0,              0.0662
       141,        97,      1.00,              0.0956,                   0,              0.0074
       141,        98,      1.00,              0.1176,                   0,              0.0147
       141,        99,      1.00,              0.0515,                   0,              0.0074
       141,       100,      1.00,              0.6469,                   0,              0.2205
       141,       101,      1.00,              0.3161,                   0,              0.0735
       141,       102,      1.00,              0.0882,                   0,                   0
       141,       103,      1.00,              1.3821,                   0,              0.1103
       141,       104,      1.00,              0.6543,                   0,              0.0956
       141,       105,      1.00,              0.2573,                   0,              0.0515
       141,       106,      1.00,              0.6396,                   0,              0.0735
       141,       107,      1.00,              0.7719,                   0,              0.0368
       141,       108,      1.00,              0.1838,                   0,              0.0221
       141,       109,      1.00,              0.3749,                   0,              0.0368
       141,       110,      1.00,              0.2352,                   0,              0.0147
       141,       111,      1.00,              0.1764,                   0,              0.0147
       141,       112,      1.00,              0.2499,                   0,              0.0294
       141,       113,      1.00,              0.0221,                   0,                   0
       141,       114,      1.00,              0.4264,                   0,              0.2205
       141,       115,      1.00,                   0,                   0,              0.1617
       141,       116,      1.00,              0.5734,                   0,              0.1176
       141,       117,      1.00,              3.9110,                   0,              0.1397
       141,       118,      1.00,              4.2491,                   0,              0.1250
       141,       119,      1.00,              4.9549,                   0,              0.4925
       141,       120,      1.00,              1.9702,                   0,              0.1397
       141,       121,      1.00,              5.0357,                   0,              0.2794
       141,       122,      1.00,              3.3302,                   0,              0.1764
       141,       123,      1.00,              3.6684,                   0,              0.1617
       141,       124,      1.00,              2.8009,                   0,              0.2941
       141,       125,      1.00,              1.7276,                   0,              0.1176
       141,       126,      1.00,             18.3345,                   0,              0.9704
       141,       127,      1.00,             22.4293,                   0,              0.9263
       141,       128,      1.00,             19.8269,                   0,              0.4117
       141,       129,      1.00,              2.5730,                   0,              0.1103
       141,       130,      1.00,              2.8156,                   0,              0.0956
       141,       131,      1.00,              1.0733,                   0,              0.1103
       141,       132,      1.00,              4.7711,                   0,              0.1029
       141,       133,      1.00,              1.3159,                   0,              0.0662
       141,       134,      1.00,              1.3306,                   0,              0.0809
       141,       135,      1.00,              4.4991,                   0,              0.1544
       141,       136,      1.00,              3.2420,                   0,              0.3676
       141,       137,      1.00,              1.8746,                   0,              0.2352
       141,       138,      1.00,              4.4109,                   0,              0.2132
       141,       139,      1.00,              0.7278,                   0,              0.0368
       141,       140,      1.00,              9.0276,                   0,              0.3676
       141,       141,      1.00,             66.6923,                   0,              0.7351
       141,       142,      1.00,             24.0245,                   0,              0.7057
       141,       143,      1.00,             24.9288,                   0,              0.7719
       141,       144,      1.00,              4.7784,                   0,              0.1176
       141,       145,      1.00,             17.0995,                   0,              0.3308
       141,       146,      1.00,             14.5044,                   0,              0.7646
       141,       147,      1.00,              5.4548,                   0,              0.3161
       141,       148,      1.00,             19.2902,                   0,              0.8822
       141,       149,      1.00,             11.6447,                   0,              0.3970
       141,       150,      1.00,             20.6796,                   0,              0.5881
       141,       151,      1.00,             11.0051,                   0,              1.1101
       141,       152,      1.00,              2.8083,                   0,              0.2426
       141,       153,      1.00,              2.8450,                   0,              0.2132
       141,       154,      1.00,             25.0390,                   0,              1.6394
       141,       155,      1.00,             10.2185,                   0,              0.8601
       141,       156,      1.00,              1.7055,                   0,              0.1176
       141,       157,      1.00,              0.6249,                   0,              0.0515
       141,       158,      1.00,                   0,                   0,              0.1838
       141,       159,      1.00,              0.3088,                   0,              0.0515
       141,       160,      1.00,              4.0065,                   0,              0.1911
       141,       161,      1.00,             10.3067,                   0,              0.3749
       141,       162,      1.00,              5.7488,                   0,              0.6543
       141,       163,      1.00,              0.2499,                   0,              0.0294
       141,       164,      1.00,              5.0946,                   0,              0.4631
       141,       165,      1.00,              6.5354,                   0,              0.4190
       141,       166,      1.00,              9.6377,                   0,              0.4558
       141,       167,      1.00,              5.3445,                   0,              0.2573
       141,       168,      1.00,              3.4772,                   0,              0.1911
       141,       169,      1.00,              1.6100,                   0,              0.0956
       141,       170,      1.00,              2.6980,                   0,              0.2279
       141,       171,      1.00,              0.0368,                   0,                   0
       141,       172,      1.00,              2.6245,                   0,              0.1985
       141,       173,      1.00,              0.1764,                   0,              0.0074
       141,       174,      1.00,              1.5217,                   0,              0.0956
       141,       175,      1.00,              2.6465,                   0,              0.1617
       141,       176,      1.00,              0.1250,                   0,              0.0074
       141,       177,      1.00,              2.6098,                   0,              0.1617
       141,       178,      1.00,              5.1975,                   0,              0.3896
       141,       179,      1.00,              6.1752,                   0,              0.4264
       141,       180,      1.00,              0.6102,                   0,              0.0515
       141,       181,      1.00,              1.8599,                   0,              0.1617
       141,       182,      1.00,              5.3004,                   0,              0.3235
       141,       183,      1.00,              1.0586,                   0,              0.0515
       141,       184,      1.00,              1.1762,                   0,              0.0588
       141,       185,      1.00,              1.1762,                   0,              0.0515
       141,       186,      1.00,              0.4558,                   0,              0.0221
       141,       187,      1.00,              0.3602,                   0,              0.0221
       141,       188,      1.00,              0.9998,                   0,              0.1176
       141,       189,      1.00,              0.2205,                   0,              0.0147
       141,       190,      1.00,              0.1544,                   0,              0.0441
       141,       191,      1.00,              0.0515,                   0,              0.0074
       141,       192,      1.00,              0.5881,                   0,              0.0735
       141,       193,      1.00,              0.1029,                   0,              0.0147
       141,       194,      1.00,              0.0515,                   0,              0.0147
       141,       195,      1.00,              0.6984,                   0,              0.0441
       141,       196,      1.00,              0.1029,                   0,              0.0515
       141,       197,      1.00,              0.1397,                   0,              0.0147
       141,       198,      1.00,              0.0956,                   0,              0.0221
       141,       199,      1.00,              0.0294,                   0,              0.0074
       141,       200,      1.00,              0.0441,                   0,              0.0221
       141,       201,      1.00,              0.2352,                   0,              0.0294
       141,       202,      1.00,              0.0956,                   0,              0.0147
       141,       203,      1.00,              0.0515,                   0,              0.0147
       141,       204,      1.00,                   0,                   0,              0.0221
       141,       205,      1.00,              0.0221,                   0,              0.0074
       141,       206,      1.00,              0.0956,                   0,              0.0074
       141,       207,      1.00,              0.0735,                   0,              0.0294
       141,       208,      1.00,              0.1250,                   0,              0.0294
       141,       209,      1.00,              0.3602,                   0,              0.1103
       141,       210,      1.00,              0.2058,                   0,              0.0515
       141,       211,      1.00,              1.0733,                   0,              0.1617
       141,       212,      1.00,              2.6906,                   0,              0.3161
       141,       213,      1.00,              1.3453,                   0,              0.3455
       141,       214,      1.00,              0.3014,                   0,              0.0368
       141,       218,      1.00,                   0,                   0,              0.0074
       141,       219,      1.00,                   0,                   0,              0.0074
       141,       224,      1.00,                   0,                   0,              0.0294
       141,       226,      1.00,                   0,                   0,              0.0221
       141,       227,      1.00,                   0,                   0,              0.0147
       141,       228,      1.00,                   0,                   0,              0.0147
       142,         1,      1.00,              0.0515,                   0,                   0
       142,         2,      1.00,              0.2058,                   0,                   0
       142,         5,      1.00,              0.0294,                   0,              0.0074
       142,         6,      1.00,              0.1985,                   0,              0.0074
       142,         7,      1.00,              0.2426,                   0,              0.0147
       142,         8,      1.00,              1.2865,                   0,              0.0147
       142,         9,      1.00,              0.1985,                   0,              0.0147
       142,        10,      1.00,              0.0515,                   0,                   0
       142,        11,      1.00,              0.0221,                   0,              0.0074
       142,        12,      1.00,              0.6175,                   0,              0.0147
       142,        13,      1.00,              0.4117,                   0,              0.0147
       142,        14,      1.00,              1.0292,                   0,              0.0074
       142,        15,      1.00,              0.4337,                   0,              0.0368
       142,        17,      1.00,              0.1029,                   0,              0.0074
       142,        18,      1.00,              0.1397,                   0,                   0
       142,        19,      1.00,              0.1470,                   0,              0.0074
       142,        20,      1.00,              0.0588,                   0,                   0
       142,        21,      1.00,              0.1029,                   0,              0.0074
       142,        22,      1.00,              0.0662,                   0,                   0
       142,        23,      1.00,              0.8234,                   0,              0.0074
       142,        24,      1.00,              0.2058,                   0,                   0
       142,        25,      1.00,              0.0294,                   0,                   0
       142,        26,      1.00,              0.0809,                   0,              0.0074
       142,        27,      1.00,              0.0809,                   0,              0.0147
       142,        28,      1.00,              0.1617,                   0,              0.0294
       142,        29,      1.00,              0.1029,                   0,              0.0074
       142,        30,      1.00,              0.0809,                   0,              0.0074
       142,        31,      1.00,              0.0809,                   0,              0.0074
       142,        32,      1.00,              0.1176,                   0,              0.0147
       142,        33,      1.00,              0.1323,                   0,              0.0147
       142,        34,      1.00,              0.0294,                   0,              0.0074
       142,        35,      1.00,              0.6175,                   0,              0.0147
       142,        36,      1.00,              0.1103,                   0,              0.0147
       142,        37,      1.00,              0.0882,                   0,              0.0074
       142,        38,      1.00,              0.0809,                   0,              0.0074
       142,        39,      1.00,              0.3161,                   0,              0.0221
       142,        40,      1.00,              0.0074,                   0,              0.0147
       142,        41,      1.00,              0.6249,                   0,              0.0294
       142,        42,      1.00,              0.2058,                   0,                   0
       142,        43,      1.00,                   0,                   0,              0.0074
       142,        44,      1.00,              0.4190,                   0,              0.0294
       142,        45,      1.00,              1.7864,                   0,              0.0662
       142,        46,      1.00,              0.5734,                   0,              0.0588
       142,        47,      1.00,              0.0882,                   0,              0.0074
       142,        48,      1.00,                   0,                   0,              0.0074
       142,        49,      1.00,              0.3161,                   0,              0.0221
       142,        50,      1.00,                   0,                   0,              0.0515
       142,        51,      1.00,              0.0074,                   0,                   0
       142,        52,      1.00,              0.2720,                   0,              0.0221
       142,        54,      1.00,              0.0515,                   0,              0.0074
       142,        55,      1.00,              0.1911,                   0,              0.0221
       142,        56,      1.00,              0.2132,                   0,              0.0294
       142,        57,      1.00,              0.0074,                   0,                   0
       142,        58,      1.00,              0.4190,                   0,              0.0294
       142,        59,      1.00,              0.1544,                   0,              0.0221
       142,        60,      1.00,              0.1691,                   0,              0.0147
       142,        61,      1.00,              0.2352,                   0,              0.0221
       142,        62,      1.00,              0.1176,                   0,              0.0147
       142,        63,      1.00,              0.0441,                   0,              0.0221
       142,        64,      1.00,              0.2647,                   0,              0.0368
       142,        65,      1.00,              0.3014,                   0,              0.0221
       142,        66,      1.00,              0.2205,                   0,              0.0147
       142,        67,      1.00,              0.3455,                   0,              0.0515
       142,        68,      1.00,              0.1544,                   0,              0.0147
       142,        69,      1.00,              0.1103,                   0,              0.0294
       142,        70,      1.00,              0.0662,                   0,              0.0074
       142,        71,      1.00,              0.1176,                   0,              0.0221
       142,        72,      1.00,              0.0809,                   0,              0.0074
       142,        73,      1.00,              0.0368,                   0,              0.0294
       142,        74,      1.00,              0.1250,                   0,              0.0147
       142,        75,      1.00,              0.4190,                   0,              0.0735
       142,        76,      1.00,              0.0588,                   0,              0.0441
       142,        77,      1.00,              0.1544,                   0,              0.0368
       142,        78,      1.00,              0.0294,                   0,              0.0221
       142,        79,      1.00,              0.5220,                   0,              0.0294
       142,        80,      1.00,              0.5220,                   0,              0.0368
       142,        81,      1.00,              0.4852,                   0,              0.0221
       142,        82,      1.00,              0.1029,                   0,              0.0147
       142,        83,      1.00,              0.2352,                   0,              0.0735
       142,        84,      1.00,              3.6463,                   0,              0.2426
       142,        85,      1.00,              1.6761,                   0,              0.1029
       142,        86,      1.00,              0.6469,                   0,              0.0588
       142,        87,      1.00,              0.2867,                   0,              0.0147
       142,        88,      1.00,              0.2867,                   0,              0.0147
       142,        89,      1.00,              0.3382,                   0,              0.0221
       142,        90,      1.00,              0.4337,                   0,              0.0515
       142,        91,      1.00,              0.6322,                   0,              0.0368
       142,        92,      1.00,             10.2259,                   0,              0.3235
       142,        93,      1.00,              1.0439,                   0,              0.0294
       142,        94,      1.00,              0.7425,                   0,              0.0515
       142,        95,      1.00,              4.7490,                   0,              0.1470
       142,        96,      1.00,              0.1250,                   0,              0.0368
       142,        97,      1.00,              0.0809,                   0,              0.0074
       142,        98,      1.00,              0.1544,                   0,              0.0221
       142,        99,      1.00,              0.1103,                   0,              0.0147
       142,       100,      1.00,              0.4337,                   0,              0.2058
       142,       101,      1.00,              0.3014,                   0,              0.0588
       142,       102,      1.00,              0.1470,                   0,              0.0074
       142,       103,      1.00,              1.0586,                   0,              0.0882
       142,       104,      1.00,              0.6616,                   0,              0.0588
       142,       105,      1.00,              0.4484,                   0,              0.0441
       142,       106,      1.00,              0.5220,                   0,              0.0662
       142,       107,      1.00,              0.6690,                   0,              0.0441
       142,       108,      1.00,              0.0882,                   0,              0.0294
       142,       109,      1.00,              0.5661,                   0,              0.0368
       142,       110,      1.00,              0.2352,                   0,              0.0147
       142,       111,      1.00,              0.0956,                   0,              0.0147
       142,       112,      1.00,              0.8307,                   0,              0.0221
       142,       114,      1.00,              0.5367,                   0,              0.2205
       142,       115,      1.00,              0.1176,                   0,              0.0956
       142,       116,      1.00,              0.3970,                   0,              0.1103
       142,       117,      1.00,              4.1168,                   0,              0.1176
       142,       118,      1.00,              3.6463,                   0,              0.1397
       142,       119,      1.00,             13.7766,                   0,              0.5587
       142,       120,      1.00,              3.1170,                   0,              0.0956
       142,       121,      1.00,              9.1084,                   0,              0.2941
       142,       122,      1.00,              2.7200,                   0,              0.1470
       142,       123,      1.00,              2.7494,                   0,              0.1470
       142,       124,      1.00,              3.1758,                   0,              0.2205
       142,       125,      1.00,              2.0952,                   0,              0.1029
       142,       126,      1.00,             84.6813,                   0,              1.3747
       142,       127,      1.00,             26.5387,                   0,              0.9557
       142,       128,      1.00,             14.5412,                   0,              0.3970
       142,       129,      1.00,              1.9261,                   0,              0.0882
       142,       130,      1.00,              2.2863,                   0,              0.0662
       142,       131,      1.00,              1.2497,                   0,              0.0735
       142,       132,      1.00,              3.8375,                   0,              0.0809
       142,       133,      1.00,              1.9187,                   0,              0.0588
       142,       134,      1.00,              1.3894,                   0,              0.0662
       142,       135,      1.00,              4.4991,                   0,              0.2132
       142,       136,      1.00,              3.1097,                   0,              0.2941
       142,       137,      1.00,              1.3821,                   0,              0.1617
       142,       138,      1.00,              4.2712,                   0,              0.2867
       142,       139,      1.00,              0.4999,                   0,              0.0441
       142,       140,      1.00,              8.2410,                   0,              0.4264
       142,       141,      1.00,             27.0460,                   0,              0.7793
       142,       142,      1.00,            162.8786,                   0,              1.0954
       142,       143,      1.00,             18.8712,                   0,              0.4337
       142,       144,      1.00,              2.6392,                   0,              0.1176
       142,       145,      1.00,              5.7709,                   0,              0.3455
       142,       146,      1.00,              9.6966,                   0,              0.7572
       142,       147,      1.00,              4.0948,                   0,              0.2132
       142,       148,      1.00,             15.1366,                   0,              0.6910
       142,       149,      1.00,              7.5132,                   0,              0.2720
       142,       150,      1.00,             12.1152,                   0,              0.6396
       142,       151,      1.00,              8.7188,                   0,              0.9410
       142,       152,      1.00,              3.0435,                   0,              0.2132
       142,       153,      1.00,              2.4848,                   0,              0.1911
       142,       154,      1.00,             80.0425,                   0,              3.4699
       142,       155,      1.00,             15.3498,                   0,              1.2792
       142,       156,      1.00,              1.5806,                   0,              0.0735
       142,       157,      1.00,              0.5220,                   0,              0.0441
       142,       158,      1.00,              0.0221,                   0,              0.0956
       142,       159,      1.00,              0.1397,                   0,              0.0368
       142,       160,      1.00,              3.3743,                   0,              0.1470
       142,       161,      1.00,             11.7917,                   0,              0.3823
       142,       162,      1.00,              5.3445,                   0,              0.4558
       142,       163,      1.00,              0.1323,                   0,              0.0294
       142,       164,      1.00,              6.7045,                   0,              0.3749
       142,       165,      1.00,              5.5209,                   0,              0.3749
       142,       166,      1.00,              8.6894,                   0,              0.3823
       142,       167,      1.00,              4.7196,                   0,              0.2132
       142,       168,      1.00,              3.4478,                   0,              0.1691
       142,       169,      1.00,              1.8158,                   0,              0.0956
       142,       170,      1.00,              2.4333,                   0,              0.1764
       142,       171,      1.00,              0.0294,                   0,                   0
       142,       172,      1.00,              3.0950,                   0,              0.1911
       142,       173,      1.00,              0.2132,                   0,              0.0074
       142,       174,      1.00,              1.9775,                   0,              0.1029
       142,       175,      1.00,              2.5068,                   0,              0.1470
       142,       176,      1.00,              0.2058,                   0,              0.0074
       142,       177,      1.00,              1.9334,                   0,              0.1397
       142,       178,      1.00,              4.8593,                   0,              0.2941
       142,       179,      1.00,              6.5134,                   0,              0.3602
       142,       180,      1.00,              1.1468,                   0,              0.0368
       142,       181,      1.00,              2.3378,                   0,              0.1250
       142,       182,      1.00,              5.0063,                   0,              0.2499
       142,       183,      1.00,              1.1762,                   0,              0.0515
       142,       184,      1.00,              1.4335,                   0,              0.0588
       142,       185,      1.00,              1.2350,                   0,              0.0662
       142,       186,      1.00,              0.5220,                   0,              0.0294
       142,       187,      1.00,              0.2205,                   0,              0.0221
       142,       188,      1.00,              1.5806,                   0,              0.1323
       142,       189,      1.00,              0.3308,                   0,              0.0221
       142,       190,      1.00,              0.2058,                   0,              0.0588
       142,       191,      1.00,              0.1470,                   0,              0.0074
       142,       192,      1.00,              0.5955,                   0,              0.0735
       142,       193,      1.00,              0.1544,                   0,              0.0147
       142,       194,      1.00,              0.0147,                   0,              0.0147
       142,       195,      1.00,              0.8528,                   0,              0.0441
       142,       196,      1.00,              0.2867,                   0,              0.0515
       142,       197,      1.00,              0.0588,                   0,              0.0147
       142,       198,      1.00,              0.1323,                   0,              0.0294
       142,       199,      1.00,              0.0368,                   0,              0.0074
       142,       200,      1.00,              0.0956,                   0,              0.0294
       142,       201,      1.00,              0.3749,                   0,              0.0368
       142,       202,      1.00,              0.1176,                   0,              0.0147
       142,       203,      1.00,              0.1176,                   0,              0.0147
       142,       204,      1.00,              0.0588,                   0,              0.0221
       142,       205,      1.00,              0.0588,                   0,              0.0147
       142,       206,      1.00,              0.0441,                   0,              0.0074
       142,       207,      1.00,              0.1911,                   0,              0.0294
       142,       208,      1.00,              0.3014,                   0,              0.0368
       142,       209,      1.00,              0.3823,                   0,              0.0588
       142,       210,      1.00,              0.3308,                   0,              0.0294
       142,       211,      1.00,              1.4409,                   0,              0.1029
       142,       212,      1.00,              2.3745,                   0,              0.2352
       142,       213,      1.00,              1.1395,                   0,              0.2426
       142,       214,      1.00,              0.1544,                   0,              0.0368
       142,       218,      1.00,                   0,                   0,              0.0074
       142,       219,      1.00,                   0,                   0,              0.0074
       142,       224,      1.00,                   0,                   0,              0.0221
       142,       226,      1.00,                   0,                   0,              0.0147
       142,       227,      1.00,                   0,                   0,              0.0147
       142,       228,      1.00,                   0,                   0,              0.0147
       143,         1,      1.00,              0.0735,                   0,                   0
       143,         2,      1.00,              0.0588,                   0,                   0
       143,         3,      1.00,              0.1029,                   0,                   0
       143,         4,      1.00,              0.0441,                   0,                   0
       143,         5,      1.00,              0.0074,                   0,              0.0074
       143,         6,      1.00,              0.1985,                   0,              0.0074
       143,         7,      1.00,              0.2720,                   0,              0.0074
       143,         8,      1.00,              0.4925,                   0,              0.0147
       143,         9,      1.00,              0.1911,                   0,              0.0074
       143,        10,      1.00,              0.0221,                   0,                   0
       143,        11,      1.00,              0.0882,                   0,              0.0074
       143,        12,      1.00,              0.2279,                   0,              0.0147
       143,        13,      1.00,              0.4558,                   0,              0.0147
       143,        14,      1.00,              0.6028,                   0,              0.0074
       143,        15,      1.00,              0.6984,                   0,              0.0368
       143,        16,      1.00,              0.0294,                   0,                   0
       143,        17,      1.00,              0.1103,                   0,                   0
       143,        18,      1.00,              0.0368,                   0,                   0
       143,        19,      1.00,              0.1911,                   0,              0.0074
       143,        20,      1.00,              0.0588,                   0,                   0
       143,        21,      1.00,              0.1103,                   0,              0.0147
       143,        22,      1.00,              0.1397,                   0,                   0
       143,        23,      1.00,              0.2132,                   0,              0.0074
       143,        24,      1.00,              0.1176,                   0,                   0
       143,        25,      1.00,              0.0515,                   0,                   0
       143,        27,      1.00,              0.1250,                   0,              0.0074
       143,        28,      1.00,              0.1691,                   0,              0.0515
       143,        29,      1.00,              0.0515,                   0,              0.0074
       143,        30,      1.00,              0.1544,                   0,              0.0147
       143,        31,      1.00,              0.1250,                   0,              0.0147
       143,        32,      1.00,              0.2132,                   0,              0.0147
       143,        33,      1.00,              0.1617,                   0,              0.0221
       143,        34,      1.00,              0.0588,                   0,                   0
       143,        35,      1.00,              0.1985,                   0,              0.0147
       143,        36,      1.00,              0.3014,                   0,              0.0221
       143,        37,      1.00,              0.0809,                   0,              0.0074
       143,        38,      1.00,              0.1691,                   0,              0.0074
       143,        39,      1.00,              0.2132,                   0,              0.0221
       143,        40,      1.00,              0.0882,                   0,              0.0147
       143,        41,      1.00,              0.4190,                   0,              0.0515
       143,        42,      1.00,              0.0515,                   0,              0.0074
       143,        43,      1.00,              0.2058,                   0,              0.0147
       143,        44,      1.00,              0.2573,                   0,              0.0441
       143,        45,      1.00,              0.5808,                   0,              0.1470
       143,        46,      1.00,              0.4190,                   0,              0.0956
       143,        47,      1.00,              0.0735,                   0,              0.0147
       143,        48,      1.00,                   0,                   0,              0.0294
       143,        49,      1.00,              0.1323,                   0,              0.0368
       143,        50,      1.00,              0.0147,                   0,              0.1617
       143,        51,      1.00,              0.0074,                   0,                   0
       143,        52,      1.00,              0.2426,                   0,              0.0294
       143,        53,      1.00,              0.0147,                   0,                   0
       143,        54,      1.00,              0.0515,                   0,              0.0074
       143,        55,      1.00,              0.3896,                   0,              0.0294
       143,        56,      1.00,              0.2426,                   0,              0.0294
       143,        57,      1.00,              0.0074,                   0,                   0
       143,        58,      1.00,              0.3455,                   0,              0.0368
       143,        59,      1.00,              0.2205,                   0,              0.0221
       143,        60,      1.00,              0.1397,                   0,              0.0147
       143,        61,      1.00,              0.2279,                   0,              0.0294
       143,        62,      1.00,              0.2573,                   0,              0.0147
       143,        63,      1.00,              0.2205,                   0,              0.0441
       143,        64,      1.00,              0.1691,                   0,              0.0662
       143,        65,      1.00,              0.3088,                   0,              0.0147
       143,        66,      1.00,              0.1250,                   0,              0.0147
       143,        67,      1.00,              0.3749,                   0,              0.0588
       143,        68,      1.00,              0.1103,                   0,              0.0147
       143,        69,      1.00,              0.1764,                   0,              0.0441
       143,        70,      1.00,              0.1176,                   0,              0.0074
       143,        71,      1.00,              0.1838,                   0,              0.0368
       143,        72,      1.00,              0.0956,                   0,              0.0147
       143,        73,      1.00,              0.1617,                   0,              0.0294
       143,        74,      1.00,              0.1911,                   0,              0.0221
       143,        75,      1.00,              0.4852,                   0,              0.1176
       143,        76,      1.00,              0.4778,                   0,              0.0809
       143,        77,      1.00,              0.1103,                   0,              0.0882
       143,        78,      1.00,              0.0074,                   0,              0.0441
       143,        79,      1.00,              0.9924,                   0,              0.0809
       143,        80,      1.00,              0.9704,                   0,              0.0441
       143,        81,      1.00,              1.2497,                   0,              0.0441
       143,        82,      1.00,              0.2132,                   0,              0.0147
       143,        83,      1.00,              1.0513,                   0,              0.1397
       143,        84,      1.00,              1.7055,                   0,              0.2132
       143,        85,      1.00,              2.0364,                   0,              0.1323
       143,        86,      1.00,              1.8893,                   0,              0.1029
       143,        87,      1.00,              0.4631,                   0,              0.0074
       143,        88,      1.00,              0.4411,                   0,              0.0147
       143,        89,      1.00,              0.7278,                   0,              0.0294
       143,        90,      1.00,              1.3747,                   0,              0.0809
       143,        91,      1.00,              0.9336,                   0,              0.0662
       143,        92,      1.00,              5.8003,                   0,              0.2279
       143,        93,      1.00,              0.7793,                   0,              0.0588
       143,        94,      1.00,              0.8087,                   0,              0.1029
       143,        95,      1.00,              6.1605,                   0,              0.2573
       143,        96,      1.00,              0.3529,                   0,              0.0882
       143,        97,      1.00,              0.0147,                   0,              0.0221
       143,        98,      1.00,              0.1544,                   0,              0.0221
       143,        99,      1.00,              0.2794,                   0,              0.0147
       143,       100,      1.00,              0.6469,                   0,              0.3602
       143,       101,      1.00,              0.2941,                   0,              0.0882
       143,       102,      1.00,              0.1544,                   0,              0.0588
       143,       103,      1.00,              2.2495,                   0,              0.2573
       143,       104,      1.00,              1.4041,                   0,              0.1176
       143,       105,      1.00,              0.8234,                   0,              0.1103
       143,       106,      1.00,              1.2644,                   0,              0.1617
       143,       107,      1.00,              1.1542,                   0,              0.1029
       143,       108,      1.00,              0.3529,                   0,              0.0441
       143,       109,      1.00,              0.9924,                   0,              0.0588
       143,       110,      1.00,              0.4484,                   0,              0.0147
       143,       111,      1.00,              0.6543,                   0,              0.0147
       143,       112,      1.00,              0.3676,                   0,              0.0294
       143,       114,      1.00,              0.9410,                   0,              0.4190
       143,       115,      1.00,              0.0515,                   0,              0.2205
       143,       116,      1.00,              1.1909,                   0,              0.1544
       143,       117,      1.00,              7.1015,                   0,              0.4999
       143,       118,      1.00,              8.5350,                   0,              0.5808
       143,       119,      1.00,              5.2563,                   0,              0.3676
       143,       120,      1.00,              2.7200,                   0,              0.1323
       143,       121,      1.00,              6.5722,                   0,              0.2720
       143,       122,      1.00,              5.2489,                   0,              0.1838
       143,       123,      1.00,              5.7856,                   0,              0.2647
       143,       124,      1.00,              8.9614,                   0,              0.5661
       143,       125,      1.00,              3.7860,                   0,              0.2279
       143,       126,      1.00,             18.0625,                   0,              0.7204
       143,       127,      1.00,             26.5902,                   0,              0.6910
       143,       128,      1.00,             19.2681,                   0,              0.3455
       143,       129,      1.00,              5.2269,                   0,              0.1397
       143,       130,      1.00,              8.2851,                   0,              0.1103
       143,       131,      1.00,              2.7568,                   0,              0.1985
       143,       132,      1.00,             16.3570,                   0,              0.1250
       143,       133,      1.00,              3.5655,                   0,              0.1323
       143,       134,      1.00,              4.4844,                   0,              0.1544
       143,       135,      1.00,             10.4170,                   0,              0.2867
       143,       136,      1.00,              6.8736,                   0,              0.4925
       143,       137,      1.00,              3.0067,                   0,              0.2941
       143,       138,      1.00,              9.7333,                   0,              0.3676
       143,       139,      1.00,              0.9263,                   0,              0.0588
       143,       140,      1.00,             17.4891,                   0,              0.4705
       143,       141,      1.00,             22.3705,                   0,              0.6984
       143,       142,      1.00,             16.9965,                   0,              0.4337
       143,       143,      1.00,             69.7799,                   0,              0.5587
       143,       144,      1.00,              8.2704,                   0,              0.1911
       143,       145,      1.00,             17.2391,                   0,              0.5367
       143,       146,      1.00,             40.6756,                   0,              0.7719
       143,       147,      1.00,              6.6678,                   0,              0.4043
       143,       148,      1.00,             14.0486,                   0,              0.8675
       143,       149,      1.00,             12.6004,                   0,              0.4778
       143,       150,      1.00,              8.4615,                   0,              0.6322
       143,       151,      1.00,              6.2634,                   0,              1.0660
       143,       152,      1.00,              2.5877,                   0,              0.2794
       143,       153,      1.00,              2.5289,                   0,              0.2132
       143,       154,      1.00,             12.9974,                   0,              0.9924
       143,       155,      1.00,              6.8295,                   0,              0.8013
       143,       156,      1.00,              1.3233,                   0,              0.1397
       143,       157,      1.00,              0.6102,                   0,              0.1176
       143,       158,      1.00,              0.0294,                   0,              0.2352
       143,       159,      1.00,              0.4631,                   0,              0.0515
       143,       160,      1.00,              5.1975,                   0,              0.1911
       143,       161,      1.00,             11.1154,                   0,              0.3676
       143,       162,      1.00,              7.1309,                   0,              0.8160
       143,       163,      1.00,              0.3161,                   0,              0.0368
       143,       164,      1.00,              7.4029,                   0,              0.6175
       143,       165,      1.00,              4.6755,                   0,              0.4558
       143,       166,      1.00,              9.1599,                   0,              0.5146
       143,       167,      1.00,              6.2487,                   0,              0.3529
       143,       168,      1.00,              4.5358,                   0,              0.2573
       143,       169,      1.00,              2.1172,                   0,              0.1470
       143,       170,      1.00,              3.3082,                   0,              0.3749
       143,       171,      1.00,              0.0147,                   0,              0.0147
       143,       172,      1.00,              3.0876,                   0,              0.5808
       143,       173,      1.00,              0.1838,                   0,              0.0147
       143,       174,      1.00,              1.5144,                   0,              0.2941
       143,       175,      1.00,              2.5877,                   0,              0.3749
       143,       176,      1.00,              0.1250,                   0,              0.0074
       143,       177,      1.00,              2.8744,                   0,              0.3308
       143,       178,      1.00,              5.3592,                   0,              0.4411
       143,       179,      1.00,              6.6531,                   0,              0.4999
       143,       180,      1.00,              0.6910,                   0,              0.0588
       143,       181,      1.00,              2.1760,                   0,              0.3455
       143,       182,      1.00,              4.7490,                   0,              0.4999
       143,       183,      1.00,              1.1101,                   0,              0.0441
       143,       184,      1.00,              0.9483,                   0,              0.1544
       143,       185,      1.00,              1.2865,                   0,              0.0368
       143,       186,      1.00,              0.3676,                   0,              0.0147
       143,       187,      1.00,              0.4852,                   0,              0.0074
       143,       188,      1.00,              1.2277,                   0,              0.0809
       143,       189,      1.00,              0.3088,                   0,              0.0074
       143,       190,      1.00,              0.3161,                   0,              0.0294
       143,       191,      1.00,              0.0294,                   0,              0.0221
       143,       192,      1.00,              0.2499,                   0,              0.0441
       143,       193,      1.00,              0.0588,                   0,              0.0074
       143,       194,      1.00,              0.0441,                   0,              0.0074
       143,       195,      1.00,              0.5808,                   0,              0.0588
       143,       196,      1.00,              0.2205,                   0,              0.0368
       143,       197,      1.00,              0.0882,                   0,              0.0074
       143,       198,      1.00,              0.0735,                   0,              0.0147
       143,       199,      1.00,              0.0147,                   0,                   0
       143,       200,      1.00,              0.0515,                   0,              0.0147
       143,       201,      1.00,              0.1176,                   0,              0.0221
       143,       202,      1.00,              0.0515,                   0,              0.0074
       143,       203,      1.00,              0.1176,                   0,              0.0074
       143,       204,      1.00,              0.0147,                   0,              0.0147
       143,       205,      1.00,              0.0882,                   0,              0.0074
       143,       206,      1.00,              0.0294,                   0,                   0
       143,       207,      1.00,              0.0809,                   0,              0.0147
       143,       208,      1.00,              0.1323,                   0,              0.0294
       143,       209,      1.00,              0.5955,                   0,              0.1103
       143,       210,      1.00,              0.3308,                   0,              0.0441
       143,       211,      1.00,              1.1983,                   0,              0.1397
       143,       212,      1.00,              2.5289,                   0,              0.3382
       143,       213,      1.00,              1.8526,                   0,              0.3970
       143,       214,      1.00,              0.4190,                   0,              0.0441
       143,       218,      1.00,                   0,                   0,              0.0074
       143,       219,      1.00,                   0,                   0,              0.0074
       143,       224,      1.00,                   0,                   0,              0.0368
       143,       226,      1.00,                   0,                   0,              0.0294
       143,       227,      1.00,                   0,                   0,              0.0074
       143,       228,      1.00,                   0,                   0,              0.0074
       144,         1,      1.00,              0.0294,                   0,                   0
       144,         2,      1.00,              0.0074,                   0,                   0
       144,         3,      1.00,              0.0147,                   0,                   0
       144,         6,      1.00,              0.0294,                   0,                   0
       144,         7,      1.00,              0.0735,                   0,                   0
       144,         8,      1.00,              0.1544,                   0,                   0
       144,         9,      1.00,              0.0294,                   0,                   0
       144,        11,      1.00,              0.0074,                   0,                   0
       144,        12,      1.00,              0.0368,                   0,                   0
       144,        13,      1.00,              0.0735,                   0,                   0
       144,        14,      1.00,              0.1029,                   0,                   0
       144,        15,      1.00,              0.0662,                   0,              0.0074
       144,        16,      1.00,              0.0147,                   0,                   0
       144,        17,      1.00,              0.0588,                   0,                   0
       144,        19,      1.00,              0.0441,                   0,                   0
       144,        20,      1.00,              0.0147,                   0,                   0
       144,        21,      1.00,              0.0074,                   0,                   0
       144,        22,      1.00,              0.0294,                   0,                   0
       144,        23,      1.00,              0.0294,                   0,                   0
       144,        28,      1.00,              0.0147,                   0,              0.0074
       144,        30,      1.00,              0.0147,                   0,                   0
       144,        31,      1.00,              0.0147,                   0,                   0
       144,        32,      1.00,              0.0221,                   0,                   0
       144,        33,      1.00,              0.0147,                   0,                   0
       144,        35,      1.00,              0.0221,                   0,                   0
       144,        36,      1.00,              0.0074,                   0,              0.0074
       144,        37,      1.00,              0.0221,                   0,                   0
       144,        38,      1.00,              0.0441,                   0,                   0
       144,        39,      1.00,                   0,                   0,              0.0074
       144,        40,      1.00,              0.0147,                   0,                   0
       144,        41,      1.00,              0.0882,                   0,              0.0147
       144,        42,      1.00,              0.0147,                   0,                   0
       144,        43,      1.00,              0.0221,                   0,                   0
       144,        44,      1.00,              0.0662,                   0,              0.0074
       144,        45,      1.00,              0.1250,                   0,              0.0294
       144,        46,      1.00,              0.0294,                   0,              0.0221
       144,        47,      1.00,              0.0147,                   0,                   0
       144,        48,      1.00,                   0,                   0,              0.0074
       144,        49,      1.00,                   0,                   0,              0.0074
       144,        50,      1.00,                   0,                   0,              0.0368
       144,        52,      1.00,              0.0368,                   0,              0.0074
       144,        54,      1.00,              0.0147,                   0,                   0
       144,        55,      1.00,              0.0515,                   0,              0.0074
       144,        56,      1.00,              0.0221,                   0,              0.0074
       144,        58,      1.00,              0.0809,                   0,              0.0074
       144,        59,      1.00,              0.0294,                   0,              0.0074
       144,        60,      1.00,              0.0294,                   0,                   0
       144,        61,      1.00,                   0,                   0,              0.0074
       144,        62,      1.00,              0.0515,                   0,                   0
       144,        63,      1.00,              0.0147,                   0,              0.0074
       144,        64,      1.00,              0.0368,                   0,              0.0147
       144,        66,      1.00,              0.0515,                   0,                   0
       144,        67,      1.00,              0.0221,                   0,              0.0074
       144,        69,      1.00,              0.0074,                   0,              0.0074
       144,        70,      1.00,              0.0147,                   0,                   0
       144,        71,      1.00,                   0,                   0,              0.0074
       144,        72,      1.00,              0.0074,                   0,                   0
       144,        73,      1.00,              0.0221,                   0,              0.0074
       144,        74,      1.00,              0.0368,                   0,                   0
       144,        75,      1.00,              0.0662,                   0,              0.0221
       144,        76,      1.00,              0.0956,                   0,              0.0147
       144,        77,      1.00,              0.0294,                   0,              0.0221
       144,        78,      1.00,                   0,                   0,              0.0074
       144,        79,      1.00,              0.1029,                   0,              0.0147
       144,        80,      1.00,              0.0662,                   0,              0.0074
       144,        81,      1.00,              0.1470,                   0,              0.0074
       144,        82,      1.00,              0.0368,                   0,                   0
       144,        83,      1.00,              0.0735,                   0,              0.0294
       144,        84,      1.00,              0.1470,                   0,              0.0441
       144,        85,      1.00,              0.2352,                   0,              0.0221
       144,        86,      1.00,              0.1911,                   0,              0.0221
       144,        87,      1.00,              0.0515,                   0,                   0
       144,        88,      1.00,              0.0588,                   0,                   0
       144,        89,      1.00,              0.1103,                   0,                   0
       144,        90,      1.00,              0.1323,                   0,              0.0147
       144,        91,      1.00,              0.0809,                   0,              0.0147
       144,        92,      1.00,              0.4852,                   0,              0.0441
       144,        93,      1.00,              0.1250,                   0,              0.0074
       144,        94,      1.00,              0.1103,                   0,              0.0221
       144,        95,      1.00,              0.5514,                   0,              0.0515
       144,        96,      1.00,              0.0662,                   0,              0.0221
       144,        98,      1.00,              0.0147,                   0,                   0
       144,       100,      1.00,              0.1911,                   0,              0.0809
       144,       101,      1.00,              0.0515,                   0,              0.0147
       144,       102,      1.00,                   0,                   0,              0.0441
       144,       103,      1.00,              0.2720,                   0,              0.0515
       144,       104,      1.00,              0.2132,                   0,              0.0221
       144,       105,      1.00,              0.1029,                   0,              0.0221
       144,       106,      1.00,              0.2352,                   0,              0.0368
       144,       107,      1.00,              0.2352,                   0,              0.0221
       144,       108,      1.00,              0.0147,                   0,              0.0074
       144,       109,      1.00,              0.1250,                   0,              0.0147
       144,       110,      1.00,              0.0735,                   0,                   0
       144,       111,      1.00,              0.0662,                   0,                   0
       144,       112,      1.00,              0.0735,                   0,              0.0074
       144,       114,      1.00,              0.1985,                   0,              0.1029
       144,       115,      1.00,                   0,                   0,              0.0441
       144,       116,      1.00,              0.2720,                   0,              0.0294
       144,       117,      1.00,              1.0807,                   0,              0.1029
       144,       118,      1.00,              1.1909,                   0,              0.1397
       144,       119,      1.00,              0.6175,                   0,              0.0735
       144,       120,      1.00,              0.2720,                   0,              0.0221
       144,       121,      1.00,              0.7425,                   0,              0.0515
       144,       122,      1.00,              0.6102,                   0,              0.0294
       144,       123,      1.00,              0.6028,                   0,              0.0515
       144,       124,      1.00,              0.9777,                   0,              0.1176
       144,       125,      1.00,              0.7204,                   0,              0.0294
       144,       126,      1.00,              1.9922,                   0,              0.1176
       144,       127,      1.00,              2.5510,                   0,              0.1176
       144,       128,      1.00,              1.5438,                   0,              0.0735
       144,       129,      1.00,              0.5367,                   0,              0.0294
       144,       130,      1.00,              0.5293,                   0,              0.0147
       144,       131,      1.00,              0.3749,                   0,              0.0441
       144,       132,      1.00,              1.1836,                   0,              0.0221
       144,       133,      1.00,              0.3823,                   0,              0.0221
       144,       134,      1.00,              0.5367,                   0,              0.0221
       144,       135,      1.00,              1.6467,                   0,              0.0368
       144,       136,      1.00,              1.2939,                   0,              0.0882
       144,       137,      1.00,              0.7793,                   0,              0.0588
       144,       138,      1.00,              1.4629,                   0,              0.0441
       144,       139,      1.00,              0.2205,                   0,              0.0074
       144,       140,      1.00,              3.8963,                   0,              0.0662
       144,       141,      1.00,              5.7268,                   0,              0.1176
       144,       142,      1.00,              2.4701,                   0,              0.1250
       144,       143,      1.00,              9.2261,                   0,              0.2132
       144,       144,      1.00,              3.5949,                   0,              0.0221
       144,       145,      1.00,              5.4474,                   0,              0.0588
       144,       146,      1.00,              7.9837,                   0,              0.1764
       144,       147,      1.00,              2.8965,                   0,              0.0588
       144,       148,      1.00,              6.0135,                   0,              0.0956
       144,       149,      1.00,              5.0063,                   0,              0.0735
       144,       150,      1.00,              3.3964,                   0,              0.1250
       144,       151,      1.00,              1.6908,                   0,              0.1470
       144,       152,      1.00,              0.5955,                   0,              0.0441
       144,       153,      1.00,              0.4484,                   0,              0.0368
       144,       154,      1.00,              3.4699,                   0,              0.1838
       144,       155,      1.00,              1.7423,                   0,              0.1470
       144,       156,      1.00,              0.2058,                   0,              0.0221
       144,       157,      1.00,                   0,                   0,              0.0074
       144,       158,      1.00,                   0,                   0,              0.0441
       144,       159,      1.00,              0.0956,                   0,              0.0147
       144,       160,      1.00,              2.1099,                   0,              0.0294
       144,       161,      1.00,              2.8597,                   0,              0.0735
       144,       162,      1.00,              1.7717,                   0,              0.1764
       144,       163,      1.00,                   0,                   0,              0.0074
       144,       164,      1.00,              1.0954,                   0,              0.0809
       144,       165,      1.00,              1.6982,                   0,              0.0809
       144,       166,      1.00,              3.4111,                   0,              0.0809
       144,       167,      1.00,              3.1244,                   0,              0.0588
       144,       168,      1.00,              1.8599,                   0,              0.0368
       144,       169,      1.00,              0.6543,                   0,              0.0221
       144,       170,      1.00,              1.0292,                   0,              0.0515
       144,       172,      1.00,              1.4115,                   0,              0.0441
       144,       173,      1.00,              0.1323,                   0,                   0
       144,       174,      1.00,              0.6396,                   0,              0.0221
       144,       175,      1.00,              0.4631,                   0,              0.0368
       144,       176,      1.00,              0.0662,                   0,                   0
       144,       177,      1.00,              0.7572,                   0,              0.0368
       144,       178,      1.00,              1.7790,                   0,              0.0882
       144,       179,      1.00,              1.9849,                   0,              0.0588
       144,       180,      1.00,              0.1323,                   0,              0.0074
       144,       181,      1.00,              0.4484,                   0,              0.0294
       144,       182,      1.00,              1.4776,                   0,              0.0588
       144,       183,      1.00,              0.2499,                   0,              0.0074
       144,       184,      1.00,              0.1838,                   0,              0.0074
       144,       185,      1.00,              0.1323,                   0,              0.0074
       144,       187,      1.00,              0.1323,                   0,                   0
       144,       188,      1.00,              0.4778,                   0,              0.0147
       144,       189,      1.00,              0.2573,                   0,                   0
       144,       190,      1.00,              0.1764,                   0,              0.0074
       144,       192,      1.00,              0.3455,                   0,              0.0074
       144,       195,      1.00,              0.4778,                   0,              0.0074
       144,       196,      1.00,              0.0662,                   0,              0.0074
       144,       198,      1.00,                   0,                   0,              0.0074
       144,       201,      1.00,              0.0294,                   0,              0.0074
       144,       206,      1.00,              0.1250,                   0,                   0
       144,       207,      1.00,              0.1323,                   0,                   0
       144,       208,      1.00,              0.0441,                   0,              0.0074
       144,       209,      1.00,              0.0221,                   0,              0.0221
       144,       210,      1.00,              0.0368,                   0,              0.0074
       144,       211,      1.00,              0.2279,                   0,              0.0368
       144,       212,      1.00,              0.2132,                   0,              0.0588
       144,       213,      1.00,              0.3382,                   0,              0.0809
       144,       214,      1.00,                   0,                   0,              0.0074
       144,       224,      1.00,                   0,                   0,              0.0074
       144,       226,      1.00,                   0,                   0,              0.0074
       145,         1,      1.00,              0.0882,                   0,                   0
       145,         2,      1.00,              0.0147,                   0,                   0
       145,         3,      1.00,              0.0441,                   0,                   0
       145,         6,      1.00,              0.1029,                   0,                   0
       145,         7,      1.00,              0.1544,                   0,              0.0074
       145,         8,      1.00,              0.2058,                   0,              0.0074
       145,         9,      1.00,              0.1911,                   0,              0.0074
       145,        11,      1.00,              0.0147,                   0,                   0
       145,        12,      1.00,              0.1176,                   0,              0.0074
       145,        13,      1.00,              0.1029,                   0,              0.0074
       145,        14,      1.00,              0.1838,                   0,              0.0074
       145,        15,      1.00,              0.2573,                   0,              0.0147
       145,        16,      1.00,              0.0147,                   0,                   0
       145,        17,      1.00,              0.0441,                   0,                   0
       145,        18,      1.00,              0.0368,                   0,                   0
       145,        19,      1.00,              0.0294,                   0,                   0
       145,        20,      1.00,              0.0368,                   0,                   0
       145,        21,      1.00,              0.0294,                   0,                   0
       145,        22,      1.00,              0.0441,                   0,                   0
       145,        23,      1.00,              0.0588,                   0,                   0
       145,        24,      1.00,              0.0662,                   0,                   0
       145,        27,      1.00,              0.0221,                   0,              0.0074
       145,        28,      1.00,              0.0221,                   0,              0.0221
       145,        30,      1.00,              0.0221,                   0,              0.0074
       145,        31,      1.00,              0.0441,                   0,              0.0074
       145,        32,      1.00,              0.0515,                   0,              0.0074
       145,        33,      1.00,              0.0515,                   0,              0.0074
       145,        34,      1.00,              0.0368,                   0,                   0
       145,        35,      1.00,              0.0588,                   0,              0.0074
       145,        36,      1.00,              0.0221,                   0,              0.0147
       145,        37,      1.00,              0.0368,                   0,                   0
       145,        38,      1.00,              0.0221,                   0,              0.0074
       145,        39,      1.00,              0.0441,                   0,              0.0074
       145,        40,      1.00,              0.0809,                   0,              0.0074
       145,        41,      1.00,              0.0735,                   0,              0.0221
       145,        42,      1.00,              0.0441,                   0,                   0
       145,        43,      1.00,              0.0441,                   0,              0.0074
       145,        44,      1.00,              0.0588,                   0,              0.0221
       145,        45,      1.00,              0.3823,                   0,              0.0809
       145,        46,      1.00,              0.0735,                   0,              0.0441
       145,        47,      1.00,              0.0221,                   0,              0.0074
       145,        48,      1.00,                   0,                   0,              0.0147
       145,        49,      1.00,              0.0221,                   0,              0.0147
       145,        50,      1.00,              0.0147,                   0,              0.0882
       145,        52,      1.00,              0.0441,                   0,              0.0147
       145,        53,      1.00,              0.0147,                   0,                   0
       145,        54,      1.00,              0.0294,                   0,                   0
       145,        55,      1.00,              0.1617,                   0,              0.0147
       145,        56,      1.00,              0.0882,                   0,              0.0147
       145,        58,      1.00,              0.1691,                   0,              0.0147
       145,        59,      1.00,              0.0294,                   0,              0.0074
       145,        60,      1.00,              0.0294,                   0,              0.0074
       145,        61,      1.00,              0.0368,                   0,              0.0147
       145,        62,      1.00,              0.0588,                   0,              0.0074
       145,        63,      1.00,              0.0882,                   0,              0.0147
       145,        64,      1.00,              0.0588,                   0,              0.0294
       145,        65,      1.00,              0.0735,                   0,              0.0074
       145,        66,      1.00,              0.0809,                   0,              0.0074
       145,        67,      1.00,              0.1176,                   0,              0.0221
       145,        68,      1.00,              0.0588,                   0,              0.0074
       145,        69,      1.00,              0.0441,                   0,              0.0221
       145,        70,      1.00,              0.0294,                   0,                   0
       145,        71,      1.00,              0.0588,                   0,              0.0147
       145,        72,      1.00,              0.0074,                   0,              0.0074
       145,        73,      1.00,              0.0515,                   0,              0.0147
       145,        74,      1.00,              0.0588,                   0,              0.0074
       145,        75,      1.00,              0.1029,                   0,              0.0588
       145,        76,      1.00,              0.1911,                   0,              0.0441
       145,        77,      1.00,              0.0147,                   0,              0.0441
       145,        78,      1.00,                   0,                   0,              0.0221
       145,        79,      1.00,              0.2573,                   0,              0.0221
       145,        80,      1.00,              0.2941,                   0,              0.0147
       145,        81,      1.00,              0.3602,                   0,              0.0221
       145,        82,      1.00,              0.0662,                   0,              0.0074
       145,        83,      1.00,              0.3382,                   0,              0.0588
       145,        84,      1.00,              0.5367,                   0,              0.1029
       145,        85,      1.00,              0.6763,                   0,              0.0588
       145,        86,      1.00,              0.4411,                   0,              0.0441
       145,        87,      1.00,              0.1176,                   0,              0.0074
       145,        88,      1.00,              0.2279,                   0,              0.0074
       145,        89,      1.00,              0.2132,                   0,              0.0074
       145,        90,      1.00,              0.4925,                   0,              0.0368
       145,        91,      1.00,              0.1911,                   0,              0.0294
       145,        92,      1.00,              1.8085,                   0,              0.0956
       145,        93,      1.00,              0.2279,                   0,              0.0221
       145,        94,      1.00,              0.2352,                   0,              0.0441
       145,        95,      1.00,              1.6173,                   0,              0.1103
       145,        96,      1.00,              0.1103,                   0,              0.0441
       145,        97,      1.00,                   0,                   0,              0.0074
       145,        98,      1.00,              0.0074,                   0,              0.0074
       145,        99,      1.00,              0.1029,                   0,              0.0074
       145,       100,      1.00,              0.2426,                   0,              0.1764
       145,       101,      1.00,              0.0441,                   0,              0.0441
       145,       102,      1.00,              0.0147,                   0,              0.0441
       145,       103,      1.00,              0.6690,                   0,              0.0662
       145,       104,      1.00,              0.3235,                   0,              0.0662
       145,       105,      1.00,              0.2499,                   0,              0.0368
       145,       106,      1.00,              0.3529,                   0,              0.0441
       145,       107,      1.00,              0.3088,                   0,              0.0294
       145,       108,      1.00,              0.1103,                   0,              0.0147
       145,       109,      1.00,              0.1470,                   0,              0.0147
       145,       110,      1.00,              0.1323,                   0,              0.0074
       145,       111,      1.00,              0.1103,                   0,              0.0074
       145,       112,      1.00,              0.0956,                   0,              0.0147
       145,       114,      1.00,              0.3014,                   0,              0.2352
       145,       115,      1.00,                   0,                   0,              0.1103
       145,       116,      1.00,              0.3014,                   0,              0.0662
       145,       117,      1.00,              1.6982,                   0,              0.1103
       145,       118,      1.00,              2.2054,                   0,              0.1176
       145,       119,      1.00,              1.4335,                   0,              0.1764
       145,       120,      1.00,              0.7498,                   0,              0.0588
       145,       121,      1.00,              2.1025,                   0,              0.1250
       145,       122,      1.00,              1.8011,                   0,              0.0735
       145,       123,      1.00,              1.5070,                   0,              0.0809
       145,       124,      1.00,              1.6982,                   0,              0.1617
       145,       125,      1.00,              0.8748,                   0,              0.0588
       145,       126,      1.00,              4.6461,                   0,              0.3235
       145,       127,      1.00,              6.8221,                   0,              0.2794
       145,       128,      1.00,              5.3004,                   0,              0.1691
       145,       129,      1.00,              1.1615,                   0,              0.0441
       145,       130,      1.00,              1.2644,                   0,              0.0368
       145,       131,      1.00,              0.7131,                   0,              0.0662
       145,       132,      1.00,              2.7274,                   0,              0.0588
       145,       133,      1.00,              0.6543,                   0,              0.0441
       145,       134,      1.00,              0.7866,                   0,              0.0515
       145,       135,      1.00,              1.9481,                   0,              0.1103
       145,       136,      1.00,              1.8452,                   0,              0.2132
       145,       137,      1.00,              0.8013,                   0,              0.1985
       145,       138,      1.00,              2.0805,                   0,              0.1029
       145,       139,      1.00,              0.2867,                   0,              0.0221
       145,       140,      1.00,              6.9471,                   0,              0.1617
       145,       141,      1.00,             16.5334,                   0,              0.3308
       145,       142,      1.00,              5.8444,                   0,              0.3823
       145,       143,      1.00,             19.3049,                   0,              0.5881
       145,       144,      1.00,              4.8005,                   0,              0.0588
       145,       145,      1.00,             11.5491,                   0,              0.1691
       145,       146,      1.00,              9.9686,                   0,              0.4190
       145,       147,      1.00,              2.6906,                   0,              0.1397
       145,       148,      1.00,              7.1456,                   0,              0.2941
       145,       149,      1.00,              6.2855,                   0,              0.1691
       145,       150,      1.00,              5.8003,                   0,              0.3455
       145,       151,      1.00,              3.2567,                   0,              0.4778
       145,       152,      1.00,              1.2350,                   0,              0.1250
       145,       153,      1.00,              1.1615,                   0,              0.0956
       145,       154,      1.00,              5.9841,                   0,              0.4852
       145,       155,      1.00,              3.7639,                   0,              0.3749
       145,       156,      1.00,              0.6322,                   0,              0.0588
       145,       157,      1.00,              0.1103,                   0,              0.0294
       145,       158,      1.00,                   0,                   0,              0.0809
       145,       159,      1.00,              0.1470,                   0,              0.0294
       145,       160,      1.00,              3.7492,                   0,              0.0735
       145,       161,      1.00,              3.3155,                   0,              0.1397
       145,       162,      1.00,              2.6539,                   0,              0.4117
       145,       163,      1.00,              0.0294,                   0,              0.0147
       145,       164,      1.00,              2.7274,                   0,              0.2132
       145,       165,      1.00,              2.8156,                   0,              0.2205
       145,       166,      1.00,              3.8669,                   0,              0.1911
       145,       167,      1.00,              3.8301,                   0,              0.1323
       145,       168,      1.00,              2.0290,                   0,              0.0882
       145,       169,      1.00,              0.7940,                   0,              0.0441
       145,       170,      1.00,              1.7055,                   0,              0.1323
       145,       172,      1.00,              1.3012,                   0,              0.1544
       145,       173,      1.00,              0.0294,                   0,              0.0074
       145,       174,      1.00,              0.6543,                   0,              0.0809
       145,       175,      1.00,              0.9557,                   0,              0.1029
       145,       176,      1.00,              0.0294,                   0,                   0
       145,       177,      1.00,              1.1468,                   0,              0.1176
       145,       178,      1.00,              2.3598,                   0,              0.3235
       145,       179,      1.00,              3.1317,                   0,              0.1838
       145,       180,      1.00,              0.3088,                   0,              0.0221
       145,       181,      1.00,              1.3012,                   0,              0.1176
       145,       182,      1.00,              2.1393,                   0,              0.2205
       145,       183,      1.00,              1.0071,                   0,              0.0221
       145,       184,      1.00,              0.5440,                   0,              0.0662
       145,       185,      1.00,              0.7131,                   0,              0.0147
       145,       186,      1.00,              0.0956,                   0,              0.0074
       145,       187,      1.00,              0.2941,                   0,              0.0074
       145,       188,      1.00,              0.4852,                   0,              0.0368
       145,       189,      1.00,              0.2499,                   0,              0.0074
       145,       190,      1.00,              0.4337,                   0,              0.0147
       145,       191,      1.00,                   0,                   0,              0.0074
       145,       192,      1.00,              0.5661,                   0,              0.0221
       145,       193,      1.00,              0.0221,                   0,                   0
       145,       195,      1.00,              0.5587,                   0,              0.0294
       145,       196,      1.00,              0.1029,                   0,              0.0147
       145,       197,      1.00,              0.0147,                   0,                   0
       145,       198,      1.00,              0.0147,                   0,              0.0074
       145,       200,      1.00,                   0,                   0,              0.0074
       145,       201,      1.00,              0.0662,                   0,              0.0074
       145,       202,      1.00,                   0,                   0,              0.0074
       145,       203,      1.00,                   0,                   0,              0.0074
       145,       204,      1.00,                   0,                   0,              0.0074
       145,       207,      1.00,                   0,                   0,              0.0074
       145,       208,      1.00,              0.0588,                   0,              0.0147
       145,       209,      1.00,              0.1323,                   0,              0.0515
       145,       210,      1.00,              0.0809,                   0,              0.0221
       145,       211,      1.00,              0.8969,                   0,              0.0735
       145,       212,      1.00,              0.0956,                   0,              0.1323
       145,       213,      1.00,              0.5661,                   0,              0.2132
       145,       214,      1.00,              0.0294,                   0,              0.0221
       145,       224,      1.00,                   0,                   0,              0.0147
       145,       226,      1.00,                   0,                   0,              0.0074
       145,       227,      1.00,                   0,                   0,              0.0074
       145,       228,      1.00,                   0,                   0,              0.0074
       146,         1,      1.00,              0.0662,                   0,                   0
       146,         2,      1.00,              0.0882,                   0,                   0
       146,         3,      1.00,              0.1029,                   0,                   0
       146,         4,      1.00,              0.0956,                   0,              0.0074
       146,         5,      1.00,                   0,                   0,              0.0074
       146,         6,      1.00,              0.2132,                   0,              0.0074
       146,         7,      1.00,              0.2794,                   0,              0.0147
       146,         8,      1.00,              0.4117,                   0,              0.0221
       146,         9,      1.00,              0.2499,                   0,              0.0147
       146,        11,      1.00,              0.0588,                   0,              0.0074
       146,        12,      1.00,              0.1691,                   0,              0.0147
       146,        13,      1.00,              0.3602,                   0,              0.0147
       146,        14,      1.00,              0.3749,                   0,              0.0074
       146,        15,      1.00,              0.4264,                   0,              0.0294
       146,        16,      1.00,              0.0221,                   0,                   0
       146,        17,      1.00,              0.1691,                   0,              0.0074
       146,        18,      1.00,              0.0515,                   0,                   0
       146,        19,      1.00,              0.1764,                   0,              0.0074
       146,        20,      1.00,              0.0368,                   0,                   0
       146,        21,      1.00,                   0,                   0,              0.0147
       146,        22,      1.00,              0.0735,                   0,                   0
       146,        23,      1.00,              0.1838,                   0,              0.0074
       146,        24,      1.00,              0.1470,                   0,              0.0074
       146,        25,      1.00,              0.0294,                   0,                   0
       146,        26,      1.00,              0.0662,                   0,                   0
       146,        27,      1.00,              0.1911,                   0,              0.0147
       146,        28,      1.00,              0.1397,                   0,              0.0662
       146,        29,      1.00,                   0,                   0,              0.0074
       146,        30,      1.00,              0.2132,                   0,              0.0147
       146,        31,      1.00,              0.2720,                   0,              0.0147
       146,        32,      1.00,              0.0588,                   0,              0.0147
       146,        33,      1.00,              0.1323,                   0,              0.0294
       146,        34,      1.00,              0.1397,                   0,              0.0074
       146,        35,      1.00,              0.3382,                   0,              0.0147
       146,        36,      1.00,              0.0956,                   0,              0.0368
       146,        37,      1.00,              0.1103,                   0,              0.0074
       146,        38,      1.00,              0.0368,                   0,              0.0074
       146,        39,      1.00,              0.0809,                   0,              0.0221
       146,        40,      1.00,              0.0882,                   0,              0.0147
       146,        41,      1.00,              0.2573,                   0,              0.0662
       146,        42,      1.00,              0.0809,                   0,              0.0147
       146,        43,      1.00,              0.0294,                   0,              0.0221
       146,        44,      1.00,              0.0515,                   0,              0.0735
       146,        45,      1.00,              0.5881,                   0,              0.1911
       146,        46,      1.00,              0.2352,                   0,              0.1397
       146,        47,      1.00,              0.0882,                   0,              0.0221
       146,        48,      1.00,              0.0074,                   0,              0.0368
       146,        49,      1.00,              0.0588,                   0,              0.0368
       146,        50,      1.00,              0.0368,                   0,              0.1985
       146,        51,      1.00,              0.0074,                   0,                   0
       146,        52,      1.00,              0.2205,                   0,              0.0441
       146,        53,      1.00,                   0,                   0,              0.0074
       146,        54,      1.00,              0.0294,                   0,              0.0074
       146,        55,      1.00,              0.1470,                   0,              0.0441
       146,        56,      1.00,              0.1838,                   0,              0.0441
       146,        57,      1.00,              0.0074,                   0,                   0
       146,        58,      1.00,              0.2205,                   0,              0.0809
       146,        59,      1.00,              0.1103,                   0,              0.0441
       146,        60,      1.00,              0.0809,                   0,              0.0147
       146,        61,      1.00,              0.4264,                   0,              0.0294
       146,        62,      1.00,              0.4190,                   0,              0.0147
       146,        63,      1.00,              0.2205,                   0,              0.0221
       146,        64,      1.00,              0.0147,                   0,              0.0221
       146,        65,      1.00,              0.1323,                   0,              0.0221
       146,        66,      1.00,              0.0956,                   0,              0.0147
       146,        67,      1.00,              0.3529,                   0,              0.0735
       146,        68,      1.00,              0.0074,                   0,              0.0147
       146,        69,      1.00,              0.0735,                   0,              0.0588
       146,        70,      1.00,              0.0147,                   0,              0.0074
       146,        71,      1.00,              0.1691,                   0,              0.0441
       146,        72,      1.00,              0.0956,                   0,              0.0294
       146,        73,      1.00,              0.0441,                   0,              0.0368
       146,        74,      1.00,              0.2352,                   0,              0.0221
       146,        75,      1.00,              0.5367,                   0,              0.0956
       146,        76,      1.00,              0.3014,                   0,              0.0441
       146,        77,      1.00,              0.2132,                   0,              0.0588
       146,        78,      1.00,                   0,                   0,              0.0441
       146,        79,      1.00,              1.4629,                   0,              0.0809
       146,        80,      1.00,              0.9189,                   0,              0.0368
       146,        81,      1.00,              0.8234,                   0,              0.0588
       146,        82,      1.00,              0.1470,                   0,              0.0147
       146,        83,      1.00,              0.8160,                   0,              0.1470
       146,        84,      1.00,              0.9630,                   0,              0.2647
       146,        85,      1.00,              1.1321,                   0,              0.1470
       146,        86,      1.00,              1.0586,                   0,              0.1250
       146,        87,      1.00,              0.3896,                   0,              0.0074
       146,        88,      1.00,              0.2573,                   0,              0.0221
       146,        89,      1.00,              0.4190,                   0,              0.1470
       146,        90,      1.00,              0.7793,                   0,              0.0956
       146,        91,      1.00,              0.6102,                   0,              0.0809
       146,        92,      1.00,              2.9553,                   0,              0.2941
       146,        93,      1.00,              0.3970,                   0,              0.0735
       146,        94,      1.00,              0.5661,                   0,              0.1250
       146,        95,      1.00,              3.8007,                   0,              0.3235
       146,        96,      1.00,              0.2941,                   0,              0.0735
       146,        97,      1.00,              0.0515,                   0,              0.0221
       146,        98,      1.00,              0.4778,                   0,              0.0221
       146,        99,      1.00,              0.2132,                   0,              0.0147
       146,       100,      1.00,              1.9040,                   0,              0.3823
       146,       101,      1.00,              0.4558,                   0,              0.0588
       146,       102,      1.00,              0.4778,                   0,              0.1985
       146,       103,      1.00,              3.0214,                   0,              0.2352
       146,       104,      1.00,              0.9704,                   0,              0.1176
       146,       105,      1.00,              2.5657,                   0,              0.1029
       146,       106,      1.00,              1.5217,                   0,              0.1985
       146,       107,      1.00,              1.8967,                   0,              0.1250
       146,       108,      1.00,              0.7351,                   0,              0.0441
       146,       109,      1.00,              1.2424,                   0,              0.0735
       146,       110,      1.00,              0.4411,                   0,              0.0074
       146,       111,      1.00,              0.3823,                   0,              0.0074
       146,       112,      1.00,              0.3529,                   0,              0.0294
       146,       114,      1.00,              1.5806,                   0,              0.4558
       146,       115,      1.00,              0.0074,                   0,              0.2279
       146,       116,      1.00,              2.5068,                   0,              0.2205
       146,       117,      1.00,             12.9606,                   0,              0.5881
       146,       118,      1.00,             14.5191,                   0,              0.6396
       146,       119,      1.00,              3.0361,                   0,              0.4558
       146,       120,      1.00,              1.8158,                   0,              0.1838
       146,       121,      1.00,              4.0433,                   0,              0.3823
       146,       122,      1.00,              3.3743,                   0,              0.3602
       146,       123,      1.00,              5.5356,                   0,              0.4337
       146,       124,      1.00,             12.0196,                   0,              0.6175
       146,       125,      1.00,              5.2563,                   0,              0.2573
       146,       126,      1.00,             10.2773,                   0,              0.9042
       146,       127,      1.00,             14.9970,                   0,              0.8895
       146,       128,      1.00,              8.3733,                   0,              0.4852
       146,       129,      1.00,              3.4478,                   0,              0.3088
       146,       130,      1.00,              4.7270,                   0,              0.1397
       146,       131,      1.00,              2.4039,                   0,              0.3088
       146,       132,      1.00,              8.1969,                   0,              0.1838
       146,       133,      1.00,              2.9332,                   0,              0.1544
       146,       134,      1.00,             10.2332,                   0,              0.1617
       146,       135,      1.00,             17.5847,                   0,              0.3014
       146,       136,      1.00,             12.1960,                   0,              0.6396
       146,       137,      1.00,              7.3073,                   0,              0.3896
       146,       138,      1.00,             19.2387,                   0,              0.4558
       146,       139,      1.00,              2.8377,                   0,              0.0735
       146,       140,      1.00,             51.5924,                   0,              0.6984
       146,       141,      1.00,             12.4975,                   0,              0.6910
       146,       142,      1.00,              9.5201,                   0,              0.6837
       146,       143,      1.00,             44.2116,                   0,              0.7719
       146,       144,      1.00,              7.3294,                   0,              0.1544
       146,       145,      1.00,              8.7188,                   0,              0.3823
       146,       146,      1.00,             71.8751,                   0,              1.0807
       146,       147,      1.00,             12.6224,                   0,              0.5587
       146,       148,      1.00,             13.0709,                   0,              0.6249
       146,       149,      1.00,             13.1811,                   0,              0.6616
       146,       150,      1.00,              7.0427,                   0,              0.6837
       146,       151,      1.00,              5.1681,                   0,              1.0366
       146,       152,      1.00,              2.0364,                   0,              0.3088
       146,       153,      1.00,              2.0658,                   0,              0.2499
       146,       154,      1.00,             11.6520,                   0,              1.1836
       146,       155,      1.00,              5.7194,                   0,              0.8822
       146,       156,      1.00,              0.8381,                   0,              0.1470
       146,       157,      1.00,              1.0219,                   0,              0.0956
       146,       158,      1.00,                   0,                   0,              0.2794
       146,       159,      1.00,              0.5734,                   0,              0.0662
       146,       160,      1.00,              9.8068,                   0,              0.2647
       146,       161,      1.00,             20.0400,                   0,              0.6175
       146,       162,      1.00,             11.7917,                   0,              1.0219
       146,       163,      1.00,              0.2720,                   0,              0.0515
       146,       164,      1.00,             11.0933,                   0,              0.7131
       146,       165,      1.00,              4.2344,                   0,              0.5220
       146,       166,      1.00,              9.8362,                   0,              0.6175
       146,       167,      1.00,              9.7627,                   0,              0.5661
       146,       168,      1.00,              7.8734,                   0,              0.3970
       146,       169,      1.00,              3.6831,                   0,              0.1911
       146,       170,      1.00,              5.2563,                   0,              0.3896
       146,       171,      1.00,              0.0368,                   0,                   0
       146,       172,      1.00,              4.6976,                   0,              0.3602
       146,       173,      1.00,              0.2132,                   0,              0.0147
       146,       174,      1.00,              2.9185,                   0,              0.2426
       146,       175,      1.00,              4.2491,                   0,              0.3455
       146,       176,      1.00,              0.1397,                   0,              0.0074
       146,       177,      1.00,              5.5209,                   0,              0.3235
       146,       178,      1.00,              5.2710,                   0,              0.4043
       146,       179,      1.00,              8.2777,                   0,              0.7131
       146,       180,      1.00,              0.9704,                   0,              0.1029
       146,       181,      1.00,              2.9112,                   0,              0.2573
       146,       182,      1.00,              5.7562,                   0,              1.1174
       146,       183,      1.00,              1.1689,                   0,              0.0368
       146,       184,      1.00,              1.1762,                   0,              0.0882
       146,       185,      1.00,              1.4923,                   0,              0.0294
       146,       186,      1.00,              0.6322,                   0,              0.0147
       146,       187,      1.00,              0.5367,                   0,              0.0147
       146,       188,      1.00,              1.8526,                   0,              0.1103
       146,       189,      1.00,              0.5514,                   0,              0.0147
       146,       190,      1.00,              0.5367,                   0,              0.0441
       146,       191,      1.00,              0.1103,                   0,              0.0147
       146,       192,      1.00,              0.6984,                   0,              0.0735
       146,       193,      1.00,              0.1250,                   0,              0.0147
       146,       194,      1.00,              0.0368,                   0,              0.0074
       146,       195,      1.00,              0.8895,                   0,              0.0441
       146,       196,      1.00,              0.2352,                   0,              0.0662
       146,       197,      1.00,              0.2279,                   0,              0.0147
       146,       198,      1.00,              0.1691,                   0,              0.0294
       146,       199,      1.00,              0.0221,                   0,              0.0074
       146,       200,      1.00,              0.0515,                   0,              0.0294
       146,       201,      1.00,              0.3088,                   0,              0.0368
       146,       202,      1.00,              0.0662,                   0,              0.0147
       146,       203,      1.00,              0.0882,                   0,              0.0147
       146,       204,      1.00,              0.1397,                   0,              0.0368
       146,       205,      1.00,                   0,                   0,              0.0074
       146,       206,      1.00,              0.0147,                   0,              0.0074
       146,       207,      1.00,              0.1250,                   0,              0.0294
       146,       208,      1.00,              0.2279,                   0,              0.0441
       146,       209,      1.00,              0.2941,                   0,              0.1617
       146,       210,      1.00,              0.2132,                   0,              0.0735
       146,       211,      1.00,              1.3306,                   0,              0.2058
       146,       212,      1.00,              3.4258,                   0,              0.4411
       146,       213,      1.00,              2.2937,                   0,              0.4778
       146,       214,      1.00,              0.3235,                   0,              0.0662
       146,       218,      1.00,                   0,                   0,              0.0074
       146,       219,      1.00,                   0,                   0,              0.0074
       146,       224,      1.00,                   0,                   0,              0.0515
       146,       226,      1.00,                   0,                   0,              0.0441
       146,       227,      1.00,                   0,                   0,              0.0221
       146,       228,      1.00,                   0,                   0,              0.0221
       146,       229,      1.00,                   0,                   0,              0.0074
       147,         1,      1.00,              0.0515,                   0,                   0
       147,         2,      1.00,              0.0221,                   0,                   0
       147,         6,      1.00,              0.0735,                   0,              0.0074
       147,         7,      1.00,              0.1103,                   0,              0.0074
       147,         8,      1.00,              0.1691,                   0,              0.0147
       147,         9,      1.00,              0.1691,                   0,              0.0074
       147,        11,      1.00,              0.0221,                   0,                   0
       147,        12,      1.00,              0.0294,                   0,              0.0074
       147,        13,      1.00,              0.0882,                   0,              0.0074
       147,        14,      1.00,              0.0956,                   0,                   0
       147,        15,      1.00,              0.0662,                   0,              0.0147
       147,        17,      1.00,              0.0221,                   0,                   0
       147,        18,      1.00,              0.0662,                   0,                   0
       147,        19,      1.00,              0.0515,                   0,              0.0074
       147,        20,      1.00,              0.0221,                   0,                   0
       147,        21,      1.00,              0.2058,                   0,              0.0074
       147,        22,      1.00,              0.0221,                   0,                   0
       147,        23,      1.00,              0.0294,                   0,                   0
       147,        24,      1.00,              0.0515,                   0,                   0
       147,        25,      1.00,              0.0294,                   0,                   0
       147,        27,      1.00,              0.0074,                   0,              0.0074
       147,        28,      1.00,              0.0882,                   0,              0.0294
       147,        30,      1.00,              0.2058,                   0,                   0
       147,        31,      1.00,              0.2058,                   0,                   0
       147,        32,      1.00,              0.0441,                   0,              0.0074
       147,        33,      1.00,                   0,                   0,              0.0074
       147,        34,      1.00,              0.0294,                   0,                   0
       147,        35,      1.00,              0.0515,                   0,              0.0074
       147,        36,      1.00,              0.0294,                   0,              0.0147
       147,        37,      1.00,              0.0662,                   0,                   0
       147,        38,      1.00,              0.0809,                   0,              0.0074
       147,        39,      1.00,              0.0074,                   0,              0.0147
       147,        40,      1.00,              0.0588,                   0,              0.0074
       147,        41,      1.00,              0.1103,                   0,              0.0294
       147,        42,      1.00,                   0,                   0,              0.0074
       147,        43,      1.00,                   0,                   0,              0.0074
       147,        44,      1.00,              0.0588,                   0,              0.0294
       147,        45,      1.00,              0.2279,                   0,              0.0735
       147,        46,      1.00,              0.0882,                   0,              0.0588
       147,        47,      1.00,              0.0294,                   0,              0.0074
       147,        48,      1.00,                   0,                   0,              0.0147
       147,        49,      1.00,              0.0588,                   0,              0.0221
       147,        50,      1.00,                   0,                   0,              0.0809
       147,        52,      1.00,              0.0294,                   0,              0.0221
       147,        54,      1.00,              0.0074,                   0,                   0
       147,        55,      1.00,              0.0441,                   0,              0.0221
       147,        56,      1.00,              0.0809,                   0,              0.0221
       147,        58,      1.00,              0.1103,                   0,              0.0294
       147,        59,      1.00,              0.0441,                   0,              0.0221
       147,        60,      1.00,                   0,                   0,              0.0074
       147,        61,      1.00,              0.0074,                   0,              0.0074
       147,        62,      1.00,              0.0294,                   0,              0.0074
       147,        63,      1.00,              0.2058,                   0,              0.0074
       147,        64,      1.00,                   0,                   0,              0.0074
       147,        65,      1.00,              0.0074,                   0,              0.0147
       147,        66,      1.00,              0.0809,                   0,              0.0074
       147,        67,      1.00,              0.0882,                   0,              0.0368
       147,        68,      1.00,              0.0515,                   0,              0.0074
       147,        69,      1.00,              0.0074,                   0,              0.0294
       147,        70,      1.00,              0.0294,                   0,                   0
       147,        71,      1.00,              0.1029,                   0,              0.0221
       147,        72,      1.00,                   0,                   0,              0.0074
       147,        73,      1.00,              0.0074,                   0,              0.0221
       147,        74,      1.00,              0.0588,                   0,              0.0147
       147,        75,      1.00,              0.1323,                   0,              0.0735
       147,        76,      1.00,              0.0588,                   0,              0.0515
       147,        77,      1.00,              0.0809,                   0,              0.0368
       147,        78,      1.00,                   0,                   0,              0.0147
       147,        79,      1.00,              0.1764,                   0,              0.0441
       147,        80,      1.00,              0.2499,                   0,              0.0368
       147,        81,      1.00,              0.4337,                   0,              0.0221
       147,        82,      1.00,              0.0588,                   0,              0.0074
       147,        83,      1.00,              0.1911,                   0,              0.0735
       147,        84,      1.00,              0.2279,                   0,              0.1176
       147,        85,      1.00,              0.2205,                   0,              0.0735
       147,        86,      1.00,              0.1911,                   0,              0.0588
       147,        87,      1.00,              0.0809,                   0,              0.0074
       147,        88,      1.00,              0.0147,                   0,              0.0074
       147,        89,      1.00,              0.1029,                   0,              0.0147
       147,        90,      1.00,              0.1103,                   0,              0.0441
       147,        91,      1.00,              0.3161,                   0,              0.0368
       147,        92,      1.00,              0.7204,                   0,              0.1250
       147,        93,      1.00,              0.0368,                   0,              0.0294
       147,        94,      1.00,              0.1838,                   0,              0.0588
       147,        95,      1.00,              0.7719,                   0,              0.1544
       147,        96,      1.00,              0.0809,                   0,              0.0515
       147,        97,      1.00,                   0,                   0,              0.0074
       147,        98,      1.00,                   0,                   0,              0.0074
       147,        99,      1.00,                   0,                   0,              0.0074
       147,       100,      1.00,              1.0439,                   0,              0.1323
       147,       101,      1.00,              0.2132,                   0,              0.0221
       147,       102,      1.00,              0.2058,                   0,              0.0515
       147,       103,      1.00,              0.5955,                   0,              0.1029
       147,       104,      1.00,              0.2132,                   0,              0.0588
       147,       105,      1.00,              0.3161,                   0,              0.0221
       147,       106,      1.00,              0.2279,                   0,              0.0809
       147,       107,      1.00,              0.4411,                   0,              0.0588
       147,       108,      1.00,              0.2132,                   0,              0.0074
       147,       109,      1.00,              0.3749,                   0,              0.0368
       147,       110,      1.00,              0.0515,                   0,              0.0074
       147,       111,      1.00,              0.1323,                   0,              0.0074
       147,       112,      1.00,              0.0882,                   0,              0.0147
       147,       114,      1.00,              0.9336,                   0,              0.1470
       147,       115,      1.00,                   0,                   0,              0.0956
       147,       116,      1.00,              0.5367,                   0,              0.0735
       147,       117,      1.00,              3.2420,                   0,              0.1323
       147,       118,      1.00,              2.5877,                   0,              0.2867
       147,       119,      1.00,              1.2203,                   0,              0.1764
       147,       120,      1.00,              0.4337,                   0,              0.0809
       147,       121,      1.00,              1.0366,                   0,              0.1617
       147,       122,      1.00,              0.8601,                   0,              0.1103
       147,       123,      1.00,              1.1689,                   0,              0.1691
       147,       124,      1.00,              1.9334,                   0,              0.2941
       147,       125,      1.00,              1.6908,                   0,              0.0588
       147,       126,      1.00,              2.9038,                   0,              0.2573
       147,       127,      1.00,              3.4331,                   0,              0.3308
       147,       128,      1.00,              2.3892,                   0,              0.1691
       147,       129,      1.00,              0.8822,                   0,              0.0956
       147,       130,      1.00,              1.3233,                   0,              0.0515
       147,       131,      1.00,              0.5367,                   0,              0.1323
       147,       132,      1.00,              1.4703,                   0,              0.0662
       147,       133,      1.00,              0.6910,                   0,              0.0735
       147,       134,      1.00,              1.8305,                   0,              0.0662
       147,       135,      1.00,              5.6900,                   0,              0.1176
       147,       136,      1.00,              4.9475,                   0,              0.2426
       147,       137,      1.00,              3.6978,                   0,              0.1397
       147,       138,      1.00,              5.7488,                   0,              0.1985
       147,       139,      1.00,              0.6028,                   0,              0.0294
       147,       140,      1.00,             14.1295,                   0,              0.3235
       147,       141,      1.00,              6.6972,                   0,              0.3455
       147,       142,      1.00,              4.6461,                   0,              0.2352
       147,       143,      1.00,              8.4101,                   0,              0.4484
       147,       144,      1.00,              3.0288,                   0,              0.0588
       147,       145,      1.00,              4.1756,                   0,              0.1397
       147,       146,      1.00,             14.3280,                   0,              0.6175
       147,       147,      1.00,             27.9502,                   0,              0.2499
       147,       148,      1.00,             11.0272,                   0,              0.4852
       147,       149,      1.00,             18.6506,                   0,              0.3970
       147,       150,      1.00,              6.0796,                   0,              0.3308
       147,       151,      1.00,              4.2344,                   0,              0.3676
       147,       152,      1.00,              2.3231,                   0,              0.1323
       147,       153,      1.00,              1.4556,                   0,              0.1103
       147,       154,      1.00,              9.9318,                   0,              0.4925
       147,       155,      1.00,              5.1754,                   0,              0.4337
       147,       156,      1.00,              1.6247,                   0,              0.0588
       147,       157,      1.00,              1.7643,                   0,              0.0441
       147,       158,      1.00,                   0,                   0,              0.0956
       147,       159,      1.00,              0.3896,                   0,              0.0368
       147,       160,      1.00,             12.6445,                   0,              0.1691
       147,       161,      1.00,             16.7392,                   0,              0.3308
       147,       162,      1.00,              9.0790,                   0,              0.4484
       147,       163,      1.00,              0.2941,                   0,              0.0221
       147,       164,      1.00,              6.7413,                   0,              0.4925
       147,       165,      1.00,              7.9910,                   0,              0.2499
       147,       166,      1.00,             14.6073,                   0,              0.3529
       147,       167,      1.00,             16.8275,                   0,              0.2941
       147,       168,      1.00,             12.5122,                   0,              0.2205
       147,       169,      1.00,              6.9471,                   0,              0.1029
       147,       170,      1.00,              6.6898,                   0,              0.1838
       147,       172,      1.00,              7.8587,                   0,              0.1691
       147,       173,      1.00,              0.3382,                   0,              0.0074
       147,       174,      1.00,              3.4552,                   0,              0.1176
       147,       175,      1.00,              4.6755,                   0,              0.1691
       147,       176,      1.00,              0.2499,                   0,                   0
       147,       177,      1.00,              7.6896,                   0,              0.1617
       147,       178,      1.00,              7.9249,                   0,              0.1985
       147,       179,      1.00,             13.5267,                   0,              0.5514
       147,       180,      1.00,              0.8454,                   0,              0.0515
       147,       181,      1.00,              4.1903,                   0,              0.1470
       147,       182,      1.00,              7.5499,                   0,              0.3308
       147,       183,      1.00,              1.5732,                   0,              0.0294
       147,       184,      1.00,              2.0952,                   0,              0.0588
       147,       185,      1.00,              1.9922,                   0,              0.0221
       147,       186,      1.00,              1.0439,                   0,              0.0074
       147,       187,      1.00,              2.2716,                   0,              0.0147
       147,       188,      1.00,              1.7570,                   0,              0.0735
       147,       189,      1.00,              0.4264,                   0,              0.0074
       147,       190,      1.00,              0.2426,                   0,              0.0294
       147,       191,      1.00,                   0,                   0,              0.0074
       147,       192,      1.00,              0.2205,                   0,              0.0515
       147,       193,      1.00,              0.2720,                   0,              0.0074
       147,       194,      1.00,              0.0074,                   0,              0.0074
       147,       195,      1.00,              1.4188,                   0,              0.0368
       147,       196,      1.00,              0.2132,                   0,              0.0368
       147,       197,      1.00,              0.2058,                   0,              0.0074
       147,       198,      1.00,                   0,                   0,              0.0221
       147,       199,      1.00,              0.0441,                   0,                   0
       147,       200,      1.00,              0.0074,                   0,              0.0147
       147,       201,      1.00,              0.4117,                   0,              0.0294
       147,       202,      1.00,              0.1617,                   0,              0.0074
       147,       203,      1.00,              0.0074,                   0,              0.0074
       147,       204,      1.00,              0.0074,                   0,              0.0221
       147,       205,      1.00,              0.4117,                   0,              0.0074
       147,       207,      1.00,              0.0074,                   0,              0.0147
       147,       208,      1.00,              0.0294,                   0,              0.0147
       147,       209,      1.00,              0.1617,                   0,              0.0662
       147,       210,      1.00,              0.0735,                   0,              0.0294
       147,       211,      1.00,              1.2424,                   0,              0.1250
       147,       212,      1.00,              1.6173,                   0,              0.2794
       147,       213,      1.00,              1.5659,                   0,              0.1911
       147,       214,      1.00,              0.3529,                   0,              0.0294
       147,       218,      1.00,                   0,                   0,              0.0074
       147,       219,      1.00,                   0,                   0,              0.0074
       147,       224,      1.00,                   0,                   0,              0.0147
       147,       226,      1.00,                   0,                   0,              0.0147
       147,       227,      1.00,                   0,                   0,              0.0147
       147,       228,      1.00,                   0,                   0,              0.0147
       148,         1,      1.00,              0.1029,                   0,                   0
       148,         2,      1.00,              0.1103,                   0,                   0
       148,         3,      1.00,              0.1323,                   0,                   0
       148,         4,      1.00,              0.0662,                   0,                   0
       148,         5,      1.00,              0.0882,                   0,              0.0074
       148,         6,      1.00,              0.3088,                   0,              0.0074
       148,         7,      1.00,              0.3455,                   0,              0.0074
       148,         8,      1.00,              0.6249,                   0,              0.0147
       148,         9,      1.00,              0.1838,                   0,              0.0074
       148,        11,      1.00,              0.0882,                   0,              0.0074
       148,        12,      1.00,              0.1911,                   0,              0.0147
       148,        13,      1.00,              0.4264,                   0,              0.0074
       148,        14,      1.00,              0.4264,                   0,              0.0074
       148,        15,      1.00,              0.4484,                   0,              0.0294
       148,        16,      1.00,              0.0221,                   0,                   0
       148,        17,      1.00,              0.2794,                   0,                   0
       148,        18,      1.00,              0.1617,                   0,                   0
       148,        19,      1.00,              0.1029,                   0,              0.0074
       148,        20,      1.00,              0.0662,                   0,                   0
       148,        21,      1.00,              0.2573,                   0,              0.0074
       148,        22,      1.00,              0.0515,                   0,                   0
       148,        23,      1.00,              0.1029,                   0,                   0
       148,        24,      1.00,              0.0662,                   0,                   0
       148,        25,      1.00,              0.0294,                   0,                   0
       148,        26,      1.00,              0.1176,                   0,                   0
       148,        27,      1.00,              0.0809,                   0,              0.0074
       148,        28,      1.00,              0.2205,                   0,              0.0515
       148,        29,      1.00,              0.1397,                   0,                   0
       148,        30,      1.00,              0.0368,                   0,              0.0074
       148,        31,      1.00,              0.2279,                   0,              0.0074
       148,        32,      1.00,              0.3088,                   0,              0.0147
       148,        33,      1.00,              0.2058,                   0,              0.0221
       148,        34,      1.00,              0.0294,                   0,                   0
       148,        35,      1.00,              0.2205,                   0,              0.0147
       148,        36,      1.00,              0.1617,                   0,              0.0221
       148,        37,      1.00,              0.1838,                   0,              0.0074
       148,        38,      1.00,              0.0809,                   0,              0.0074
       148,        39,      1.00,              0.0588,                   0,              0.0221
       148,        40,      1.00,              0.1103,                   0,              0.0147
       148,        41,      1.00,              0.2941,                   0,              0.0515
       148,        42,      1.00,              0.1176,                   0,              0.0074
       148,        43,      1.00,              0.1323,                   0,              0.0147
       148,        44,      1.00,              0.1397,                   0,              0.0515
       148,        45,      1.00,              0.3970,                   0,              0.1617
       148,        46,      1.00,              0.2720,                   0,              0.1103
       148,        47,      1.00,              0.1250,                   0,              0.0147
       148,        48,      1.00,                   0,                   0,              0.0294
       148,        49,      1.00,              0.0809,                   0,              0.0294
       148,        50,      1.00,              0.0074,                   0,              0.1544
       148,        52,      1.00,              0.1470,                   0,              0.0221
       148,        54,      1.00,              0.1838,                   0,                   0
       148,        55,      1.00,              0.3161,                   0,              0.0294
       148,        56,      1.00,              0.2867,                   0,              0.0294
       148,        57,      1.00,              0.0074,                   0,                   0
       148,        58,      1.00,              0.6616,                   0,              0.0368
       148,        59,      1.00,              0.1176,                   0,              0.0294
       148,        60,      1.00,              0.1691,                   0,              0.0147
       148,        61,      1.00,              0.2205,                   0,              0.0294
       148,        62,      1.00,              0.1911,                   0,              0.0147
       148,        63,      1.00,              0.1838,                   0,              0.0368
       148,        64,      1.00,              0.0882,                   0,              0.0662
       148,        65,      1.00,              0.3602,                   0,              0.0147
       148,        66,      1.00,              0.2720,                   0,              0.0147
       148,        67,      1.00,              0.3455,                   0,              0.0588
       148,        68,      1.00,              0.0735,                   0,              0.0147
       148,        69,      1.00,              0.1397,                   0,              0.0515
       148,        70,      1.00,                   0,                   0,              0.0074
       148,        71,      1.00,              0.1250,                   0,              0.0368
       148,        72,      1.00,              0.0662,                   0,              0.0147
       148,        73,      1.00,              0.1250,                   0,              0.0368
       148,        74,      1.00,              0.0735,                   0,              0.0221
       148,        75,      1.00,              0.5661,                   0,              0.1323
       148,        76,      1.00,              0.4411,                   0,              0.0956
       148,        77,      1.00,              0.0956,                   0,              0.0882
       148,        78,      1.00,              0.0221,                   0,              0.0221
       148,        79,      1.00,              0.6028,                   0,              0.0368
       148,        80,      1.00,              0.7866,                   0,              0.0294
       148,        81,      1.00,              0.9777,                   0,              0.0882
       148,        82,      1.00,              0.1544,                   0,              0.0074
       148,        83,      1.00,              0.8601,                   0,              0.1470
       148,        84,      1.00,              1.2350,                   0,              0.2279
       148,        85,      1.00,              1.2203,                   0,              0.1323
       148,        86,      1.00,              0.8454,                   0,              0.1103
       148,        87,      1.00,              0.3896,                   0,              0.0074
       148,        88,      1.00,              0.1397,                   0,              0.0147
       148,        89,      1.00,              0.4190,                   0,              0.0221
       148,        90,      1.00,              0.8234,                   0,              0.0809
       148,        91,      1.00,              0.6469,                   0,              0.0662
       148,        92,      1.00,              3.4993,                   0,              0.2279
       148,        93,      1.00,              0.6984,                   0,              0.0588
       148,        94,      1.00,              0.3970,                   0,              0.1029
       148,        95,      1.00,              4.2932,                   0,              0.2573
       148,        96,      1.00,              0.1323,                   0,              0.0882
       148,        97,      1.00,              0.0809,                   0,              0.0147
       148,        98,      1.00,              0.1323,                   0,              0.0147
       148,        99,      1.00,              0.4043,                   0,              0.0074
       148,       100,      1.00,              1.0439,                   0,              0.1544
       148,       101,      1.00,              0.2794,                   0,              0.0515
       148,       102,      1.00,              0.1617,                   0,              0.0662
       148,       103,      1.00,              1.5659,                   0,              0.1323
       148,       104,      1.00,              0.8087,                   0,              0.1323
       148,       105,      1.00,              0.4337,                   0,              0.0588
       148,       106,      1.00,              0.6102,                   0,              0.0882
       148,       107,      1.00,              0.7940,                   0,              0.0515
       148,       108,      1.00,              0.3308,                   0,              0.0294
       148,       109,      1.00,              0.8160,                   0,              0.0368
       148,       110,      1.00,              0.4484,                   0,              0.0221
       148,       111,      1.00,              0.2352,                   0,              0.0147
       148,       112,      1.00,              0.2058,                   0,              0.0294
       148,       114,      1.00,              1.2792,                   0,              0.2794
       148,       115,      1.00,              0.1029,                   0,              0.2132
       148,       116,      1.00,              0.4264,                   0,              0.0735
       148,       117,      1.00,              4.9990,                   0,              0.1397
       148,       118,      1.00,              5.2195,                   0,              0.1397
       148,       119,      1.00,              4.4256,                   0,              0.3749
       148,       120,      1.00,              1.5953,                   0,              0.1397
       148,       121,      1.00,              4.2418,                   0,              0.2941
       148,       122,      1.00,              3.7713,                   0,              0.1691
       148,       123,      1.00,              3.4919,                   0,              0.1470
       148,       124,      1.00,              3.1317,                   0,              0.2794
       148,       125,      1.00,              2.3525,                   0,              0.0735
       148,       126,      1.00,             10.9831,                   0,              0.6763
       148,       127,      1.00,             15.1072,                   0,              0.6102
       148,       128,      1.00,              7.3073,                   0,              0.2867
       148,       129,      1.00,              2.0584,                   0,              0.0882
       148,       130,      1.00,              1.9555,                   0,              0.0735
       148,       131,      1.00,              1.2056,                   0,              0.1029
       148,       132,      1.00,              3.1097,                   0,              0.0809
       148,       133,      1.00,              1.2497,                   0,              0.0662
       148,       134,      1.00,              2.5068,                   0,              0.0882
       148,       135,      1.00,              8.2116,                   0,              0.1029
       148,       136,      1.00,              5.2710,                   0,              0.2205
       148,       137,      1.00,              1.8967,                   0,              0.1397
       148,       138,      1.00,              5.6459,                   0,              0.2720
       148,       139,      1.00,              0.8822,                   0,              0.0441
       148,       140,      1.00,              9.9245,                   0,              0.4631
       148,       141,      1.00,             22.2308,                   0,              0.7278
       148,       142,      1.00,             17.3935,                   0,              0.7646
       148,       143,      1.00,             15.3498,                   0,              0.9630
       148,       144,      1.00,              5.1828,                   0,              0.0956
       148,       145,      1.00,             10.3582,                   0,              0.2941
       148,       146,      1.00,             13.2988,                   0,              0.6984
       148,       147,      1.00,             10.5126,                   0,              0.4852
       148,       148,      1.00,             53.0407,                   0,              0.6984
       148,       149,      1.00,             28.5530,                   0,              0.6249
       148,       150,      1.00,             29.7587,                   0,              0.7278
       148,       151,      1.00,             13.4090,                   0,              0.8895
       148,       152,      1.00,              5.1387,                   0,              0.2720
       148,       153,      1.00,              4.8593,                   0,              0.2426
       148,       154,      1.00,             37.7791,                   0,              1.2644
       148,       155,      1.00,             21.5471,                   0,              0.7572
       148,       156,      1.00,              5.8665,                   0,              0.1470
       148,       157,      1.00,              2.1393,                   0,              0.0809
       148,       158,      1.00,                   0,                   0,              0.0956
       148,       159,      1.00,              0.2205,                   0,              0.0368
       148,       160,      1.00,              5.9253,                   0,              0.2205
       148,       161,      1.00,             11.5565,                   0,              0.3455
       148,       162,      1.00,             11.5344,                   0,              0.4925
       148,       163,      1.00,              0.1029,                   0,              0.0221
       148,       164,      1.00,              8.9173,                   0,              0.7131
       148,       165,      1.00,             20.4370,                   0,              0.5587
       148,       166,      1.00,             33.8755,                   0,              0.6616
       148,       167,      1.00,             14.0045,                   0,              0.4190
       148,       168,      1.00,             13.0856,                   0,              0.3088
       148,       169,      1.00,              6.1679,                   0,              0.1544
       148,       170,      1.00,              6.9618,                   0,              0.3161
       148,       172,      1.00,             13.2620,                   0,              0.3088
       148,       173,      1.00,              1.2203,                   0,              0.0221
       148,       174,      1.00,              6.6016,                   0,              0.2426
       148,       175,      1.00,              5.9400,                   0,              0.2941
       148,       176,      1.00,              0.8454,                   0,              0.0074
       148,       177,      1.00,             10.9022,                   0,              0.2720
       148,       178,      1.00,             25.6418,                   0,              2.9112
       148,       179,      1.00,             18.0257,                   0,              0.7940
       148,       180,      1.00,              2.0069,                   0,              0.0662
       148,       181,      1.00,              4.3006,                   0,              0.2426
       148,       182,      1.00,             14.4088,                   0,              0.4484
       148,       183,      1.00,              2.9773,                   0,              0.0441
       148,       184,      1.00,              4.4623,                   0,              0.0809
       148,       185,      1.00,              4.2124,                   0,              0.0515
       148,       186,      1.00,              1.1542,                   0,              0.0147
       148,       187,      1.00,              1.4482,                   0,              0.0221
       148,       188,      1.00,              4.5947,                   0,              0.1176
       148,       189,      1.00,              1.0366,                   0,              0.0074
       148,       190,      1.00,              1.0660,                   0,              0.0515
       148,       191,      1.00,              0.1029,                   0,              0.0074
       148,       192,      1.00,              1.7496,                   0,              0.0809
       148,       193,      1.00,              0.7057,                   0,              0.0147
       148,       194,      1.00,              0.2132,                   0,              0.0147
       148,       195,      1.00,              3.0141,                   0,              0.0588
       148,       196,      1.00,              1.1395,                   0,              0.0515
       148,       197,      1.00,              0.4117,                   0,              0.0147
       148,       198,      1.00,              0.9263,                   0,              0.0294
       148,       199,      1.00,              0.1764,                   0,              0.0074
       148,       200,      1.00,              0.2132,                   0,              0.0294
       148,       201,      1.00,              1.5585,                   0,              0.0368
       148,       202,      1.00,              0.5808,                   0,              0.0147
       148,       203,      1.00,              0.0074,                   0,              0.0147
       148,       204,      1.00,              0.2132,                   0,              0.0294
       148,       205,      1.00,              0.4117,                   0,              0.0074
       148,       206,      1.00,                   0,                   0,              0.0074
       148,       207,      1.00,              0.4117,                   0,              0.0294
       148,       208,      1.00,              0.1470,                   0,              0.0368
       148,       209,      1.00,              0.4705,                   0,              0.1176
       148,       210,      1.00,              0.3896,                   0,              0.0515
       148,       211,      1.00,              0.7278,                   0,              0.1397
       148,       212,      1.00,              2.4554,                   0,              0.3602
       148,       213,      1.00,              1.9114,                   0,              0.2058
       148,       214,      1.00,              0.1250,                   0,              0.0294
       148,       218,      1.00,                   0,                   0,              0.0074
       148,       219,      1.00,                   0,                   0,              0.0074
       148,       224,      1.00,                   0,                   0,              0.0221
       148,       226,      1.00,                   0,                   0,              0.0147
       148,       227,      1.00,                   0,                   0,              0.0147
       148,       228,      1.00,                   0,                   0,              0.0147
       149,         1,      1.00,              0.0221,                   0,                   0
       149,         2,      1.00,              0.0588,                   0,                   0
       149,         3,      1.00,              0.0662,                   0,                   0
       149,         5,      1.00,              0.0147,                   0,                   0
       149,         6,      1.00,              0.0735,                   0,              0.0074
       149,         7,      1.00,              0.1470,                   0,              0.0074
       149,         8,      1.00,              0.0956,                   0,              0.0147
       149,         9,      1.00,              0.1397,                   0,              0.0074
       149,        10,      1.00,              0.0221,                   0,                   0
       149,        11,      1.00,              0.0588,                   0,              0.0074
       149,        12,      1.00,              0.0588,                   0,              0.0074
       149,        13,      1.00,              0.1323,                   0,              0.0074
       149,        14,      1.00,              0.2647,                   0,              0.0074
       149,        15,      1.00,              0.3088,                   0,              0.0221
       149,        16,      1.00,              0.0221,                   0,                   0
       149,        17,      1.00,              0.0735,                   0,                   0
       149,        19,      1.00,              0.0147,                   0,              0.0074
       149,        21,      1.00,              0.0735,                   0,              0.0074
       149,        22,      1.00,              0.0221,                   0,                   0
       149,        23,      1.00,              0.1397,                   0,                   0
       149,        24,      1.00,              0.1029,                   0,                   0
       149,        26,      1.00,              0.0147,                   0,                   0
       149,        27,      1.00,              0.0956,                   0,              0.0074
       149,        28,      1.00,              0.0588,                   0,              0.0294
       149,        29,      1.00,              0.0662,                   0,                   0
       149,        30,      1.00,              0.1029,                   0,              0.0074
       149,        31,      1.00,              0.0294,                   0,              0.0074
       149,        32,      1.00,              0.0882,                   0,              0.0074
       149,        33,      1.00,              0.1029,                   0,              0.0147
       149,        34,      1.00,              0.0368,                   0,                   0
       149,        35,      1.00,              0.0515,                   0,              0.0074
       149,        36,      1.00,              0.0515,                   0,              0.0147
       149,        37,      1.00,              0.0588,                   0,              0.0074
       149,        38,      1.00,                   0,                   0,              0.0074
       149,        39,      1.00,              0.1323,                   0,              0.0147
       149,        40,      1.00,              0.0294,                   0,              0.0074
       149,        41,      1.00,              0.0662,                   0,              0.0368
       149,        42,      1.00,              0.0294,                   0,              0.0074
       149,        43,      1.00,              0.0294,                   0,              0.0074
       149,        44,      1.00,              0.0809,                   0,              0.0368
       149,        45,      1.00,              0.1029,                   0,              0.0956
       149,        46,      1.00,              0.1544,                   0,              0.0735
       149,        47,      1.00,              0.0294,                   0,              0.0147
       149,        48,      1.00,                   0,                   0,              0.0147
       149,        49,      1.00,              0.0588,                   0,              0.0294
       149,        50,      1.00,                   0,                   0,              0.0809
       149,        52,      1.00,              0.0662,                   0,              0.0221
       149,        55,      1.00,              0.0588,                   0,              0.0221
       149,        56,      1.00,              0.1029,                   0,              0.0221
       149,        57,      1.00,              0.0074,                   0,                   0
       149,        58,      1.00,              0.1323,                   0,              0.0294
       149,        59,      1.00,              0.0735,                   0,              0.0294
       149,        60,      1.00,              0.0147,                   0,              0.0074
       149,        61,      1.00,              0.1250,                   0,              0.0147
       149,        62,      1.00,              0.1029,                   0,              0.0074
       149,        63,      1.00,              0.0809,                   0,              0.0147
       149,        64,      1.00,              0.0809,                   0,              0.0221
       149,        65,      1.00,              0.1470,                   0,              0.0147
       149,        66,      1.00,              0.0809,                   0,              0.0147
       149,        67,      1.00,              0.2573,                   0,              0.0441
       149,        68,      1.00,              0.0515,                   0,              0.0074
       149,        69,      1.00,              0.0368,                   0,              0.0368
       149,        70,      1.00,              0.0294,                   0,              0.0074
       149,        71,      1.00,              0.0809,                   0,              0.0221
       149,        72,      1.00,              0.0441,                   0,              0.0147
       149,        73,      1.00,              0.0368,                   0,              0.0294
       149,        74,      1.00,              0.0294,                   0,              0.0147
       149,        75,      1.00,              0.2205,                   0,              0.0956
       149,        76,      1.00,              0.1323,                   0,              0.0662
       149,        77,      1.00,              0.0662,                   0,              0.0515
       149,        78,      1.00,                   0,                   0,              0.0147
       149,        79,      1.00,              0.3161,                   0,              0.0368
       149,        80,      1.00,              0.2352,                   0,              0.0368
       149,        81,      1.00,              0.3749,                   0,              0.0294
       149,        82,      1.00,              0.0588,                   0,              0.0074
       149,        83,      1.00,              0.4264,                   0,              0.1029
       149,        84,      1.00,              0.5072,                   0,              0.1470
       149,        85,      1.00,              0.5072,                   0,              0.0956
       149,        86,      1.00,              0.2647,                   0,              0.0809
       149,        87,      1.00,              0.0074,                   0,              0.0074
       149,        88,      1.00,              0.1029,                   0,              0.0074
       149,        89,      1.00,              0.0956,                   0,              0.0147
       149,        90,      1.00,              0.2720,                   0,              0.0588
       149,        91,      1.00,              0.1985,                   0,              0.0515
       149,        92,      1.00,              1.5512,                   0,              0.1617
       149,        93,      1.00,              0.2794,                   0,              0.0441
       149,        94,      1.00,              0.2205,                   0,              0.0735
       149,        95,      1.00,              1.7129,                   0,              0.1985
       149,        96,      1.00,              0.1176,                   0,              0.0515
       149,        97,      1.00,              0.0441,                   0,              0.0074
       149,        98,      1.00,              0.1176,                   0,              0.0074
       149,        99,      1.00,              0.2058,                   0,                   0
       149,       100,      1.00,              0.2132,                   0,              0.0956
       149,       101,      1.00,              0.4190,                   0,              0.0147
       149,       102,      1.00,                   0,                   0,              0.0662
       149,       103,      1.00,              0.5072,                   0,              0.1176
       149,       104,      1.00,              0.4852,                   0,              0.0662
       149,       105,      1.00,              0.2867,                   0,              0.0294
       149,       106,      1.00,              0.6690,                   0,              0.1029
       149,       107,      1.00,              0.4337,                   0,              0.0662
       149,       108,      1.00,              0.0588,                   0,              0.0221
       149,       109,      1.00,              0.2352,                   0,              0.0441
       149,       110,      1.00,              0.1029,                   0,              0.0147
       149,       111,      1.00,              0.1764,                   0,              0.0074
       149,       112,      1.00,              0.0809,                   0,              0.0221
       149,       114,      1.00,              0.9263,                   0,              0.1323
       149,       115,      1.00,                   0,                   0,              0.0809
       149,       116,      1.00,              0.8381,                   0,              0.0735
       149,       117,      1.00,              4.2124,                   0,              0.0956
       149,       118,      1.00,              3.3302,                   0,              0.3308
       149,       119,      1.00,              1.8305,                   0,              0.2205
       149,       120,      1.00,              0.8969,                   0,              0.0956
       149,       121,      1.00,              2.1907,                   0,              0.1985
       149,       122,      1.00,              1.1174,                   0,              0.1397
       149,       123,      1.00,              2.2495,                   0,              0.1470
       149,       124,      1.00,              2.2716,                   0,              0.3970
       149,       125,      1.00,              1.2571,                   0,              0.0441
       149,       126,      1.00,              5.3298,                   0,              0.3382
       149,       127,      1.00,              6.9545,                   0,              0.4631
       149,       128,      1.00,              3.9404,                   0,              0.2279
       149,       129,      1.00,              1.4703,                   0,              0.1176
       149,       130,      1.00,              1.4041,                   0,              0.0735
       149,       131,      1.00,              0.9189,                   0,              0.1617
       149,       132,      1.00,              1.8379,                   0,              0.0882
       149,       133,      1.00,              1.1248,                   0,              0.0882
       149,       134,      1.00,              1.8158,                   0,              0.0588
       149,       135,      1.00,              7.0133,                   0,              0.1029
       149,       136,      1.00,              2.9185,                   0,              0.1838
       149,       137,      1.00,              1.1101,                   0,              0.1103
       149,       138,      1.00,              4.9549,                   0,              0.1838
       149,       139,      1.00,              1.2497,                   0,              0.0294
       149,       140,      1.00,             11.4389,                   0,              0.3014
       149,       141,      1.00,             12.0343,                   0,              0.4337
       149,       142,      1.00,              8.4909,                   0,              0.3014
       149,       143,      1.00,             14.2250,                   0,              0.5220
       149,       144,      1.00,              6.1385,                   0,              0.0735
       149,       145,      1.00,              7.2118,                   0,              0.1691
       149,       146,      1.00,             14.4162,                   0,              0.7278
       149,       147,      1.00,             18.3786,                   0,              0.3970
       149,       148,      1.00,             25.6933,                   0,              0.4705
       149,       149,      1.00,             34.8532,                   0,              0.3970
       149,       150,      1.00,             12.3798,                   0,              0.4264
       149,       151,      1.00,              8.1454,                   0,              0.4631
       149,       152,      1.00,              2.7053,                   0,              0.1617
       149,       153,      1.00,              3.3964,                   0,              0.1397
       149,       154,      1.00,             15.5336,                   0,              0.6396
       149,       155,      1.00,              6.9104,                   0,              0.4631
       149,       156,      1.00,              2.4848,                   0,              0.0809
       149,       157,      1.00,              0.6910,                   0,              0.1250
       149,       158,      1.00,                   0,                   0,              0.0956
       149,       159,      1.00,              0.2205,                   0,              0.0368
       149,       160,      1.00,              8.3512,                   0,              0.1397
       149,       161,      1.00,             10.0862,                   0,              0.3088
       149,       162,      1.00,              6.7854,                   0,              0.4852
       149,       163,      1.00,              0.0074,                   0,              0.0221
       149,       164,      1.00,              6.3884,                   0,              0.8013
       149,       165,      1.00,              9.3216,                   0,              0.3529
       149,       166,      1.00,             21.6133,                   0,              0.4925
       149,       167,      1.00,             17.2097,                   0,              0.4190
       149,       168,      1.00,              9.1673,                   0,              0.3529
       149,       169,      1.00,              4.8961,                   0,              0.1985
       149,       170,      1.00,              6.8148,                   0,              0.3455
       149,       171,      1.00,                   0,                   0,              0.0147
       149,       172,      1.00,              5.0284,                   0,              0.7057
       149,       173,      1.00,              0.7278,                   0,              0.0368
       149,       174,      1.00,              2.2642,                   0,              0.4484
       149,       175,      1.00,              4.0286,                   0,              0.4631
       149,       176,      1.00,              0.2058,                   0,              0.0294
       149,       177,      1.00,              9.0129,                   0,              0.3823
       149,       178,      1.00,             12.4754,                   0,              0.4558
       149,       179,      1.00,             12.9165,                   0,              0.7131
       149,       180,      1.00,              1.1468,                   0,              0.0588
       149,       181,      1.00,              3.3008,                   0,              0.3676
       149,       182,      1.00,              9.1011,                   0,              0.4484
       149,       183,      1.00,              1.1101,                   0,              0.0662
       149,       184,      1.00,              3.0656,                   0,              0.2205
       149,       185,      1.00,              2.3451,                   0,              0.0956
       149,       186,      1.00,              0.2205,                   0,              0.0368
       149,       187,      1.00,              0.1691,                   0,              0.0147
       149,       188,      1.00,              2.6024,                   0,              0.2279
       149,       189,      1.00,              0.3382,                   0,              0.0221
       149,       190,      1.00,              0.5367,                   0,              0.0515
       149,       191,      1.00,              0.1029,                   0,              0.0294
       149,       192,      1.00,              1.4041,                   0,              0.0735
       149,       193,      1.00,              0.0956,                   0,              0.0147
       149,       194,      1.00,              0.0074,                   0,              0.0147
       149,       195,      1.00,              1.1027,                   0,              0.1176
       149,       196,      1.00,              0.0074,                   0,              0.0368
       149,       197,      1.00,              0.3088,                   0,              0.0147
       149,       198,      1.00,              0.2058,                   0,              0.0221
       149,       199,      1.00,              0.0221,                   0,              0.0074
       149,       200,      1.00,                   0,                   0,              0.0147
       149,       201,      1.00,              0.3161,                   0,              0.0294
       149,       202,      1.00,              0.0809,                   0,              0.0147
       149,       203,      1.00,              0.0147,                   0,              0.0147
       149,       204,      1.00,              0.2058,                   0,              0.0221
       149,       205,      1.00,              0.4117,                   0,              0.0074
       149,       206,      1.00,              0.2058,                   0,              0.0074
       149,       207,      1.00,              0.2058,                   0,              0.0221
       149,       208,      1.00,              0.0147,                   0,              0.0221
       149,       209,      1.00,              0.1250,                   0,              0.0809
       149,       210,      1.00,              0.0662,                   0,              0.0368
       149,       211,      1.00,              1.3233,                   0,              0.1250
       149,       212,      1.00,              1.8379,                   0,              0.3382
       149,       213,      1.00,              1.3086,                   0,              0.1544
       149,       214,      1.00,              0.0074,                   0,              0.0221
       149,       218,      1.00,                   0,                   0,              0.0074
       149,       219,      1.00,                   0,                   0,              0.0074
       149,       224,      1.00,                   0,                   0,              0.0221
       149,       226,      1.00,                   0,                   0,              0.0147
       149,       227,      1.00,                   0,                   0,              0.0147
       149,       228,      1.00,                   0,                   0,              0.0147
       150,         1,      1.00,              0.0809,                   0,                   0
       150,         2,      1.00,              0.0368,                   0,              0.0074
       150,         3,      1.00,              0.0735,                   0,              0.0074
       150,         4,      1.00,              0.0368,                   0,              0.0074
       150,         5,      1.00,              0.0221,                   0,              0.0074
       150,         6,      1.00,              0.2132,                   0,              0.0147
       150,         7,      1.00,              0.2647,                   0,              0.0221
       150,         8,      1.00,              0.2794,                   0,              0.0294
       150,         9,      1.00,              0.2499,                   0,              0.0147
       150,        10,      1.00,              0.0735,                   0,                   0
       150,        11,      1.00,              0.0882,                   0,              0.0074
       150,        12,      1.00,              0.1764,                   0,              0.0221
       150,        13,      1.00,              0.2647,                   0,              0.0221
       150,        14,      1.00,              0.4043,                   0,              0.0221
       150,        15,      1.00,              0.2499,                   0,              0.0441
       150,        16,      1.00,              0.0221,                   0,                   0
       150,        17,      1.00,              0.0735,                   0,              0.0074
       150,        18,      1.00,              0.0735,                   0,              0.0074
       150,        19,      1.00,              0.1397,                   0,              0.0074
       150,        20,      1.00,              0.0294,                   0,                   0
       150,        21,      1.00,              0.0294,                   0,              0.0074
       150,        22,      1.00,              0.0956,                   0,              0.0074
       150,        23,      1.00,              0.1617,                   0,              0.0074
       150,        24,      1.00,              0.0294,                   0,              0.0074
       150,        26,      1.00,              0.0294,                   0,              0.0074
       150,        27,      1.00,              0.1544,                   0,              0.0147
       150,        28,      1.00,              0.2205,                   0,              0.0294
       150,        29,      1.00,              0.0735,                   0,              0.0074
       150,        30,      1.00,              0.0662,                   0,              0.0074
       150,        31,      1.00,              0.1323,                   0,              0.0074
       150,        32,      1.00,              0.1397,                   0,              0.0147
       150,        33,      1.00,              0.1470,                   0,              0.0221
       150,        34,      1.00,              0.0147,                   0,              0.0074
       150,        35,      1.00,              0.1397,                   0,              0.0221
       150,        36,      1.00,              0.1176,                   0,              0.0221
       150,        37,      1.00,              0.0809,                   0,              0.0147
       150,        38,      1.00,              0.0809,                   0,              0.0147
       150,        39,      1.00,              0.0588,                   0,              0.0294
       150,        40,      1.00,              0.0368,                   0,              0.0221
       150,        41,      1.00,              0.1985,                   0,              0.0441
       150,        42,      1.00,              0.0294,                   0,              0.0074
       150,        43,      1.00,              0.0074,                   0,              0.0147
       150,        44,      1.00,              0.1617,                   0,              0.0441
       150,        45,      1.00,              0.2941,                   0,              0.0956
       150,        46,      1.00,              0.2720,                   0,              0.0809
       150,        47,      1.00,              0.0368,                   0,              0.0147
       150,        48,      1.00,              0.0074,                   0,              0.0147
       150,        49,      1.00,              0.1397,                   0,              0.0294
       150,        50,      1.00,              0.0221,                   0,              0.0956
       150,        52,      1.00,              0.0882,                   0,              0.0294
       150,        54,      1.00,                   0,                   0,              0.0074
       150,        55,      1.00,              0.1103,                   0,              0.0368
       150,        56,      1.00,              0.2132,                   0,              0.0368
       150,        57,      1.00,              0.0074,                   0,                   0
       150,        58,      1.00,              0.1617,                   0,              0.0441
       150,        59,      1.00,                   0,                   0,              0.0294
       150,        60,      1.00,              0.0294,                   0,              0.0147
       150,        61,      1.00,              0.0588,                   0,              0.0294
       150,        62,      1.00,              0.1691,                   0,              0.0221
       150,        63,      1.00,              0.0809,                   0,              0.0294
       150,        64,      1.00,              0.0074,                   0,              0.0441
       150,        65,      1.00,              0.1838,                   0,              0.0221
       150,        66,      1.00,              0.0662,                   0,              0.0221
       150,        67,      1.00,              0.2573,                   0,              0.0588
       150,        68,      1.00,              0.1470,                   0,              0.0147
       150,        69,      1.00,              0.1103,                   0,              0.0368
       150,        70,      1.00,              0.0809,                   0,              0.0074
       150,        71,      1.00,              0.0294,                   0,              0.0294
       150,        72,      1.00,              0.0368,                   0,              0.0074
       150,        73,      1.00,              0.0221,                   0,              0.0294
       150,        74,      1.00,              0.1176,                   0,              0.0147
       150,        75,      1.00,              0.1985,                   0,              0.0956
       150,        76,      1.00,              0.1691,                   0,              0.0588
       150,        77,      1.00,              0.0294,                   0,              0.0515
       150,        78,      1.00,                   0,                   0,              0.0147
       150,        79,      1.00,              0.3161,                   0,              0.0368
       150,        80,      1.00,              0.4852,                   0,              0.0368
       150,        81,      1.00,              0.4484,                   0,              0.0368
       150,        82,      1.00,              0.0882,                   0,              0.0147
       150,        83,      1.00,              0.4778,                   0,              0.1176
       150,        84,      1.00,              0.6690,                   0,              0.1544
       150,        85,      1.00,              0.6175,                   0,              0.1176
       150,        86,      1.00,              0.4337,                   0,              0.0882
       150,        87,      1.00,              0.1617,                   0,              0.0147
       150,        88,      1.00,              0.1103,                   0,              0.0147
       150,        89,      1.00,              0.4264,                   0,              0.0221
       150,        90,      1.00,              0.3455,                   0,              0.0735
       150,        91,      1.00,              0.2573,                   0,              0.0515
       150,        92,      1.00,              1.6467,                   0,              0.1617
       150,        93,      1.00,              0.1617,                   0,              0.0441
       150,        94,      1.00,              0.3749,                   0,              0.0735
       150,        95,      1.00,              2.0364,                   0,              0.2205
       150,        96,      1.00,              0.0809,                   0,              0.0441
       150,        97,      1.00,              0.0588,                   0,              0.0147
       150,        98,      1.00,              0.1176,                   0,              0.0147
       150,        99,      1.00,                   0,                   0,              0.0074
       150,       100,      1.00,              0.6249,                   0,              0.1323
       150,       101,      1.00,              0.1029,                   0,              0.0588
       150,       102,      1.00,                   0,                   0,              0.0074
       150,       103,      1.00,              0.5367,                   0,              0.1103
       150,       104,      1.00,              0.3602,                   0,              0.0735
       150,       105,      1.00,              0.2867,                   0,              0.0588
       150,       106,      1.00,              0.6543,                   0,              0.0735
       150,       107,      1.00,              0.6763,                   0,              0.0515
       150,       108,      1.00,              0.0735,                   0,              0.0294
       150,       109,      1.00,              0.1838,                   0,              0.0368
       150,       110,      1.00,              0.1544,                   0,              0.0147
       150,       111,      1.00,              0.1029,                   0,              0.0147
       150,       112,      1.00,              0.1470,                   0,              0.0368
       150,       114,      1.00,              0.5440,                   0,              0.1544
       150,       115,      1.00,                   0,                   0,              0.0956
       150,       116,      1.00,              0.2205,                   0,              0.0809
       150,       117,      1.00,              2.2863,                   0,              0.1470
       150,       118,      1.00,              2.4407,                   0,              0.1470
       150,       119,      1.00,              2.2275,                   0,              0.2573
       150,       120,      1.00,              1.0071,                   0,              0.0956
       150,       121,      1.00,              2.1099,                   0,              0.1985
       150,       122,      1.00,              1.5879,                   0,              0.1397
       150,       123,      1.00,              1.8379,                   0,              0.1323
       150,       124,      1.00,              1.8893,                   0,              0.2132
       150,       125,      1.00,              1.0145,                   0,              0.1176
       150,       126,      1.00,              7.4323,                   0,              0.6616
       150,       127,      1.00,              8.8585,                   0,              0.5514
       150,       128,      1.00,              5.5503,                   0,              0.2794
       150,       129,      1.00,              1.2056,                   0,              0.0735
       150,       130,      1.00,              1.2865,                   0,              0.0588
       150,       131,      1.00,              0.5881,                   0,              0.0809
       150,       132,      1.00,              2.1834,                   0,              0.0809
       150,       133,      1.00,              0.6396,                   0,              0.0662
       150,       134,      1.00,              0.8748,                   0,              0.0809
       150,       135,      1.00,              4.6976,                   0,              0.1838
       150,       136,      1.00,              2.8891,                   0,              0.2573
       150,       137,      1.00,              2.2275,                   0,              0.1544
       150,       138,      1.00,              3.4625,                   0,              0.2573
       150,       139,      1.00,              0.2205,                   0,              0.0368
       150,       140,      1.00,              5.3592,                   0,              0.3823
       150,       141,      1.00,             26.8034,                   0,              0.5881
       150,       142,      1.00,             13.4899,                   0,              0.7131
       150,       143,      1.00,              9.5569,                   0,              0.6984
       150,       144,      1.00,              3.4919,                   0,              0.1250
       150,       145,      1.00,              6.8957,                   0,              0.3455
       150,       146,      1.00,              7.7852,                   0,              0.7572
       150,       147,      1.00,              7.0059,                   0,              0.3308
       150,       148,      1.00,             24.6641,                   0,              0.7278
       150,       149,      1.00,             13.6957,                   0,              0.4264
       150,       150,      1.00,             36.3382,                   0,              0.5514
       150,       151,      1.00,             15.6880,                   0,              3.5655
       150,       152,      1.00,              5.5136,                   0,              0.5661
       150,       153,      1.00,              4.3153,                   0,              0.3308
       150,       154,      1.00,             33.6623,                   0,              1.3380
       150,       155,      1.00,             10.9390,                   0,              0.8675
       150,       156,      1.00,              3.4111,                   0,              0.1470
       150,       157,      1.00,              0.9410,                   0,              0.0515
       150,       158,      1.00,                   0,                   0,              0.0956
       150,       159,      1.00,              0.2205,                   0,              0.0441
       150,       160,      1.00,              6.0796,                   0,              0.1691
       150,       161,      1.00,              5.9767,                   0,              0.3455
       150,       162,      1.00,              4.9696,                   0,              0.4337
       150,       163,      1.00,              0.0074,                   0,              0.0294
       150,       164,      1.00,              5.7047,                   0,              0.4999
       150,       165,      1.00,             12.4313,                   0,              0.4778
       150,       166,      1.00,             15.7541,                   0,              0.5293
       150,       167,      1.00,              7.2559,                   0,              0.3088
       150,       168,      1.00,              5.4621,                   0,              0.2352
       150,       169,      1.00,              3.2787,                   0,              0.1250
       150,       170,      1.00,              3.7492,                   0,              0.2205
       150,       171,      1.00,              0.1470,                   0,                   0
       150,       172,      1.00,              5.7341,                   0,              0.2352
       150,       173,      1.00,              0.5587,                   0,              0.0147
       150,       174,      1.00,              2.3672,                   0,              0.1323
       150,       175,      1.00,              1.4041,                   0,              0.1911
       150,       176,      1.00,              0.3308,                   0,              0.0074
       150,       177,      1.00,              4.7711,                   0,              0.1985
       150,       178,      1.00,             11.0198,                   0,              0.4925
       150,       179,      1.00,              6.8883,                   0,              0.5220
       150,       180,      1.00,              1.0586,                   0,              0.0735
       150,       181,      1.00,              3.5434,                   0,              0.2426
       150,       182,      1.00,              8.2998,                   0,              0.5734
       150,       183,      1.00,              0.8454,                   0,              0.0441
       150,       184,      1.00,              2.1907,                   0,              0.1250
       150,       185,      1.00,              1.5732,                   0,              0.0662
       150,       186,      1.00,              0.2794,                   0,              0.0294
       150,       187,      1.00,              0.6249,                   0,              0.0221
       150,       188,      1.00,              1.5806,                   0,              0.1397
       150,       189,      1.00,              0.6249,                   0,              0.0221
       150,       190,      1.00,              0.1911,                   0,              0.0588
       150,       191,      1.00,              0.2647,                   0,              0.0074
       150,       192,      1.00,              0.5440,                   0,              0.0809
       150,       193,      1.00,              0.4484,                   0,              0.0147
       150,       194,      1.00,              0.0074,                   0,              0.0147
       150,       195,      1.00,              0.3382,                   0,              0.0588
       150,       196,      1.00,              0.4190,                   0,              0.0515
       150,       197,      1.00,                   0,                   0,              0.0147
       150,       198,      1.00,                   0,                   0,              0.0221
       150,       199,      1.00,              0.1176,                   0,              0.0074
       150,       200,      1.00,              0.2058,                   0,              0.0221
       150,       201,      1.00,              0.5514,                   0,              0.0294
       150,       202,      1.00,              0.4043,                   0,              0.0147
       150,       203,      1.00,              0.2426,                   0,              0.0147
       150,       204,      1.00,                   0,                   0,              0.0221
       150,       205,      1.00,                   0,                   0,              0.0147
       150,       206,      1.00,                   0,                   0,              0.0074
       150,       207,      1.00,              0.1029,                   0,              0.0294
       150,       208,      1.00,              0.1323,                   0,              0.0221
       150,       209,      1.00,              0.2794,                   0,              0.0809
       150,       210,      1.00,              0.2205,                   0,              0.0441
       150,       211,      1.00,              0.8160,                   0,              0.1397
       150,       212,      1.00,              0.7351,                   0,              0.2794
       150,       213,      1.00,              0.6469,                   0,              0.1985
       150,       214,      1.00,              0.0147,                   0,              0.0368
       150,       218,      1.00,                   0,                   0,              0.0074
       150,       219,      1.00,                   0,                   0,              0.0074
       150,       224,      1.00,                   0,                   0,              0.0221
       150,       226,      1.00,                   0,                   0,              0.0221
       150,       227,      1.00,                   0,                   0,              0.0147
       150,       228,      1.00,                   0,                   0,              0.0147
       151,         1,      1.00,              0.0368,                   0,                   0
       151,         2,      1.00,              0.0956,                   0,              0.0074
       151,         3,      1.00,              0.0956,                   0,                   0
       151,         4,      1.00,              0.0809,                   0,              0.0074
       151,         5,      1.00,                   0,                   0,              0.0074
       151,         6,      1.00,              0.1470,                   0,              0.0074
       151,         7,      1.00,              0.2499,                   0,              0.0147
       151,         8,      1.00,              0.4117,                   0,              0.0294
       151,         9,      1.00,              0.2058,                   0,              0.0147
       151,        11,      1.00,              0.1029,                   0,              0.0074
       151,        12,      1.00,              0.1470,                   0,              0.0221
       151,        13,      1.00,              0.3308,                   0,              0.0221
       151,        14,      1.00,              0.2647,                   0,              0.0221
       151,        15,      1.00,              0.6469,                   0,              0.0515
       151,        17,      1.00,              0.2279,                   0,              0.0074
       151,        18,      1.00,              0.0956,                   0,              0.0074
       151,        19,      1.00,              0.1176,                   0,              0.0074
       151,        20,      1.00,              0.0294,                   0,                   0
       151,        21,      1.00,              0.0735,                   0,              0.0074
       151,        22,      1.00,              0.0882,                   0,                   0
       151,        23,      1.00,              0.1544,                   0,              0.0074
       151,        24,      1.00,              0.1323,                   0,              0.0074
       151,        25,      1.00,              0.0294,                   0,                   0
       151,        26,      1.00,              0.0515,                   0,              0.0074
       151,        27,      1.00,              0.1103,                   0,              0.0147
       151,        28,      1.00,              0.1029,                   0,              0.0809
       151,        29,      1.00,              0.1103,                   0,              0.0074
       151,        30,      1.00,              0.0588,                   0,              0.0294
       151,        31,      1.00,              0.0588,                   0,              0.0368
       151,        32,      1.00,              0.1250,                   0,              0.0221
       151,        33,      1.00,              0.1470,                   0,              0.0735
       151,        34,      1.00,                   0,                   0,              0.0074
       151,        35,      1.00,              0.0662,                   0,              0.0221
       151,        36,      1.00,              0.0735,                   0,              0.0294
       151,        37,      1.00,              0.0441,                   0,              0.0147
       151,        38,      1.00,              0.0441,                   0,              0.0147
       151,        39,      1.00,              0.1176,                   0,              0.0294
       151,        40,      1.00,              0.0956,                   0,              0.0221
       151,        41,      1.00,              0.1544,                   0,              0.0662
       151,        42,      1.00,              0.0368,                   0,              0.0074
       151,        43,      1.00,              0.0956,                   0,              0.0441
       151,        44,      1.00,              0.1250,                   0,              0.0956
       151,        45,      1.00,              0.3235,                   0,              0.3014
       151,        46,      1.00,              0.2867,                   0,              0.2132
       151,        47,      1.00,              0.0662,                   0,              0.0441
       151,        48,      1.00,                   0,                   0,              0.0294
       151,        49,      1.00,              0.1764,                   0,              0.0441
       151,        50,      1.00,              0.0074,                   0,              0.1764
       151,        52,      1.00,              0.0441,                   0,              0.0368
       151,        54,      1.00,              0.0441,                   0,              0.0074
       151,        55,      1.00,              0.1911,                   0,              0.0368
       151,        56,      1.00,              0.1764,                   0,              0.0441
       151,        57,      1.00,              0.0074,                   0,                   0
       151,        58,      1.00,              0.1764,                   0,              0.0515
       151,        59,      1.00,              0.0956,                   0,              0.0368
       151,        60,      1.00,              0.0735,                   0,              0.0294
       151,        61,      1.00,              0.2205,                   0,              0.0809
       151,        62,      1.00,              0.1470,                   0,              0.0662
       151,        63,      1.00,              0.1323,                   0,              0.0662
       151,        64,      1.00,              0.1323,                   0,              0.1029
       151,        65,      1.00,              0.1764,                   0,              0.0294
       151,        66,      1.00,              0.1911,                   0,              0.0221
       151,        67,      1.00,              0.2426,                   0,              0.1250
       151,        68,      1.00,              0.1029,                   0,              0.0441
       151,        69,      1.00,              0.0662,                   0,              0.0956
       151,        70,      1.00,              0.0662,                   0,              0.0147
       151,        71,      1.00,              0.0588,                   0,              0.0588
       151,        72,      1.00,              0.0147,                   0,              0.0441
       151,        73,      1.00,              0.0221,                   0,              0.0515
       151,        74,      1.00,              0.0368,                   0,              0.0294
       151,        75,      1.00,              0.2720,                   0,              0.2352
       151,        76,      1.00,              0.1250,                   0,              0.1764
       151,        77,      1.00,              0.0956,                   0,              0.1323
       151,        78,      1.00,                   0,                   0,              0.0147
       151,        79,      1.00,              0.5072,                   0,              0.0368
       151,        80,      1.00,              0.4558,                   0,              0.0368
       151,        81,      1.00,              0.9042,                   0,              0.0956
       151,        82,      1.00,              0.0588,                   0,              0.0368
       151,        83,      1.00,              0.4117,                   0,              0.2426
       151,        84,      1.00,              0.9263,                   0,              0.4337
       151,        85,      1.00,              0.9777,                   0,              0.2720
       151,        86,      1.00,              0.4337,                   0,              0.2132
       151,        87,      1.00,              0.1911,                   0,              0.0147
       151,        88,      1.00,              0.1103,                   0,              0.0147
       151,        89,      1.00,              0.1691,                   0,              0.0221
       151,        90,      1.00,              0.4925,                   0,              0.1470
       151,        91,      1.00,              0.3529,                   0,              0.1323
       151,        92,      1.00,              1.6320,                   0,              0.3896
       151,        93,      1.00,              0.2720,                   0,              0.0882
       151,        94,      1.00,              0.3161,                   0,              0.1617
       151,        95,      1.00,              2.4774,                   0,              0.4117
       151,        96,      1.00,              0.1323,                   0,              0.1323
       151,        97,      1.00,              0.0294,                   0,              0.0221
       151,        98,      1.00,                   0,                   0,              0.0147
       151,        99,      1.00,              0.1029,                   0,              0.0074
       151,       100,      1.00,              0.4925,                   0,              0.0515
       151,       101,      1.00,              0.3308,                   0,              0.1397
       151,       102,      1.00,              0.0074,                   0,              0.0221
       151,       103,      1.00,              0.7351,                   0,              0.1470
       151,       104,      1.00,              0.4999,                   0,              0.1911
       151,       105,      1.00,              0.3970,                   0,              0.0956
       151,       106,      1.00,              0.5734,                   0,              0.1029
       151,       107,      1.00,              0.6396,                   0,              0.0662
       151,       108,      1.00,              0.1764,                   0,              0.0368
       151,       109,      1.00,              0.2720,                   0,              0.0441
       151,       110,      1.00,              0.1691,                   0,              0.0294
       151,       111,      1.00,              0.1397,                   0,              0.0221
       151,       112,      1.00,              0.2426,                   0,              0.0368
       151,       113,      1.00,              0.0515,                   0,                   0
       151,       114,      1.00,              1.0586,                   0,              0.0368
       151,       115,      1.00,                   0,                   0,              0.1911
       151,       116,      1.00,              0.7425,                   0,              0.0809
       151,       117,      1.00,              4.5138,                   0,              0.1323
       151,       118,      1.00,              2.8744,                   0,              0.1470
       151,       119,      1.00,              2.5657,                   0,              0.6175
       151,       120,      1.00,              0.8381,                   0,              0.2426
       151,       121,      1.00,              2.6980,                   0,              0.5367
       151,       122,      1.00,              1.6247,                   0,              0.2573
       151,       123,      1.00,              1.7938,                   0,              0.2352
       151,       124,      1.00,              1.3380,                   0,              0.3749
       151,       125,      1.00,              0.4705,                   0,              0.0956
       151,       126,      1.00,              6.6604,                   0,              0.9042
       151,       127,      1.00,              8.6159,                   0,              1.0219
       151,       128,      1.00,              4.1536,                   0,              0.4337
       151,       129,      1.00,              1.0513,                   0,              0.1691
       151,       130,      1.00,              1.4997,                   0,              0.1544
       151,       131,      1.00,              0.7057,                   0,              0.1617
       151,       132,      1.00,              1.6835,                   0,              0.1470
       151,       133,      1.00,              0.4043,                   0,              0.0956
       151,       134,      1.00,              1.1248,                   0,              0.1470
       151,       135,      1.00,              3.9551,                   0,              0.1397
       151,       136,      1.00,              3.0509,                   0,              0.1544
       151,       137,      1.00,              1.5806,                   0,              0.1029
       151,       138,      1.00,              2.6539,                   0,              0.2794
       151,       139,      1.00,              0.3161,                   0,              0.0662
       151,       140,      1.00,              4.2785,                   0,              0.6690
       151,       141,      1.00,             12.5269,                   0,              1.2277
       151,       142,      1.00,             10.0715,                   0,              1.0439
       151,       143,      1.00,              7.2706,                   0,              1.1762
       151,       144,      1.00,              1.8011,                   0,              0.1617
       151,       145,      1.00,              3.4552,                   0,              0.5220
       151,       146,      1.00,              6.0723,                   0,              1.1468
       151,       147,      1.00,              6.8221,                   0,              0.3676
       151,       148,      1.00,             20.4738,                   0,              0.8895
       151,       149,      1.00,             11.7623,                   0,              0.4631
       151,       150,      1.00,             21.9514,                   0,              3.5655
       151,       151,      1.00,             28.7809,                   0,              4.8299
       151,       152,      1.00,              7.4029,                   0,              0.6910
       151,       153,      1.00,              8.0498,                   0,              0.5072
       151,       154,      1.00,             39.6169,                   0,              4.1095
       151,       155,      1.00,             21.1354,                   0,              2.5436
       151,       156,      1.00,              7.6529,                   0,              0.1985
       151,       157,      1.00,              1.3233,                   0,              0.0956
       151,       158,      1.00,              0.2058,                   0,              0.1103
       151,       159,      1.00,              0.1250,                   0,              0.0368
       151,       160,      1.00,              2.5730,                   0,              0.3161
       151,       161,      1.00,              9.4172,                   0,              0.4117
       151,       162,      1.00,              6.4766,                   0,              0.5072
       151,       163,      1.00,              0.1103,                   0,              0.0147
       151,       164,      1.00,              3.7933,                   0,              0.7131
       151,       165,      1.00,             23.8554,                   0,              0.7940
       151,       166,      1.00,             27.1268,                   0,              1.5291
       151,       167,      1.00,             13.7472,                   0,              1.2424
       151,       168,      1.00,             10.6890,                   0,              0.5881
       151,       169,      1.00,              3.2714,                   0,              0.3161
       151,       170,      1.00,              8.2557,                   0,              0.4705
       151,       171,      1.00,                   0,                   0,              0.0074
       151,       172,      1.00,             11.2036,                   0,              0.5881
       151,       173,      1.00,              0.5440,                   0,              0.0221
       151,       174,      1.00,              6.2340,                   0,              0.2867
       151,       175,      1.00,              3.9404,                   0,              0.3823
       151,       176,      1.00,              0.3161,                   0,              0.0147
       151,       177,      1.00,             10.2920,                   0,              0.6102
       151,       178,      1.00,             25.8918,                   0,              0.6690
       151,       179,      1.00,             14.1001,                   0,              1.1689
       151,       180,      1.00,              1.5732,                   0,              0.0882
       151,       181,      1.00,              7.0647,                   0,              0.3529
       151,       182,      1.00,             14.5632,                   0,              0.5734
       151,       183,      1.00,              2.6245,                   0,              0.1029
       151,       184,      1.00,              5.1240,                   0,              0.1911
       151,       185,      1.00,              5.1019,                   0,              0.1176
       151,       186,      1.00,              0.8528,                   0,              0.0441
       151,       187,      1.00,              1.3086,                   0,              0.0294
       151,       188,      1.00,              3.3302,                   0,              0.2132
       151,       189,      1.00,              1.3527,                   0,              0.0294
       151,       190,      1.00,              0.5734,                   0,              0.0956
       151,       191,      1.00,                   0,                   0,              0.0147
       151,       192,      1.00,              1.4850,                   0,              0.0956
       151,       193,      1.00,              0.5955,                   0,              0.0147
       151,       194,      1.00,              0.0147,                   0,              0.0147
       151,       195,      1.00,              3.7492,                   0,              0.0588
       151,       196,      1.00,              1.2424,                   0,              0.0662
       151,       197,      1.00,              0.4117,                   0,              0.0147
       151,       198,      1.00,              0.4190,                   0,              0.0294
       151,       199,      1.00,                   0,                   0,              0.0074
       151,       200,      1.00,              0.0074,                   0,              0.0294
       151,       201,      1.00,              1.3527,                   0,              0.0441
       151,       202,      1.00,              0.0074,                   0,              0.0221
       151,       203,      1.00,              0.0074,                   0,              0.0221
       151,       204,      1.00,              0.1103,                   0,              0.0294
       151,       205,      1.00,                   0,                   0,              0.0147
       151,       206,      1.00,              0.3088,                   0,              0.0074
       151,       207,      1.00,              0.7204,                   0,              0.0368
       151,       208,      1.00,              0.1103,                   0,              0.0662
       151,       209,      1.00,              0.2867,                   0,              0.2573
       151,       210,      1.00,              0.2132,                   0,              0.1103
       151,       211,      1.00,              0.6837,                   0,              0.1323
       151,       212,      1.00,              0.7572,                   0,              0.3382
       151,       213,      1.00,              0.6396,                   0,              0.1617
       151,       214,      1.00,              0.1323,                   0,              0.0221
       151,       218,      1.00,                   0,                   0,              0.0074
       151,       219,      1.00,                   0,                   0,              0.0074
       151,       224,      1.00,                   0,                   0,              0.0294
       151,       226,      1.00,                   0,                   0,              0.0221
       151,       227,      1.00,              0.0074,                   0,              0.0221
       151,       228,      1.00,                   0,                   0,              0.0147
       152,         2,      1.00,                   0,                   0,              0.0074
       152,         4,      1.00,              0.0147,                   0,                   0
       152,         5,      1.00,              0.0294,                   0,              0.0074
       152,         6,      1.00,              0.0515,                   0,              0.0074
       152,         7,      1.00,              0.0809,                   0,              0.0147
       152,         8,      1.00,              0.1029,                   0,              0.0221
       152,         9,      1.00,              0.0735,                   0,              0.0147
       152,        11,      1.00,                   0,                   0,              0.0074
       152,        12,      1.00,                   0,                   0,              0.0147
       152,        13,      1.00,              0.1103,                   0,              0.0147
       152,        14,      1.00,              0.0515,                   0,              0.0147
       152,        15,      1.00,              0.1617,                   0,              0.0294
       152,        16,      1.00,              0.0221,                   0,                   0
       152,        17,      1.00,              0.1985,                   0,              0.0074
       152,        19,      1.00,              0.0147,                   0,              0.0074
       152,        21,      1.00,              0.0294,                   0,              0.0074
       152,        22,      1.00,              0.0735,                   0,                   0
       152,        23,      1.00,              0.0882,                   0,              0.0074
       152,        24,      1.00,              0.0662,                   0,              0.0074
       152,        26,      1.00,                   0,                   0,              0.0074
       152,        27,      1.00,              0.0294,                   0,              0.0147
       152,        28,      1.00,              0.1103,                   0,              0.0294
       152,        29,      1.00,              0.0294,                   0,              0.0074
       152,        30,      1.00,              0.0515,                   0,              0.0074
       152,        31,      1.00,              0.0515,                   0,              0.0074
       152,        32,      1.00,              0.0294,                   0,              0.0147
       152,        33,      1.00,              0.0735,                   0,              0.0147
       152,        34,      1.00,              0.0294,                   0,                   0
       152,        35,      1.00,              0.1029,                   0,              0.0147
       152,        36,      1.00,              0.0662,                   0,              0.0147
       152,        37,      1.00,              0.0294,                   0,              0.0147
       152,        38,      1.00,                   0,                   0,              0.0074
       152,        39,      1.00,              0.0294,                   0,              0.0221
       152,        40,      1.00,              0.0588,                   0,              0.0147
       152,        41,      1.00,              0.0882,                   0,              0.0368
       152,        42,      1.00,              0.0368,                   0,              0.0074
       152,        43,      1.00,              0.0294,                   0,              0.0074
       152,        44,      1.00,              0.0441,                   0,              0.0294
       152,        45,      1.00,              0.0588,                   0,              0.0735
       152,        46,      1.00,              0.1029,                   0,              0.0515
       152,        47,      1.00,              0.0147,                   0,              0.0074
       152,        48,      1.00,                   0,                   0,              0.0074
       152,        49,      1.00,              0.0588,                   0,              0.0221
       152,        50,      1.00,                   0,                   0,              0.0368
       152,        52,      1.00,              0.0809,                   0,              0.0221
       152,        54,      1.00,              0.1029,                   0,              0.0074
       152,        55,      1.00,              0.1103,                   0,              0.0221
       152,        56,      1.00,              0.0074,                   0,              0.0294
       152,        58,      1.00,              0.1103,                   0,              0.0294
       152,        59,      1.00,              0.0515,                   0,              0.0147
       152,        60,      1.00,              0.0294,                   0,              0.0147
       152,        61,      1.00,              0.0588,                   0,              0.0221
       152,        62,      1.00,              0.0294,                   0,              0.0147
       152,        63,      1.00,                   0,                   0,              0.0221
       152,        64,      1.00,              0.0588,                   0,              0.0294
       152,        65,      1.00,              0.1544,                   0,              0.0147
       152,        66,      1.00,              0.1323,                   0,              0.0147
       152,        67,      1.00,              0.0735,                   0,              0.0368
       152,        68,      1.00,              0.0147,                   0,              0.0147
       152,        69,      1.00,              0.0074,                   0,              0.0221
       152,        70,      1.00,              0.0368,                   0,              0.0074
       152,        71,      1.00,              0.0294,                   0,              0.0147
       152,        72,      1.00,                   0,                   0,              0.0074
       152,        73,      1.00,              0.0074,                   0,              0.0221
       152,        74,      1.00,              0.0074,                   0,              0.0074
       152,        75,      1.00,              0.0368,                   0,              0.0588
       152,        76,      1.00,              0.1176,                   0,              0.0368
       152,        77,      1.00,              0.0294,                   0,              0.0294
       152,        79,      1.00,              0.0735,                   0,              0.0221
       152,        80,      1.00,              0.2058,                   0,              0.0221
       152,        81,      1.00,              0.2867,                   0,              0.0221
       152,        82,      1.00,              0.0294,                   0,              0.0147
       152,        83,      1.00,              0.1544,                   0,              0.0735
       152,        84,      1.00,              0.3161,                   0,              0.1029
       152,        85,      1.00,              0.1029,                   0,              0.0735
       152,        86,      1.00,              0.1985,                   0,              0.0588
       152,        87,      1.00,              0.0074,                   0,              0.0074
       152,        88,      1.00,              0.0441,                   0,              0.0074
       152,        89,      1.00,              0.0441,                   0,              0.0074
       152,        90,      1.00,              0.1544,                   0,              0.0441
       152,        91,      1.00,              0.0368,                   0,              0.0368
       152,        92,      1.00,              0.4852,                   0,              0.1176
       152,        93,      1.00,              0.0882,                   0,              0.0294
       152,        94,      1.00,              0.0147,                   0,              0.0515
       152,        95,      1.00,              0.6616,                   0,              0.1323
       152,        96,      1.00,              0.0294,                   0,              0.0294
       152,        97,      1.00,              0.0221,                   0,              0.0074
       152,        98,      1.00,              0.0662,                   0,              0.0074
       152,        99,      1.00,              0.1029,                   0,                   0
       152,       100,      1.00,              0.4778,                   0,              0.0221
       152,       101,      1.00,              0.0735,                   0,              0.0368
       152,       102,      1.00,              0.2058,                   0,              0.0147
       152,       103,      1.00,              0.3382,                   0,              0.0588
       152,       104,      1.00,              0.1470,                   0,              0.0515
       152,       105,      1.00,              0.0588,                   0,              0.0368
       152,       106,      1.00,              0.1764,                   0,              0.0441
       152,       107,      1.00,              0.2058,                   0,              0.0294
       152,       108,      1.00,              0.0588,                   0,              0.0147
       152,       109,      1.00,              0.1029,                   0,              0.0221
       152,       110,      1.00,              0.1029,                   0,              0.0074
       152,       111,      1.00,              0.0294,                   0,              0.0074
       152,       112,      1.00,              0.1176,                   0,              0.0221
       152,       114,      1.00,              0.4778,                   0,              0.0221
       152,       115,      1.00,                   0,                   0,              0.0368
       152,       116,      1.00,              0.0074,                   0,              0.0294
       152,       117,      1.00,              0.2279,                   0,              0.0662
       152,       118,      1.00,              0.8087,                   0,              0.0809
       152,       119,      1.00,              0.7719,                   0,              0.1691
       152,       120,      1.00,              0.3088,                   0,              0.0662
       152,       121,      1.00,              1.0292,                   0,              0.1397
       152,       122,      1.00,              0.4999,                   0,              0.0882
       152,       123,      1.00,              0.7498,                   0,              0.0735
       152,       124,      1.00,              0.4705,                   0,              0.1176
       152,       125,      1.00,              0.6322,                   0,              0.0441
       152,       126,      1.00,              2.1613,                   0,              0.2499
       152,       127,      1.00,              2.4627,                   0,              0.3014
       152,       128,      1.00,              1.7055,                   0,              0.1323
       152,       129,      1.00,              0.3235,                   0,              0.0441
       152,       130,      1.00,              0.3896,                   0,              0.0368
       152,       131,      1.00,              0.1985,                   0,              0.0515
       152,       132,      1.00,              0.5440,                   0,              0.0441
       152,       133,      1.00,              0.1323,                   0,              0.0294
       152,       134,      1.00,              0.3308,                   0,              0.0368
       152,       135,      1.00,              0.5293,                   0,              0.0515
       152,       136,      1.00,              1.4262,                   0,              0.0662
       152,       137,      1.00,              0.6102,                   0,              0.0368
       152,       138,      1.00,              0.4999,                   0,              0.0882
       152,       139,      1.00,              0.1691,                   0,              0.0221
       152,       140,      1.00,              1.5217,                   0,              0.1985
       152,       141,      1.00,              3.0803,                   0,              0.2647
       152,       142,      1.00,              3.1538,                   0,              0.2352
       152,       143,      1.00,              2.2348,                   0,              0.3088
       152,       144,      1.00,              0.5220,                   0,              0.0515
       152,       145,      1.00,              1.2350,                   0,              0.1397
       152,       146,      1.00,              1.9114,                   0,              0.3382
       152,       147,      1.00,              2.5436,                   0,              0.1323
       152,       148,      1.00,              8.3439,                   0,              0.2720
       152,       149,      1.00,              5.4327,                   0,              0.1617
       152,       150,      1.00,              6.3811,                   0,              0.5661
       152,       151,      1.00,              6.3516,                   0,              0.6910
       152,       152,      1.00,              2.4554,                   0,              0.1397
       152,       153,      1.00,              5.4548,                   0,              0.1691
       152,       154,      1.00,             11.1963,                   0,              0.5293
       152,       155,      1.00,              8.0572,                   0,              0.4631
       152,       156,      1.00,              3.6537,                   0,              0.0735
       152,       157,      1.00,              0.6249,                   0,              0.0294
       152,       158,      1.00,                   0,                   0,              0.0221
       152,       159,      1.00,              0.0074,                   0,              0.0147
       152,       160,      1.00,              0.8307,                   0,              0.0956
       152,       161,      1.00,              2.3451,                   0,              0.1544
       152,       162,      1.00,              1.9408,                   0,              0.1838
       152,       163,      1.00,              0.0956,                   0,              0.0074
       152,       164,      1.00,              1.9187,                   0,              0.2647
       152,       165,      1.00,              7.6308,                   0,              0.2720
       152,       166,      1.00,              9.5789,                   0,              0.4484
       152,       167,      1.00,              5.3886,                   0,              0.1985
       152,       168,      1.00,              4.1242,                   0,              0.1397
       152,       169,      1.00,              1.7570,                   0,              0.0662
       152,       170,      1.00,              2.4995,                   0,              0.1397
       152,       172,      1.00,              5.9253,                   0,              0.1617
       152,       173,      1.00,              0.4190,                   0,              0.0074
       152,       174,      1.00,              1.6394,                   0,              0.0809
       152,       175,      1.00,              2.3745,                   0,              0.1103
       152,       176,      1.00,              0.2058,                   0,              0.0074
       152,       177,      1.00,              3.3596,                   0,              0.1617
       152,       178,      1.00,             14.1442,                   0,              0.2794
       152,       179,      1.00,              5.7929,                   0,              0.3382
       152,       180,      1.00,              0.5440,                   0,              0.0441
       152,       181,      1.00,              2.1834,                   0,              0.1470
       152,       182,      1.00,              5.3666,                   0,              0.2720
       152,       183,      1.00,              1.4556,                   0,              0.0515
       152,       184,      1.00,              1.9334,                   0,              0.0956
       152,       185,      1.00,              2.5877,                   0,              0.0588
       152,       186,      1.00,              0.6249,                   0,              0.0221
       152,       187,      1.00,              0.1103,                   0,              0.0147
       152,       188,      1.00,              2.9626,                   0,              0.1029
       152,       189,      1.00,              0.4190,                   0,              0.0221
       152,       190,      1.00,              0.2279,                   0,              0.0515
       152,       191,      1.00,                   0,                   0,              0.0074
       152,       192,      1.00,              0.4852,                   0,              0.0441
       152,       193,      1.00,              0.0809,                   0,              0.0074
       152,       194,      1.00,                   0,                   0,              0.0074
       152,       195,      1.00,              0.8307,                   0,              0.0294
       152,       196,      1.00,              0.8895,                   0,              0.0294
       152,       197,      1.00,              0.3088,                   0,              0.0074
       152,       198,      1.00,              0.1029,                   0,              0.0147
       152,       199,      1.00,              0.0221,                   0,                   0
       152,       200,      1.00,                   0,                   0,              0.0147
       152,       201,      1.00,              0.1323,                   0,              0.0221
       152,       202,      1.00,              0.0809,                   0,              0.0074
       152,       203,      1.00,                   0,                   0,              0.0074
       152,       204,      1.00,                   0,                   0,              0.0147
       152,       205,      1.00,                   0,                   0,              0.0074
       152,       206,      1.00,              0.1029,                   0,                   0
       152,       207,      1.00,              0.9263,                   0,              0.0147
       152,       208,      1.00,              0.0809,                   0,              0.0147
       152,       209,      1.00,              0.1176,                   0,              0.0588
       152,       210,      1.00,              0.0441,                   0,              0.0294
       152,       211,      1.00,              0.4337,                   0,              0.0515
       152,       212,      1.00,              0.0735,                   0,              0.1323
       152,       213,      1.00,              0.2720,                   0,              0.0515
       152,       214,      1.00,              0.1176,                   0,              0.0074
       152,       219,      1.00,                   0,                   0,              0.0074
       152,       224,      1.00,                   0,                   0,              0.0147
       152,       226,      1.00,                   0,                   0,              0.0147
       152,       227,      1.00,                   0,                   0,              0.0074
       152,       228,      1.00,                   0,                   0,              0.0074
       153,         1,      1.00,              0.0294,                   0,                   0
       153,         2,      1.00,                   0,                   0,              0.0074
       153,         3,      1.00,              0.0074,                   0,                   0
       153,         4,      1.00,              0.0294,                   0,                   0
       153,         5,      1.00,              0.0368,                   0,              0.0074
       153,         6,      1.00,              0.0809,                   0,              0.0074
       153,         7,      1.00,              0.1250,                   0,              0.0074
       153,         8,      1.00,              0.1176,                   0,              0.0147
       153,         9,      1.00,              0.1103,                   0,              0.0074
       153,        11,      1.00,              0.0074,                   0,              0.0074
       153,        12,      1.00,              0.0662,                   0,              0.0147
       153,        13,      1.00,              0.0515,                   0,              0.0147
       153,        14,      1.00,              0.1323,                   0,              0.0147
       153,        15,      1.00,              0.2205,                   0,              0.0221
       153,        17,      1.00,              0.0515,                   0,              0.0074
       153,        18,      1.00,              0.0221,                   0,                   0
       153,        19,      1.00,              0.0368,                   0,              0.0074
       153,        21,      1.00,              0.0294,                   0,              0.0074
       153,        22,      1.00,              0.0368,                   0,                   0
       153,        23,      1.00,              0.0662,                   0,              0.0074
       153,        24,      1.00,              0.0294,                   0,              0.0074
       153,        26,      1.00,              0.0515,                   0,                   0
       153,        27,      1.00,              0.0147,                   0,              0.0074
       153,        28,      1.00,              0.0294,                   0,              0.0221
       153,        29,      1.00,              0.1103,                   0,              0.0074
       153,        30,      1.00,              0.0294,                   0,              0.0074
       153,        31,      1.00,                   0,                   0,              0.0074
       153,        32,      1.00,              0.0515,                   0,              0.0074
       153,        33,      1.00,              0.0515,                   0,              0.0147
       153,        35,      1.00,              0.0147,                   0,              0.0147
       153,        36,      1.00,              0.0515,                   0,              0.0147
       153,        37,      1.00,              0.0074,                   0,              0.0074
       153,        38,      1.00,              0.0368,                   0,              0.0074
       153,        39,      1.00,              0.1397,                   0,              0.0147
       153,        40,      1.00,              0.0074,                   0,              0.0147
       153,        41,      1.00,              0.0809,                   0,              0.0294
       153,        42,      1.00,              0.0294,                   0,                   0
       153,        43,      1.00,              0.0956,                   0,              0.0074
       153,        44,      1.00,              0.0074,                   0,              0.0221
       153,        45,      1.00,              0.1764,                   0,              0.0515
       153,        46,      1.00,              0.0735,                   0,              0.0368
       153,        47,      1.00,              0.0221,                   0,              0.0074
       153,        48,      1.00,                   0,                   0,              0.0074
       153,        49,      1.00,              0.0294,                   0,              0.0147
       153,        50,      1.00,                   0,                   0,              0.0441
       153,        52,      1.00,              0.0074,                   0,              0.0147
       153,        54,      1.00,              0.0147,                   0,                   0
       153,        55,      1.00,              0.1691,                   0,              0.0221
       153,        56,      1.00,              0.0662,                   0,              0.0221
       153,        58,      1.00,              0.1617,                   0,              0.0221
       153,        59,      1.00,                   0,                   0,              0.0147
       153,        60,      1.00,              0.0294,                   0,              0.0074
       153,        61,      1.00,              0.0294,                   0,              0.0147
       153,        62,      1.00,                   0,                   0,              0.0074
       153,        63,      1.00,                   0,                   0,              0.0147
       153,        64,      1.00,              0.0588,                   0,              0.0221
       153,        65,      1.00,              0.1323,                   0,              0.0147
       153,        66,      1.00,              0.0147,                   0,              0.0074
       153,        67,      1.00,              0.0956,                   0,              0.0294
       153,        68,      1.00,              0.0221,                   0,              0.0074
       153,        69,      1.00,              0.0074,                   0,              0.0221
       153,        71,      1.00,              0.0294,                   0,              0.0147
       153,        72,      1.00,                   0,                   0,              0.0074
       153,        73,      1.00,              0.0074,                   0,              0.0147
       153,        74,      1.00,                   0,                   0,              0.0074
       153,        75,      1.00,              0.0662,                   0,              0.0441
       153,        76,      1.00,              0.0809,                   0,              0.0294
       153,        77,      1.00,              0.0515,                   0,              0.0221
       153,        79,      1.00,              0.2132,                   0,              0.0221
       153,        80,      1.00,              0.1103,                   0,              0.0147
       153,        81,      1.00,              0.2647,                   0,              0.0147
       153,        82,      1.00,              0.0074,                   0,              0.0074
       153,        83,      1.00,              0.1323,                   0,              0.0588
       153,        84,      1.00,              0.2941,                   0,              0.0809
       153,        85,      1.00,              0.4190,                   0,              0.0588
       153,        86,      1.00,              0.1838,                   0,              0.0441
       153,        87,      1.00,              0.0074,                   0,              0.0074
       153,        88,      1.00,              0.0441,                   0,              0.0074
       153,        89,      1.00,              0.0809,                   0,              0.0074
       153,        90,      1.00,              0.1029,                   0,              0.0368
       153,        91,      1.00,              0.1617,                   0,              0.0294
       153,        92,      1.00,              0.6616,                   0,              0.1029
       153,        93,      1.00,              0.1691,                   0,              0.0221
       153,        94,      1.00,              0.0882,                   0,              0.0368
       153,        95,      1.00,              0.7646,                   0,              0.1103
       153,        96,      1.00,              0.0294,                   0,              0.0221
       153,        97,      1.00,              0.0147,                   0,              0.0074
       153,        98,      1.00,              0.1176,                   0,              0.0074
       153,       100,      1.00,              0.4190,                   0,              0.0147
       153,       101,      1.00,              0.1323,                   0,              0.0221
       153,       102,      1.00,                   0,                   0,              0.0147
       153,       103,      1.00,              0.2720,                   0,              0.0515
       153,       104,      1.00,              0.1764,                   0,              0.0368
       153,       105,      1.00,              0.2499,                   0,              0.0294
       153,       106,      1.00,              0.1691,                   0,              0.0368
       153,       107,      1.00,              0.2058,                   0,              0.0221
       153,       108,      1.00,              0.0294,                   0,              0.0074
       153,       109,      1.00,              0.0956,                   0,              0.0221
       153,       110,      1.00,                   0,                   0,              0.0074
       153,       111,      1.00,              0.0662,                   0,              0.0074
       153,       112,      1.00,              0.0515,                   0,              0.0221
       153,       114,      1.00,                   0,                   0,              0.0294
       153,       115,      1.00,                   0,                   0,              0.0221
       153,       116,      1.00,              0.0662,                   0,              0.0294
       153,       117,      1.00,              1.1542,                   0,              0.0515
       153,       118,      1.00,              1.0366,                   0,              0.0735
       153,       119,      1.00,              0.9410,                   0,              0.1250
       153,       120,      1.00,              0.2720,                   0,              0.0515
       153,       121,      1.00,              0.8160,                   0,              0.1029
       153,       122,      1.00,              0.5220,                   0,              0.0735
       153,       123,      1.00,              0.4484,                   0,              0.0662
       153,       124,      1.00,              0.4925,                   0,              0.0956
       153,       125,      1.00,              0.0147,                   0,              0.0294
       153,       126,      1.00,              1.6394,                   0,              0.2058
       153,       127,      1.00,              2.4848,                   0,              0.2499
       153,       128,      1.00,              1.2718,                   0,              0.1176
       153,       129,      1.00,              0.3749,                   0,              0.0368
       153,       130,      1.00,              0.4190,                   0,              0.0294
       153,       131,      1.00,              0.3308,                   0,              0.0441
       153,       132,      1.00,              0.6249,                   0,              0.0368
       153,       133,      1.00,              0.1029,                   0,              0.0294
       153,       134,      1.00,              0.3088,                   0,              0.0294
       153,       135,      1.00,              1.3527,                   0,              0.0441
       153,       136,      1.00,              1.2203,                   0,              0.0515
       153,       137,      1.00,              0.5146,                   0,              0.0294
       153,       138,      1.00,              0.7057,                   0,              0.0735
       153,       139,      1.00,              0.1470,                   0,              0.0221
       153,       140,      1.00,              1.4850,                   0,              0.1691
       153,       141,      1.00,              2.9847,                   0,              0.2352
       153,       142,      1.00,              2.6833,                   0,              0.2132
       153,       143,      1.00,              2.7053,                   0,              0.2352
       153,       144,      1.00,              0.4484,                   0,              0.0441
       153,       145,      1.00,              1.2056,                   0,              0.1103
       153,       146,      1.00,              2.3378,                   0,              0.2720
       153,       147,      1.00,              2.3745,                   0,              0.1103
       153,       148,      1.00,              5.7856,                   0,              0.2426
       153,       149,      1.00,              4.7123,                   0,              0.1397
       153,       150,      1.00,              5.3592,                   0,              0.3308
       153,       151,      1.00,              7.9102,                   0,              0.5072
       153,       152,      1.00,              2.1246,                   0,              0.1691
       153,       153,      1.00,              5.4474,                   0,              0.1470
       153,       154,      1.00,             12.5122,                   0,              0.4852
       153,       155,      1.00,              8.8291,                   0,              0.4631
       153,       156,      1.00,              3.7566,                   0,              0.0809
       153,       157,      1.00,              0.6249,                   0,              0.0221
       153,       158,      1.00,                   0,                   0,              0.0221
       153,       159,      1.00,              0.0074,                   0,              0.0147
       153,       160,      1.00,              0.9483,                   0,              0.0809
       153,       161,      1.00,              2.6906,                   0,              0.1544
       153,       162,      1.00,              2.1246,                   0,              0.1691
       153,       163,      1.00,              0.0956,                   0,              0.0074
       153,       164,      1.00,              2.6098,                   0,              0.2352
       153,       165,      1.00,              8.9173,                   0,              0.2720
       153,       166,      1.00,              9.1893,                   0,              0.5367
       153,       167,      1.00,              5.0798,                   0,              0.1544
       153,       168,      1.00,              3.7786,                   0,              0.1103
       153,       169,      1.00,              2.4113,                   0,              0.0588
       153,       170,      1.00,              2.9626,                   0,              0.1103
       153,       172,      1.00,              5.0357,                   0,              0.1544
       153,       173,      1.00,              0.3382,                   0,              0.0074
       153,       174,      1.00,              2.4995,                   0,              0.0882
       153,       175,      1.00,              1.2792,                   0,              0.1029
       153,       176,      1.00,              0.2867,                   0,              0.0074
       153,       177,      1.00,              6.3590,                   0,              0.2132
       153,       178,      1.00,             20.8266,                   0,              0.3235
       153,       179,      1.00,             10.4244,                   0,              0.4117
       153,       180,      1.00,              1.1174,                   0,              0.0441
       153,       181,      1.00,              3.5949,                   0,              0.1838
       153,       182,      1.00,              8.9247,                   0,              0.3455
       153,       183,      1.00,              1.4629,                   0,              0.0662
       153,       184,      1.00,              1.3159,                   0,              0.1470
       153,       185,      1.00,              1.9702,                   0,              0.0735
       153,       186,      1.00,              0.0074,                   0,              0.0294
       153,       187,      1.00,              0.3970,                   0,              0.0147
       153,       188,      1.00,              1.2571,                   0,              0.1250
       153,       189,      1.00,              0.7278,                   0,              0.0368
       153,       190,      1.00,              0.4264,                   0,              0.0515
       153,       191,      1.00,              0.1691,                   0,              0.0074
       153,       192,      1.00,              0.5881,                   0,              0.0588
       153,       193,      1.00,              0.0956,                   0,              0.0074
       153,       194,      1.00,                   0,                   0,              0.0074
       153,       195,      1.00,              1.0366,                   0,              0.0515
       153,       196,      1.00,              0.6837,                   0,              0.0294
       153,       197,      1.00,              0.2058,                   0,              0.0147
       153,       198,      1.00,              0.2058,                   0,              0.0147
       153,       199,      1.00,              0.0441,                   0,                   0
       153,       200,      1.00,                   0,                   0,              0.0147
       153,       201,      1.00,              0.4190,                   0,              0.0147
       153,       202,      1.00,              0.1617,                   0,              0.0074
       153,       203,      1.00,              0.2132,                   0,              0.0074
       153,       204,      1.00,                   0,                   0,              0.0147
       153,       205,      1.00,                   0,                   0,              0.0074
       153,       206,      1.00,              0.1029,                   0,                   0
       153,       207,      1.00,              0.2058,                   0,              0.0147
       153,       208,      1.00,              0.0735,                   0,              0.0147
       153,       209,      1.00,              0.1323,                   0,              0.0441
       153,       210,      1.00,              0.1250,                   0,              0.0221
       153,       211,      1.00,              0.0221,                   0,              0.0441
       153,       212,      1.00,              0.4778,                   0,              0.1250
       153,       213,      1.00,              0.2205,                   0,              0.0368
       153,       214,      1.00,              0.1176,                   0,              0.0074
       153,       219,      1.00,                   0,                   0,              0.0074
       153,       224,      1.00,                   0,                   0,              0.0147
       153,       226,      1.00,                   0,                   0,              0.0147
       153,       227,      1.00,                   0,                   0,              0.0074
       153,       228,      1.00,                   0,                   0,              0.0074
       154,         1,      1.00,              0.1544,                   0,              0.0074
       154,         2,      1.00,              0.1691,                   0,              0.0074
       154,         3,      1.00,              0.0735,                   0,              0.0074
       154,         4,      1.00,              0.0956,                   0,              0.0074
       154,         5,      1.00,              0.0956,                   0,              0.0147
       154,         6,      1.00,              0.3014,                   0,              0.0221
       154,         7,      1.00,              0.3308,                   0,              0.0368
       154,         8,      1.00,              0.5734,                   0,              0.0515
       154,         9,      1.00,              0.6763,                   0,              0.0294
       154,        11,      1.00,              0.1544,                   0,              0.0221
       154,        12,      1.00,              0.3088,                   0,              0.0441
       154,        13,      1.00,              0.6396,                   0,              0.0441
       154,        14,      1.00,              0.5514,                   0,              0.0294
       154,        15,      1.00,              1.2277,                   0,              0.0735
       154,        16,      1.00,              0.0221,                   0,              0.0074
       154,        17,      1.00,              0.2499,                   0,              0.0147
       154,        18,      1.00,              0.2205,                   0,              0.0074
       154,        19,      1.00,              0.2205,                   0,              0.0147
       154,        20,      1.00,              0.0441,                   0,              0.0074
       154,        21,      1.00,              0.0809,                   0,              0.0147
       154,        22,      1.00,              0.1176,                   0,              0.0074
       154,        23,      1.00,              0.2647,                   0,              0.0221
       154,        24,      1.00,              0.1176,                   0,              0.0147
       154,        25,      1.00,              0.0294,                   0,                   0
       154,        26,      1.00,              0.1176,                   0,              0.0074
       154,        27,      1.00,              0.1985,                   0,              0.0221
       154,        28,      1.00,              0.4631,                   0,              0.0662
       154,        29,      1.00,              0.1470,                   0,              0.0074
       154,        30,      1.00,              0.1838,                   0,              0.0221
       154,        31,      1.00,              0.1985,                   0,              0.0294
       154,        32,      1.00,              0.2279,                   0,              0.0368
       154,        33,      1.00,              0.2205,                   0,              0.0588
       154,        34,      1.00,                   0,                   0,              0.0074
       154,        35,      1.00,              0.4264,                   0,              0.0368
       154,        36,      1.00,              0.3602,                   0,              0.0441
       154,        37,      1.00,              0.1103,                   0,              0.0221
       154,        38,      1.00,              0.1250,                   0,              0.0221
       154,        39,      1.00,              0.2499,                   0,              0.0588
       154,        40,      1.00,              0.1103,                   0,              0.0368
       154,        41,      1.00,              0.4411,                   0,              0.0882
       154,        42,      1.00,              0.0515,                   0,              0.0147
       154,        43,      1.00,              0.1397,                   0,              0.0368
       154,        44,      1.00,              0.1985,                   0,              0.1176
       154,        45,      1.00,              0.7204,                   0,              0.1691
       154,        46,      1.00,              0.4484,                   0,              0.1911
       154,        47,      1.00,              0.1323,                   0,              0.0368
       154,        48,      1.00,              0.0074,                   0,              0.0074
       154,        49,      1.00,              0.1470,                   0,              0.0662
       154,        50,      1.00,              0.0515,                   0,              0.0515
       154,        51,      1.00,              0.0074,                   0,                   0
       154,        52,      1.00,              0.3014,                   0,              0.0662
       154,        53,      1.00,                   0,                   0,              0.0074
       154,        54,      1.00,              0.1544,                   0,              0.0074
       154,        55,      1.00,              0.1250,                   0,              0.0735
       154,        56,      1.00,              0.2941,                   0,              0.0809
       154,        57,      1.00,              0.0147,                   0,                   0
       154,        58,      1.00,              0.3161,                   0,              0.1029
       154,        59,      1.00,              0.2720,                   0,              0.0662
       154,        60,      1.00,              0.1691,                   0,              0.0368
       154,        61,      1.00,              0.1470,                   0,              0.0662
       154,        62,      1.00,              0.3308,                   0,              0.0441
       154,        63,      1.00,              0.0368,                   0,              0.0588
       154,        64,      1.00,              0.1544,                   0,              0.0956
       154,        65,      1.00,              0.2352,                   0,              0.0441
       154,        66,      1.00,              0.3014,                   0,              0.0368
       154,        67,      1.00,              0.5661,                   0,              0.1250
       154,        68,      1.00,              0.1691,                   0,              0.0441
       154,        69,      1.00,              0.1691,                   0,              0.0882
       154,        70,      1.00,              0.1103,                   0,              0.0147
       154,        71,      1.00,              0.1691,                   0,              0.0588
       154,        72,      1.00,              0.1544,                   0,              0.0368
       154,        73,      1.00,              0.0221,                   0,              0.0735
       154,        74,      1.00,              0.2058,                   0,              0.0368
       154,        75,      1.00,              0.3896,                   0,              0.1838
       154,        76,      1.00,              0.3014,                   0,              0.1176
       154,        77,      1.00,              0.1103,                   0,              0.0956
       154,        78,      1.00,                   0,                   0,              0.0074
       154,        79,      1.00,              0.5514,                   0,              0.0735
       154,        80,      1.00,              0.7131,                   0,              0.0735
       154,        81,      1.00,              1.4556,                   0,              0.0588
       154,        82,      1.00,              0.1323,                   0,              0.0294
       154,        83,      1.00,              1.0807,                   0,              0.2426
       154,        84,      1.00,              2.4113,                   0,              0.4705
       154,        85,      1.00,              1.1101,                   0,              0.2499
       154,        86,      1.00,              0.7278,                   0,              0.2205
       154,        87,      1.00,              0.3676,                   0,              0.0221
       154,        88,      1.00,              0.1250,                   0,              0.0221
       154,        89,      1.00,              0.4190,                   0,              0.0441
       154,        90,      1.00,              0.9557,                   0,              0.1617
       154,        91,      1.00,              0.6322,                   0,              0.1103
       154,        92,      1.00,              4.7343,                   0,              0.5661
       154,        93,      1.00,              0.5293,                   0,              0.0882
       154,        94,      1.00,              0.4043,                   0,              0.1617
       154,        95,      1.00,              3.6610,                   0,              0.4852
       154,        96,      1.00,              0.1838,                   0,              0.0809
       154,        97,      1.00,              0.1544,                   0,              0.0221
       154,        98,      1.00,              0.2352,                   0,              0.0147
       154,        99,      1.00,                   0,                   0,              0.0147
       154,       100,      1.00,              1.1101,                   0,              0.1323
       154,       101,      1.00,              0.4631,                   0,              0.0809
       154,       102,      1.00,                   0,                   0,              0.0294
       154,       103,      1.00,              1.3453,                   0,              0.2279
       154,       104,      1.00,              0.6690,                   0,              0.1323
       154,       105,      1.00,              0.5146,                   0,              0.1029
       154,       106,      1.00,              0.8601,                   0,              0.1544
       154,       107,      1.00,              0.9116,                   0,              0.1103
       154,       108,      1.00,              0.4043,                   0,              0.0441
       154,       109,      1.00,              0.5514,                   0,              0.0809
       154,       110,      1.00,              0.1617,                   0,              0.0368
       154,       111,      1.00,              0.1250,                   0,              0.0294
       154,       112,      1.00,              0.2573,                   0,              0.0735
       154,       113,      1.00,              0.0221,                   0,                   0
       154,       114,      1.00,              2.2716,                   0,              0.1544
       154,       115,      1.00,                   0,                   0,              0.1103
       154,       116,      1.00,              0.9116,                   0,              0.1617
       154,       117,      1.00,              5.6533,                   0,              0.2205
       154,       118,      1.00,              4.3962,                   0,              0.3749
       154,       119,      1.00,              8.6232,                   0,              1.2130
       154,       120,      1.00,              1.9849,                   0,              0.2058
       154,       121,      1.00,              5.1313,                   0,              0.4484
       154,       122,      1.00,              2.9847,                   0,              0.3235
       154,       123,      1.00,              3.2126,                   0,              0.3382
       154,       124,      1.00,              3.4258,                   0,              0.4337
       154,       125,      1.00,              2.1172,                   0,              0.1764
       154,       126,      1.00,             56.5841,                   0,              2.1246
       154,       127,      1.00,             16.9892,                   0,              1.4262
       154,       128,      1.00,              8.5130,                   0,              0.6690
       154,       129,      1.00,              2.4848,                   0,              0.1691
       154,       130,      1.00,              2.6906,                   0,              0.1470
       154,       131,      1.00,              1.3747,                   0,              0.1764
       154,       132,      1.00,              3.3449,                   0,              0.1764
       154,       133,      1.00,              1.9481,                   0,              0.1470
       154,       134,      1.00,              1.4923,                   0,              0.1544
       154,       135,      1.00,              4.4697,                   0,              0.2352
       154,       136,      1.00,              3.4037,                   0,              0.3455
       154,       137,      1.00,              1.9849,                   0,              0.1764
       154,       138,      1.00,              7.0206,                   0,              0.3896
       154,       139,      1.00,              0.7793,                   0,              0.0882
       154,       140,      1.00,              8.3733,                   0,              0.8234
       154,       141,      1.00,             26.8769,                   0,              1.8158
       154,       142,      1.00,             90.0699,                   0,              3.8448
       154,       143,      1.00,             15.1807,                   0,              1.1027
       154,       144,      1.00,              3.7860,                   0,              0.2058
       154,       145,      1.00,              6.6310,                   0,              0.5367
       154,       146,      1.00,             13.5120,                   0,              1.3086
       154,       147,      1.00,              6.8148,                   0,              0.4925
       154,       148,      1.00,             29.4793,                   0,              1.2644
       154,       149,      1.00,             14.2618,                   0,              0.6396
       154,       150,      1.00,             34.4856,                   0,              1.3380
       154,       151,      1.00,             20.3047,                   0,              4.1095
       154,       152,      1.00,              5.5430,                   0,              0.5293
       154,       153,      1.00,              8.1381,                   0,              0.4852
       154,       154,      1.00,            321.5449,                   0,              7.5058
       154,       155,      1.00,             55.8048,                   0,              3.4625
       154,       156,      1.00,              6.0943,                   0,              0.2352
       154,       157,      1.00,              1.4262,                   0,              0.0882
       154,       158,      1.00,                   0,                   0,              0.1029
       154,       159,      1.00,              0.2352,                   0,              0.0662
       154,       160,      1.00,              4.1756,                   0,              0.3676
       154,       161,      1.00,             16.4305,                   0,              0.7793
       154,       162,      1.00,              6.3369,                   0,              0.7498
       154,       163,      1.00,              0.3014,                   0,              0.0368
       154,       164,      1.00,              5.7415,                   0,              0.8528
       154,       165,      1.00,             18.8344,                   0,              0.8160
       154,       166,      1.00,             28.2810,                   0,              0.9630
       154,       167,      1.00,             13.0194,                   0,              0.5661
       154,       168,      1.00,             11.4094,                   0,              0.4337
       154,       169,      1.00,              5.0063,                   0,              0.2352
       154,       170,      1.00,              7.2853,                   0,              0.3676
       154,       171,      1.00,              0.2941,                   0,              0.0074
       154,       172,      1.00,             10.4538,                   0,              0.4337
       154,       173,      1.00,              0.6175,                   0,              0.0221
       154,       174,      1.00,              4.4844,                   0,              0.2279
       154,       175,      1.00,              7.1015,                   0,              0.3308
       154,       176,      1.00,              0.3896,                   0,              0.0147
       154,       177,      1.00,              7.4103,                   0,              0.3308
       154,       178,      1.00,             20.3341,                   0,              0.7646
       154,       179,      1.00,             16.7760,                   0,              0.9924
       154,       180,      1.00,              1.3894,                   0,              0.1176
       154,       181,      1.00,              5.2930,                   0,              0.3749
       154,       182,      1.00,             15.5189,                   0,              0.8969
       154,       183,      1.00,              4.7343,                   0,              0.1397
       154,       184,      1.00,              3.7419,                   0,              0.2205
       154,       185,      1.00,              4.2785,                   0,              0.1544
       154,       186,      1.00,              2.0805,                   0,              0.0662
       154,       187,      1.00,              1.2424,                   0,              0.0515
       154,       188,      1.00,              6.3222,                   0,              0.3161
       154,       189,      1.00,              0.9410,                   0,              0.0515
       154,       190,      1.00,              1.1836,                   0,              0.1397
       154,       191,      1.00,              0.7351,                   0,              0.0147
       154,       192,      1.00,              2.8009,                   0,              0.1764
       154,       193,      1.00,              0.4484,                   0,              0.0294
       154,       194,      1.00,              0.3161,                   0,              0.0294
       154,       195,      1.00,              3.2714,                   0,              0.1323
       154,       196,      1.00,              1.5144,                   0,              0.1250
       154,       197,      1.00,                   0,                   0,              0.0294
       154,       198,      1.00,              1.1321,                   0,              0.0588
       154,       199,      1.00,              0.1250,                   0,              0.0147
       154,       200,      1.00,              0.2132,                   0,              0.0588
       154,       201,      1.00,              1.0954,                   0,              0.0809
       154,       202,      1.00,              0.4558,                   0,              0.0368
       154,       203,      1.00,              0.2205,                   0,              0.0368
       154,       204,      1.00,              0.0074,                   0,              0.0588
       154,       205,      1.00,              0.2058,                   0,              0.0294
       154,       206,      1.00,                   0,                   0,              0.0147
       154,       207,      1.00,              0.7278,                   0,              0.0735
       154,       208,      1.00,              0.3088,                   0,              0.0588
       154,       209,      1.00,              0.4264,                   0,              0.2058
       154,       210,      1.00,              0.3823,                   0,              0.1176
       154,       211,      1.00,              1.1615,                   0,              0.2205
       154,       212,      1.00,              1.8893,                   0,              0.5220
       154,       213,      1.00,              1.0071,                   0,              0.2279
       154,       214,      1.00,              0.3602,                   0,              0.0441
       154,       218,      1.00,                   0,                   0,              0.0147
       154,       219,      1.00,                   0,                   0,              0.0147
       154,       224,      1.00,                   0,                   0,              0.0441
       154,       226,      1.00,                   0,                   0,              0.0368
       154,       227,      1.00,                   0,                   0,              0.0294
       154,       228,      1.00,                   0,                   0,              0.0294
       154,       229,      1.00,                   0,                   0,              0.0074
       155,         1,      1.00,              0.0441,                   0,                   0
       155,         2,      1.00,              0.0588,                   0,              0.0074
       155,         3,      1.00,              0.0074,                   0,                   0
       155,         4,      1.00,              0.0515,                   0,              0.0074
       155,         5,      1.00,              0.0294,                   0,              0.0074
       155,         6,      1.00,              0.1617,                   0,              0.0147
       155,         7,      1.00,              0.3602,                   0,              0.0221
       155,         8,      1.00,              0.3602,                   0,              0.0368
       155,         9,      1.00,              0.1691,                   0,              0.0147
       155,        10,      1.00,              0.0221,                   0,                   0
       155,        11,      1.00,              0.0809,                   0,              0.0147
       155,        12,      1.00,              0.1617,                   0,              0.0221
       155,        13,      1.00,              0.2132,                   0,              0.0221
       155,        14,      1.00,              0.3088,                   0,              0.0368
       155,        15,      1.00,              0.4558,                   0,              0.0809
       155,        16,      1.00,              0.0221,                   0,                   0
       155,        17,      1.00,              0.0588,                   0,              0.0074
       155,        18,      1.00,              0.0662,                   0,              0.0074
       155,        19,      1.00,              0.1397,                   0,              0.0074
       155,        20,      1.00,              0.0221,                   0,                   0
       155,        21,      1.00,              0.1029,                   0,              0.0147
       155,        22,      1.00,              0.1544,                   0,              0.0074
       155,        23,      1.00,              0.1617,                   0,              0.0147
       155,        24,      1.00,              0.0809,                   0,              0.0147
       155,        25,      1.00,              0.0147,                   0,                   0
       155,        26,      1.00,              0.0441,                   0,              0.0147
       155,        27,      1.00,              0.2499,                   0,              0.0221
       155,        28,      1.00,              0.2573,                   0,              0.0662
       155,        29,      1.00,              0.0294,                   0,              0.0147
       155,        30,      1.00,              0.0882,                   0,              0.0368
       155,        31,      1.00,              0.0588,                   0,              0.0515
       155,        32,      1.00,              0.0735,                   0,              0.0662
       155,        33,      1.00,              0.1691,                   0,              0.0882
       155,        34,      1.00,              0.0662,                   0,              0.0147
       155,        35,      1.00,              0.3896,                   0,              0.0221
       155,        36,      1.00,              0.2647,                   0,              0.0368
       155,        37,      1.00,              0.1250,                   0,              0.0221
       155,        38,      1.00,              0.0441,                   0,              0.0147
       155,        39,      1.00,              0.1470,                   0,              0.0515
       155,        40,      1.00,              0.1323,                   0,              0.0294
       155,        41,      1.00,              0.1103,                   0,              0.0882
       155,        42,      1.00,              0.0515,                   0,              0.0074
       155,        43,      1.00,              0.0074,                   0,              0.0588
       155,        44,      1.00,              0.2058,                   0,              0.1397
       155,        45,      1.00,              0.4264,                   0,              0.2426
       155,        46,      1.00,              0.3455,                   0,              0.2132
       155,        47,      1.00,              0.0956,                   0,              0.0515
       155,        48,      1.00,                   0,                   0,              0.0221
       155,        49,      1.00,              0.1029,                   0,              0.0588
       155,        50,      1.00,              0.0074,                   0,              0.1176
       155,        51,      1.00,              0.0074,                   0,                   0
       155,        52,      1.00,              0.2573,                   0,              0.0515
       155,        53,      1.00,                   0,                   0,              0.0074
       155,        54,      1.00,              0.0368,                   0,              0.0074
       155,        55,      1.00,              0.3014,                   0,              0.0515
       155,        56,      1.00,              0.2279,                   0,              0.0882
       155,        57,      1.00,              0.0074,                   0,                   0
       155,        58,      1.00,              0.1764,                   0,              0.0809
       155,        59,      1.00,              0.1103,                   0,              0.0588
       155,        60,      1.00,              0.2205,                   0,              0.0294
       155,        61,      1.00,              0.2426,                   0,              0.0809
       155,        62,      1.00,              0.0882,                   0,              0.0588
       155,        63,      1.00,              0.0882,                   0,              0.0588
       155,        64,      1.00,              0.0147,                   0,              0.0735
       155,        65,      1.00,              0.3235,                   0,              0.0368
       155,        66,      1.00,              0.1691,                   0,              0.0221
       155,        67,      1.00,              0.4190,                   0,              0.1250
       155,        68,      1.00,              0.1397,                   0,              0.0441
       155,        69,      1.00,              0.0882,                   0,              0.1103
       155,        70,      1.00,              0.0294,                   0,              0.0147
       155,        71,      1.00,              0.0588,                   0,              0.0515
       155,        72,      1.00,              0.0662,                   0,              0.0441
       155,        73,      1.00,              0.1029,                   0,              0.0588
       155,        74,      1.00,              0.1176,                   0,              0.0368
       155,        75,      1.00,              0.3823,                   0,              0.1985
       155,        76,      1.00,              0.2499,                   0,              0.1250
       155,        77,      1.00,              0.1103,                   0,              0.0882
       155,        78,      1.00,                   0,                   0,              0.0074
       155,        79,      1.00,              0.3529,                   0,              0.0809
       155,        80,      1.00,              0.4558,                   0,              0.0882
       155,        81,      1.00,              1.0513,                   0,              0.0735
       155,        82,      1.00,              0.1029,                   0,              0.0515
       155,        83,      1.00,              0.3235,                   0,              0.2499
       155,        84,      1.00,              0.8454,                   0,              0.3896
       155,        85,      1.00,              1.0366,                   0,              0.2867
       155,        86,      1.00,              0.4852,                   0,              0.2647
       155,        87,      1.00,              0.1691,                   0,              0.0294
       155,        88,      1.00,              0.1691,                   0,              0.0368
       155,        89,      1.00,              0.3749,                   0,              0.0662
       155,        90,      1.00,              0.5955,                   0,              0.1617
       155,        91,      1.00,              0.2426,                   0,              0.1323
       155,        92,      1.00,              2.1540,                   0,              0.4190
       155,        93,      1.00,              0.3749,                   0,              0.0882
       155,        94,      1.00,              0.2794,                   0,              0.1544
       155,        95,      1.00,              2.6833,                   0,              0.4117
       155,        96,      1.00,              0.1250,                   0,              0.0809
       155,        97,      1.00,              0.0441,                   0,              0.0294
       155,        98,      1.00,              0.4337,                   0,              0.0515
       155,        99,      1.00,              0.4117,                   0,              0.0221
       155,       100,      1.00,              1.0513,                   0,              0.2426
       155,       101,      1.00,              0.3308,                   0,              0.1397
       155,       102,      1.00,              0.4778,                   0,              0.0662
       155,       103,      1.00,              0.8822,                   0,              0.1838
       155,       104,      1.00,              0.5514,                   0,              0.1397
       155,       105,      1.00,              0.4264,                   0,              0.0956
       155,       106,      1.00,              0.6249,                   0,              0.1176
       155,       107,      1.00,              0.5072,                   0,              0.0882
       155,       108,      1.00,              0.1838,                   0,              0.0515
       155,       109,      1.00,              0.4484,                   0,              0.0588
       155,       110,      1.00,              0.1985,                   0,              0.0294
       155,       111,      1.00,              0.1250,                   0,              0.0221
       155,       112,      1.00,              0.1176,                   0,              0.0662
       155,       114,      1.00,              1.7202,                   0,              0.2205
       155,       115,      1.00,                   0,                   0,              0.0956
       155,       116,      1.00,              0.6396,                   0,              0.0956
       155,       117,      1.00,              3.4331,                   0,              0.2352
       155,       118,      1.00,              3.4111,                   0,              0.3602
       155,       119,      1.00,              3.3743,                   0,              0.6175
       155,       120,      1.00,              1.2865,                   0,              0.2426
       155,       121,      1.00,              2.7200,                   0,              0.4631
       155,       122,      1.00,              1.7717,                   0,              0.2720
       155,       123,      1.00,              1.8967,                   0,              0.2941
       155,       124,      1.00,              1.6100,                   0,              0.3823
       155,       125,      1.00,              1.1542,                   0,              0.1176
       155,       126,      1.00,             15.9894,                   0,              0.8234
       155,       127,      1.00,              8.9100,                   0,              0.9998
       155,       128,      1.00,              3.9992,                   0,              0.4411
       155,       129,      1.00,              1.4923,                   0,              0.1691
       155,       130,      1.00,              1.5806,                   0,              0.1617
       155,       131,      1.00,              0.7204,                   0,              0.1617
       155,       132,      1.00,              2.3598,                   0,              0.1691
       155,       133,      1.00,              0.6910,                   0,              0.1103
       155,       134,      1.00,              1.3306,                   0,              0.1470
       155,       135,      1.00,              3.6096,                   0,              0.2279
       155,       136,      1.00,              3.9330,                   0,              0.3308
       155,       137,      1.00,              1.2792,                   0,              0.1617
       155,       138,      1.00,              4.3079,                   0,              0.2867
       155,       139,      1.00,              0.6543,                   0,              0.0662
       155,       140,      1.00,              4.8225,                   0,              0.6322
       155,       141,      1.00,             11.6447,                   0,              0.9557
       155,       142,      1.00,             17.7905,                   0,              1.4188
       155,       143,      1.00,              7.7484,                   0,              0.8822
       155,       144,      1.00,              1.9849,                   0,              0.1617
       155,       145,      1.00,              4.4770,                   0,              0.4117
       155,       146,      1.00,              6.6898,                   0,              0.9704
       155,       147,      1.00,              6.4031,                   0,              0.4337
       155,       148,      1.00,             27.1342,                   0,              0.7572
       155,       149,      1.00,             10.6890,                   0,              0.4631
       155,       150,      1.00,             20.1209,                   0,              0.8675
       155,       151,      1.00,             21.6721,                   0,              2.5436
       155,       152,      1.00,              7.4985,                   0,              0.4631
       155,       153,      1.00,             11.6006,                   0,              0.4631
       155,       154,      1.00,             75.7934,                   0,              3.4625
       155,       155,      1.00,             41.0799,                   0,              1.6247
       155,       156,      1.00,              7.5573,                   0,              0.1985
       155,       157,      1.00,              1.4703,                   0,              0.1617
       155,       158,      1.00,                   0,                   0,              0.0809
       155,       159,      1.00,              0.0221,                   0,              0.0368
       155,       160,      1.00,              2.8891,                   0,              0.2867
       155,       161,      1.00,             10.9831,                   0,              0.4925
       155,       162,      1.00,              6.5722,                   0,              0.7793
       155,       163,      1.00,              0.0147,                   0,              0.0368
       155,       164,      1.00,              7.0206,                   0,              1.0366
       155,       165,      1.00,             21.1060,                   0,              0.9263
       155,       166,      1.00,             26.0903,                   0,              1.3527
       155,       167,      1.00,             12.5489,                   0,              0.6102
       155,       168,      1.00,             10.1450,                   0,              0.4705
       155,       169,      1.00,              5.1828,                   0,              0.2720
       155,       170,      1.00,              9.2187,                   0,              0.5072
       155,       171,      1.00,                   0,                   0,              0.0147
       155,       172,      1.00,             15.4233,                   0,              0.9557
       155,       173,      1.00,              0.2720,                   0,              0.0515
       155,       174,      1.00,              4.9255,                   0,              0.6322
       155,       175,      1.00,              6.8515,                   0,              0.6396
       155,       176,      1.00,              0.2573,                   0,              0.0368
       155,       177,      1.00,             12.3872,                   0,              0.5220
       155,       178,      1.00,             28.7000,                   0,              0.7572
       155,       179,      1.00,             17.0480,                   0,              0.9116
       155,       180,      1.00,              2.5068,                   0,              0.0882
       155,       181,      1.00,              5.9473,                   0,              0.3382
       155,       182,      1.00,             25.0537,                   0,              0.6837
       155,       183,      1.00,              5.9841,                   0,              0.1103
       155,       184,      1.00,              4.4770,                   0,              0.2132
       155,       185,      1.00,              4.8814,                   0,              0.1323
       155,       186,      1.00,              1.2644,                   0,              0.0515
       155,       187,      1.00,              2.0658,                   0,              0.0588
       155,       188,      1.00,              5.0431,                   0,              0.3161
       155,       189,      1.00,              1.4629,                   0,              0.0368
       155,       190,      1.00,              1.0954,                   0,              0.1103
       155,       191,      1.00,              0.1029,                   0,              0.0221
       155,       192,      1.00,              2.4554,                   0,              0.1764
       155,       193,      1.00,              0.5955,                   0,              0.0221
       155,       194,      1.00,              0.0147,                   0,              0.0294
       155,       195,      1.00,              4.2124,                   0,              0.0882
       155,       196,      1.00,              1.1468,                   0,              0.0809
       155,       197,      1.00,              0.9777,                   0,              0.0294
       155,       198,      1.00,              0.8307,                   0,              0.0368
       155,       199,      1.00,              0.1397,                   0,              0.0074
       155,       200,      1.00,              0.0074,                   0,              0.0368
       155,       201,      1.00,              0.9924,                   0,              0.0515
       155,       202,      1.00,              0.4852,                   0,              0.0221
       155,       203,      1.00,              0.4484,                   0,              0.0221
       155,       204,      1.00,              0.3161,                   0,              0.0368
       155,       205,      1.00,              0.2058,                   0,              0.0221
       155,       206,      1.00,              0.1029,                   0,              0.0074
       155,       207,      1.00,              0.8307,                   0,              0.0441
       155,       208,      1.00,              0.1470,                   0,              0.1029
       155,       209,      1.00,              0.4484,                   0,              0.2352
       155,       210,      1.00,              0.3308,                   0,              0.1544
       155,       211,      1.00,              0.3823,                   0,              0.1838
       155,       212,      1.00,              1.5365,                   0,              0.4778
       155,       213,      1.00,              1.2203,                   0,              0.1691
       155,       214,      1.00,              0.0221,                   0,              0.0441
       155,       218,      1.00,                   0,                   0,              0.0074
       155,       219,      1.00,                   0,                   0,              0.0074
       155,       224,      1.00,                   0,                   0,              0.0368
       155,       226,      1.00,                   0,                   0,              0.0294
       155,       227,      1.00,              0.0074,                   0,              0.0221
       155,       228,      1.00,                   0,                   0,              0.0221
       155,       229,      1.00,                   0,                   0,              0.0074
       156,         5,      1.00,              0.0221,                   0,                   0
       156,         6,      1.00,              0.1103,                   0,                   0
       156,         7,      1.00,              0.0735,                   0,                   0
       156,         8,      1.00,              0.1985,                   0,                   0
       156,         9,      1.00,              0.0882,                   0,                   0
       156,        12,      1.00,              0.0515,                   0,                   0
       156,        13,      1.00,              0.0147,                   0,                   0
       156,        14,      1.00,              0.1029,                   0,                   0
       156,        15,      1.00,              0.1397,                   0,              0.0074
       156,        19,      1.00,              0.0147,                   0,                   0
       156,        21,      1.00,              0.0221,                   0,                   0
       156,        23,      1.00,              0.0368,                   0,                   0
       156,        28,      1.00,              0.0809,                   0,              0.0074
       156,        29,      1.00,              0.0294,                   0,                   0
       156,        30,      1.00,              0.0368,                   0,                   0
       156,        31,      1.00,              0.0515,                   0,                   0
       156,        33,      1.00,              0.0515,                   0,              0.0074
       156,        35,      1.00,              0.0368,                   0,                   0
       156,        36,      1.00,              0.0662,                   0,              0.0074
       156,        39,      1.00,                   0,                   0,              0.0074
       156,        40,      1.00,              0.0294,                   0,                   0
       156,        41,      1.00,              0.0294,                   0,              0.0074
       156,        44,      1.00,                   0,                   0,              0.0074
       156,        45,      1.00,              0.1250,                   0,              0.0294
       156,        46,      1.00,              0.0809,                   0,              0.0221
       156,        48,      1.00,                   0,                   0,              0.0074
       156,        49,      1.00,              0.0515,                   0,              0.0074
       156,        50,      1.00,                   0,                   0,              0.0294
       156,        52,      1.00,              0.0662,                   0,              0.0074
       156,        55,      1.00,              0.0294,                   0,              0.0074
       156,        56,      1.00,              0.0515,                   0,              0.0074
       156,        58,      1.00,              0.0515,                   0,              0.0074
       156,        59,      1.00,                   0,                   0,              0.0074
       156,        61,      1.00,              0.0294,                   0,              0.0074
       156,        62,      1.00,              0.0515,                   0,                   0
       156,        63,      1.00,              0.0809,                   0,              0.0074
       156,        64,      1.00,                   0,                   0,              0.0147
       156,        65,      1.00,              0.0368,                   0,                   0
       156,        67,      1.00,              0.0735,                   0,              0.0147
       156,        68,      1.00,              0.0221,                   0,                   0
       156,        69,      1.00,                   0,                   0,              0.0074
       156,        70,      1.00,              0.0294,                   0,                   0
       156,        71,      1.00,              0.0147,                   0,              0.0074
       156,        72,      1.00,              0.0294,                   0,                   0
       156,        73,      1.00,              0.0294,                   0,              0.0074
       156,        74,      1.00,              0.0294,                   0,              0.0074
       156,        75,      1.00,              0.0147,                   0,              0.0294
       156,        76,      1.00,              0.0294,                   0,              0.0221
       156,        77,      1.00,              0.0294,                   0,              0.0147
       156,        79,      1.00,              0.0956,                   0,              0.0074
       156,        80,      1.00,              0.0956,                   0,              0.0074
       156,        81,      1.00,              0.0735,                   0,              0.0074
       156,        82,      1.00,              0.0294,                   0,                   0
       156,        83,      1.00,              0.1764,                   0,              0.0294
       156,        84,      1.00,              0.1250,                   0,              0.0441
       156,        85,      1.00,              0.2132,                   0,              0.0294
       156,        86,      1.00,              0.0074,                   0,              0.0221
       156,        87,      1.00,              0.0294,                   0,                   0
       156,        89,      1.00,              0.0294,                   0,              0.0074
       156,        90,      1.00,              0.0588,                   0,              0.0147
       156,        91,      1.00,              0.0515,                   0,              0.0147
       156,        92,      1.00,              0.3455,                   0,              0.0515
       156,        93,      1.00,              0.1029,                   0,              0.0147
       156,        94,      1.00,              0.0588,                   0,              0.0221
       156,        95,      1.00,              0.2720,                   0,              0.0515
       156,        96,      1.00,              0.0147,                   0,              0.0147
       156,        97,      1.00,              0.0074,                   0,                   0
       156,       100,      1.00,              0.1029,                   0,                   0
       156,       101,      1.00,              0.0515,                   0,              0.0147
       156,       102,      1.00,                   0,                   0,              0.0074
       156,       103,      1.00,              0.2132,                   0,              0.0221
       156,       104,      1.00,              0.0515,                   0,              0.0221
       156,       105,      1.00,              0.0809,                   0,              0.0147
       156,       106,      1.00,              0.1911,                   0,              0.0147
       156,       107,      1.00,              0.0662,                   0,              0.0074
       156,       108,      1.00,              0.0294,                   0,              0.0074
       156,       109,      1.00,              0.0809,                   0,              0.0074
       156,       110,      1.00,              0.0294,                   0,                   0
       156,       112,      1.00,              0.0956,                   0,              0.0074
       156,       113,      1.00,              0.0221,                   0,                   0
       156,       114,      1.00,              0.2058,                   0,              0.0147
       156,       115,      1.00,                   0,                   0,              0.0221
       156,       116,      1.00,              0.0662,                   0,              0.0147
       156,       117,      1.00,              0.3161,                   0,              0.0221
       156,       118,      1.00,              0.5440,                   0,              0.0294
       156,       119,      1.00,              0.4043,                   0,              0.0662
       156,       120,      1.00,              0.3308,                   0,              0.0294
       156,       121,      1.00,              0.2794,                   0,              0.0662
       156,       122,      1.00,              0.2058,                   0,              0.0368
       156,       123,      1.00,              0.4043,                   0,              0.0368
       156,       124,      1.00,              0.3308,                   0,              0.0515
       156,       125,      1.00,              0.0074,                   0,              0.0147
       156,       126,      1.00,              1.1689,                   0,              0.0956
       156,       127,      1.00,              1.7202,                   0,              0.1397
       156,       128,      1.00,              0.7351,                   0,              0.0662
       156,       129,      1.00,              0.2205,                   0,              0.0221
       156,       130,      1.00,              0.3088,                   0,              0.0221
       156,       131,      1.00,              0.0441,                   0,              0.0221
       156,       132,      1.00,              0.3529,                   0,              0.0221
       156,       133,      1.00,              0.1323,                   0,              0.0147
       156,       134,      1.00,              0.0735,                   0,              0.0147
       156,       135,      1.00,              0.8307,                   0,              0.0147
       156,       136,      1.00,              0.3455,                   0,              0.0221
       156,       137,      1.00,              0.2794,                   0,              0.0147
       156,       138,      1.00,              0.2132,                   0,              0.0368
       156,       139,      1.00,              0.0441,                   0,              0.0074
       156,       140,      1.00,              0.8454,                   0,              0.0956
       156,       141,      1.00,              2.0878,                   0,              0.1250
       156,       142,      1.00,              1.6614,                   0,              0.0809
       156,       143,      1.00,              1.3453,                   0,              0.1544
       156,       144,      1.00,              0.3088,                   0,              0.0221
       156,       145,      1.00,              0.6175,                   0,              0.0662
       156,       146,      1.00,              1.0586,                   0,              0.1617
       156,       147,      1.00,              0.5367,                   0,              0.0588
       156,       148,      1.00,              3.3376,                   0,              0.1470
       156,       149,      1.00,              0.9483,                   0,              0.0809
       156,       150,      1.00,              2.8230,                   0,              0.1985
       156,       151,      1.00,              3.3596,                   0,              0.1985
       156,       152,      1.00,              0.9630,                   0,              0.0735
       156,       153,      1.00,              1.7864,                   0,              0.0809
       156,       154,      1.00,              1.7349,                   0,              0.2352
       156,       155,      1.00,              4.5579,                   0,              0.1985
       156,       156,      1.00,             38.4040,                   0,              0.0956
       156,       157,      1.00,              0.0074,                   0,              0.0147
       156,       158,      1.00,                   0,                   0,              0.0147
       156,       159,      1.00,                   0,                   0,              0.0074
       156,       160,      1.00,              0.5808,                   0,              0.0441
       156,       161,      1.00,              1.3968,                   0,              0.0735
       156,       162,      1.00,              0.1323,                   0,              0.0809
       156,       164,      1.00,              0.8748,                   0,              0.1250
       156,       165,      1.00,              3.1758,                   0,              0.1397
       156,       166,      1.00,              3.6757,                   0,              0.3970
       156,       167,      1.00,              1.5806,                   0,              0.0809
       156,       168,      1.00,              1.1689,                   0,              0.0588
       156,       169,      1.00,              0.7131,                   0,              0.0294
       156,       170,      1.00,              0.6984,                   0,              0.0662
       156,       171,      1.00,              0.1470,                   0,                   0
       156,       172,      1.00,              2.1760,                   0,              0.0515
       156,       173,      1.00,                   0,                   0,              0.0074
       156,       174,      1.00,              0.7351,                   0,              0.0294
       156,       175,      1.00,              1.8673,                   0,              0.0515
       156,       177,      1.00,              1.1542,                   0,              0.0294
       156,       178,      1.00,              4.7123,                   0,              0.1176
       156,       179,      1.00,              4.2565,                   0,              0.0809
       156,       180,      1.00,              0.8381,                   0,              0.0147
       156,       181,      1.00,              1.4335,                   0,              0.0515
       156,       182,      1.00,              4.4403,                   0,              0.1029
       156,       183,      1.00,              0.7351,                   0,              0.0221
       156,       184,      1.00,              0.6249,                   0,              0.0294
       156,       185,      1.00,              1.6541,                   0,              0.0294
       156,       186,      1.00,              0.1103,                   0,              0.0074
       156,       187,      1.00,                   0,                   0,              0.0368
       156,       188,      1.00,              0.8528,                   0,              0.0588
       156,       189,      1.00,                   0,                   0,              0.0074
       156,       190,      1.00,              0.0662,                   0,              0.0147
       156,       191,      1.00,              0.0588,                   0,                   0
       156,       192,      1.00,                   0,                   0,              0.0809
       156,       194,      1.00,                   0,                   0,              0.0147
       156,       195,      1.00,                   0,                   0,              0.0147
       156,       196,      1.00,                   0,                   0,              0.0147
       156,       197,      1.00,                   0,                   0,              0.0147
       156,       198,      1.00,              0.2058,                   0,              0.0074
       156,       199,      1.00,              0.0441,                   0,                   0
       156,       200,      1.00,                   0,                   0,              0.0074
       156,       201,      1.00,              0.2058,                   0,              0.0074
       156,       202,      1.00,              0.1617,                   0,                   0
       156,       204,      1.00,                   0,                   0,              0.0074
       156,       206,      1.00,              0.2058,                   0,                   0
       156,       207,      1.00,                   0,                   0,              0.0074
       156,       208,      1.00,              0.0147,                   0,              0.0074
       156,       209,      1.00,              0.0735,                   0,              0.0221
       156,       210,      1.00,              0.0147,                   0,              0.0074
       156,       211,      1.00,              0.2132,                   0,              0.0221
       156,       212,      1.00,              0.0294,                   0,              0.0662
       156,       213,      1.00,              0.1103,                   0,              0.0221
       156,       224,      1.00,                   0,                   0,              0.0074
       156,       226,      1.00,                   0,                   0,              0.0074
       157,         3,      1.00,              0.2058,                   0,                   0
       157,         6,      1.00,              0.0294,                   0,                   0
       157,         7,      1.00,              0.1764,                   0,                   0
       157,        13,      1.00,              0.4117,                   0,                   0
       157,        15,      1.00,              0.2058,                   0,                   0
       157,        16,      1.00,              0.1029,                   0,                   0
       157,        17,      1.00,                   0,                   0,              0.0074
       157,        21,      1.00,              0.2058,                   0,                   0
       157,        22,      1.00,              0.3088,                   0,                   0
       157,        28,      1.00,              0.6175,                   0,              0.0074
       157,        31,      1.00,              0.2058,                   0,                   0
       157,        33,      1.00,              0.2058,                   0,                   0
       157,        36,      1.00,              0.2058,                   0,                   0
       157,        39,      1.00,              0.2058,                   0,                   0
       157,        41,      1.00,                   0,                   0,              0.0074
       157,        45,      1.00,                   0,                   0,              0.0074
       157,        46,      1.00,                   0,                   0,              0.0074
       157,        50,      1.00,                   0,                   0,              0.0074
       157,        59,      1.00,              0.2058,                   0,                   0
       157,        61,      1.00,              0.2058,                   0,                   0
       157,        62,      1.00,              0.2058,                   0,                   0
       157,        63,      1.00,                   0,                   0,              0.0074
       157,        64,      1.00,              0.0074,                   0,                   0
       157,        65,      1.00,              0.2058,                   0,                   0
       157,        67,      1.00,              0.1176,                   0,                   0
       157,        68,      1.00,              0.0956,                   0,                   0
       157,        73,      1.00,                   0,                   0,              0.0074
       157,        75,      1.00,                   0,                   0,              0.0074
       157,        79,      1.00,              0.0662,                   0,              0.0074
       157,        80,      1.00,              0.2058,                   0,                   0
       157,        81,      1.00,              0.0368,                   0,                   0
       157,        83,      1.00,              0.0074,                   0,              0.0074
       157,        84,      1.00,              0.0956,                   0,              0.0221
       157,        85,      1.00,              0.0735,                   0,              0.0074
       157,        86,      1.00,                   0,                   0,              0.0074
       157,        89,      1.00,                   0,                   0,              0.0074
       157,        90,      1.00,                   0,                   0,              0.0074
       157,        91,      1.00,              0.0147,                   0,              0.0074
       157,        92,      1.00,              0.1544,                   0,              0.0147
       157,        93,      1.00,              0.0221,                   0,                   0
       157,        94,      1.00,                   0,                   0,              0.0074
       157,        95,      1.00,              0.3161,                   0,              0.0221
       157,        97,      1.00,              0.2426,                   0,              0.0074
       157,        98,      1.00,              0.1764,                   0,              0.0074
       157,        99,      1.00,                   0,                   0,              0.0221
       157,       100,      1.00,              1.0439,                   0,              0.0809
       157,       101,      1.00,              0.0074,                   0,              0.0147
       157,       102,      1.00,                   0,                   0,              0.0294
       157,       103,      1.00,              0.0735,                   0,              0.0074
       157,       105,      1.00,              0.0074,                   0,              0.0221
       157,       106,      1.00,              0.3161,                   0,              0.0074
       157,       107,      1.00,              0.4190,                   0,              0.0147
       157,       108,      1.00,              0.2132,                   0,              0.0074
       157,       109,      1.00,              0.0074,                   0,              0.0147
       157,       114,      1.00,              0.7940,                   0,              0.1029
       157,       115,      1.00,                   0,                   0,              0.0368
       157,       116,      1.00,              0.7057,                   0,              0.0662
       157,       117,      1.00,              2.4701,                   0,              0.0735
       157,       118,      1.00,              1.0366,                   0,              0.0294
       157,       119,      1.00,              0.1397,                   0,              0.0221
       157,       120,      1.00,              0.2058,                   0,              0.0074
       157,       121,      1.00,              0.2647,                   0,              0.0294
       157,       122,      1.00,              0.0074,                   0,              0.0294
       157,       123,      1.00,              0.0074,                   0,              0.0221
       157,       124,      1.00,              0.0147,                   0,              0.0368
       157,       125,      1.00,              0.9410,                   0,              0.0294
       157,       126,      1.00,              0.3088,                   0,              0.0441
       157,       127,      1.00,              0.2794,                   0,              0.0515
       157,       128,      1.00,              0.2794,                   0,              0.0294
       157,       129,      1.00,              0.0368,                   0,              0.0221
       157,       130,      1.00,              0.2058,                   0,              0.0074
       157,       131,      1.00,                   0,                   0,              0.0074
       157,       132,      1.00,              0.1838,                   0,              0.0074
       157,       133,      1.00,              0.1103,                   0,              0.0074
       157,       134,      1.00,              0.1103,                   0,              0.0074
       157,       135,      1.00,              1.7790,                   0,              0.0294
       157,       136,      1.00,              1.2350,                   0,              0.0882
       157,       137,      1.00,              1.0733,                   0,              0.0515
       157,       138,      1.00,              1.2497,                   0,              0.0956
       157,       139,      1.00,              0.0074,                   0,              0.0147
       157,       140,      1.00,              1.9702,                   0,              0.0662
       157,       141,      1.00,              0.6690,                   0,              0.0515
       157,       142,      1.00,              0.7646,                   0,              0.0441
       157,       143,      1.00,              0.7057,                   0,              0.1250
       157,       144,      1.00,                   0,                   0,              0.0074
       157,       145,      1.00,                   0,                   0,              0.0294
       157,       146,      1.00,              1.2350,                   0,              0.1029
       157,       147,      1.00,              0.6322,                   0,              0.0441
       157,       148,      1.00,              1.3747,                   0,              0.0809
       157,       149,      1.00,              0.2132,                   0,              0.1250
       157,       150,      1.00,              0.8969,                   0,              0.0515
       157,       151,      1.00,              0.8528,                   0,              0.0956
       157,       152,      1.00,              0.0074,                   0,              0.0294
       157,       153,      1.00,              0.2132,                   0,              0.0221
       157,       154,      1.00,              0.4999,                   0,              0.0882
       157,       155,      1.00,              1.0586,                   0,              0.1617
       157,       156,      1.00,              0.4117,                   0,              0.0147
       157,       157,      1.00,             21.6059,                   0,              0.0809
       157,       158,      1.00,                   0,                   0,              0.0294
       157,       159,      1.00,              0.0074,                   0,              0.0074
       157,       160,      1.00,              1.2424,                   0,              0.0294
       157,       161,      1.00,              2.2275,                   0,              0.0809
       157,       162,      1.00,             13.5855,                   0,              0.2867
       157,       163,      1.00,              0.0368,                   0,              0.0074
       157,       164,      1.00,             23.7966,                   0,              0.4337
       157,       165,      1.00,              1.8599,                   0,              0.0662
       157,       166,      1.00,              1.5144,                   0,              0.1029
       157,       167,      1.00,              1.5512,                   0,              0.0956
       157,       168,      1.00,              2.5215,                   0,              0.0809
       157,       169,      1.00,              1.5217,                   0,              0.0809
       157,       170,      1.00,             16.5408,                   0,              0.3235
       157,       171,      1.00,              0.3014,                   0,              0.0074
       157,       172,      1.00,             44.6894,                   0,              0.5955
       157,       173,      1.00,              0.2426,                   0,              0.0147
       157,       174,      1.00,              8.0351,                   0,              0.5220
       157,       175,      1.00,              9.9318,                   0,              0.5955
       157,       176,      1.00,              0.0735,                   0,              0.0147
       157,       177,      1.00,              4.0433,                   0,              0.3235
       157,       178,      1.00,              1.7570,                   0,              0.0368
       157,       179,      1.00,              2.4921,                   0,              0.1029
       157,       180,      1.00,              0.0074,                   0,              0.0294
       157,       181,      1.00,              1.3306,                   0,              0.2058
       157,       182,      1.00,              1.5217,                   0,              0.3676
       157,       183,      1.00,              1.1101,                   0,              0.0221
       157,       184,      1.00,              1.4629,                   0,              0.0441
       157,       185,      1.00,              2.8230,                   0,              0.0368
       157,       186,      1.00,              3.3670,                   0,              0.0441
       157,       187,      1.00,              1.5512,                   0,              0.0221
       157,       188,      1.00,              8.1013,                   0,              0.1838
       157,       189,      1.00,              2.7862,                   0,              0.0515
       157,       190,      1.00,              1.1248,                   0,              0.0809
       157,       191,      1.00,              0.2205,                   0,              0.0221
       157,       192,      1.00,              1.1101,                   0,              0.0735
       157,       193,      1.00,              0.2426,                   0,              0.0147
       157,       194,      1.00,              0.4190,                   0,              0.0221
       157,       195,      1.00,              1.1542,                   0,              0.1470
       157,       196,      1.00,              0.6249,                   0,              0.0441
       157,       197,      1.00,              0.3749,                   0,              0.0294
       157,       198,      1.00,              0.3088,                   0,              0.0147
       157,       200,      1.00,              0.4778,                   0,              0.0221
       157,       201,      1.00,              0.4631,                   0,              0.0294
       157,       202,      1.00,                   0,                   0,              0.0074
       157,       203,      1.00,              0.4411,                   0,              0.0221
       157,       204,      1.00,                   0,                   0,              0.0294
       157,       205,      1.00,                   0,                   0,              0.0515
       157,       206,      1.00,                   0,                   0,              0.0074
       157,       207,      1.00,                   0,                   0,              0.0441
       157,       209,      1.00,                   0,                   0,              0.0147
       157,       211,      1.00,              0.4337,                   0,              0.0515
       157,       212,      1.00,              0.8381,                   0,              0.1176
       157,       213,      1.00,              2.1687,                   0,              0.0809
       157,       214,      1.00,              0.0441,                   0,              0.0074
       157,       224,      1.00,                   0,                   0,              0.0147
       157,       226,      1.00,                   0,                   0,              0.0147
       157,       227,      1.00,              0.0074,                   0,              0.0221
       157,       228,      1.00,                   0,                   0,              0.0074
       158,        46,      1.00,                   0,                   0,              0.0074
       158,        73,      1.00,                   0,                   0,              0.0074
       158,        75,      1.00,                   0,                   0,              0.0294
       158,        76,      1.00,                   0,                   0,              0.0221
       158,        77,      1.00,                   0,                   0,              0.0221
       158,        79,      1.00,                   0,                   0,              0.0147
       158,        80,      1.00,                   0,                   0,              0.0221
       158,        82,      1.00,                   0,                   0,              0.0074
       158,        83,      1.00,                   0,                   0,              0.0221
       158,        84,      1.00,                   0,                   0,              0.0221
       158,        85,      1.00,                   0,                   0,              0.0221
       158,        86,      1.00,                   0,                   0,              0.0221
       158,        89,      1.00,                   0,                   0,              0.0074
       158,        90,      1.00,                   0,                   0,              0.0074
       158,        91,      1.00,                   0,                   0,              0.0147
       158,        92,      1.00,                   0,                   0,              0.0221
       158,        93,      1.00,                   0,                   0,              0.0074
       158,        94,      1.00,                   0,                   0,              0.0147
       158,        95,      1.00,              0.2058,                   0,              0.0441
       158,        97,      1.00,                   0,                   0,              0.0147
       158,        98,      1.00,                   0,                   0,              0.0147
       158,        99,      1.00,                   0,                   0,              0.0221
       158,       100,      1.00,              0.2058,                   0,              0.0441
       158,       101,      1.00,                   0,                   0,              0.0735
       158,       102,      1.00,                   0,                   0,              0.0074
       158,       105,      1.00,                   0,                   0,              0.0147
       158,       106,      1.00,                   0,                   0,              0.0074
       158,       107,      1.00,                   0,                   0,              0.0074
       158,       108,      1.00,                   0,                   0,              0.0074
       158,       109,      1.00,                   0,                   0,              0.0074
       158,       114,      1.00,                   0,                   0,              0.0441
       158,       115,      1.00,                   0,                   0,              0.0074
       158,       116,      1.00,                   0,                   0,              0.0147
       158,       117,      1.00,              0.4705,                   0,              0.2573
       158,       118,      1.00,                   0,                   0,              0.2058
       158,       119,      1.00,                   0,                   0,              0.0147
       158,       120,      1.00,                   0,                   0,              0.0221
       158,       121,      1.00,                   0,                   0,              0.0441
       158,       122,      1.00,                   0,                   0,              0.0735
       158,       123,      1.00,                   0,                   0,              0.0735
       158,       124,      1.00,                   0,                   0,              0.1250
       158,       125,      1.00,                   0,                   0,              0.0809
       158,       126,      1.00,              0.0221,                   0,              0.1103
       158,       127,      1.00,              0.0147,                   0,              0.1103
       158,       128,      1.00,                   0,                   0,              0.0662
       158,       129,      1.00,                   0,                   0,              0.0368
       158,       130,      1.00,                   0,                   0,              0.0441
       158,       131,      1.00,                   0,                   0,              0.0368
       158,       132,      1.00,                   0,                   0,              0.0515
       158,       133,      1.00,                   0,                   0,              0.0294
       158,       134,      1.00,                   0,                   0,              0.0515
       158,       135,      1.00,              0.5146,                   0,              0.1397
       158,       136,      1.00,                   0,                   0,              0.1176
       158,       137,      1.00,              0.2058,                   0,              0.0662
       158,       138,      1.00,              0.2058,                   0,              0.1985
       158,       139,      1.00,              0.2058,                   0,              0.0294
       158,       140,      1.00,              0.1029,                   0,              0.2647
       158,       141,      1.00,              0.0515,                   0,              0.2058
       158,       142,      1.00,              0.0294,                   0,              0.1029
       158,       143,      1.00,                   0,                   0,              0.2132
       158,       144,      1.00,              0.0441,                   0,              0.0441
       158,       145,      1.00,              0.0588,                   0,              0.0809
       158,       146,      1.00,                   0,                   0,              0.2794
       158,       147,      1.00,                   0,                   0,              0.0956
       158,       148,      1.00,              0.2058,                   0,              0.0956
       158,       149,      1.00,                   0,                   0,              0.0956
       158,       150,      1.00,                   0,                   0,              0.0956
       158,       151,      1.00,              0.2058,                   0,              0.1103
       158,       152,      1.00,                   0,                   0,              0.0221
       158,       153,      1.00,                   0,                   0,              0.0221
       158,       154,      1.00,                   0,                   0,              0.1029
       158,       155,      1.00,                   0,                   0,              0.0809
       158,       156,      1.00,                   0,                   0,              0.0147
       158,       157,      1.00,              0.2058,                   0,              0.0294
       158,       159,      1.00,                   0,                   0,              0.0147
       158,       160,      1.00,                   0,                   0,              0.1176
       158,       161,      1.00,              0.0147,                   0,              0.0221
       158,       162,      1.00,              0.4705,                   0,              0.1838
       158,       163,      1.00,                   0,                   0,              0.0147
       158,       164,      1.00,              0.6249,                   0,              0.1911
       158,       165,      1.00,                   0,                   0,              0.0147
       158,       166,      1.00,                   0,                   0,              0.0515
       158,       167,      1.00,              0.1029,                   0,              0.0735
       158,       168,      1.00,                   0,                   0,              0.0441
       158,       169,      1.00,                   0,                   0,              0.0368
       158,       170,      1.00,                   0,                   0,              0.0956
       158,       172,      1.00,              0.2058,                   0,              0.1250
       158,       173,      1.00,                   0,                   0,              0.0074
       158,       174,      1.00,                   0,                   0,              0.1103
       158,       175,      1.00,                   0,                   0,              0.1323
       158,       177,      1.00,                   0,                   0,              0.1176
       158,       178,      1.00,                   0,                   0,              0.0294
       158,       179,      1.00,                   0,                   0,              0.0956
       158,       180,      1.00,                   0,                   0,              0.0147
       158,       181,      1.00,                   0,                   0,              0.0735
       158,       182,      1.00,                   0,                   0,              0.1029
       158,       188,      1.00,              0.2058,                   0,              0.0147
       158,       189,      1.00,                   0,                   0,              0.0074
       158,       192,      1.00,              0.2058,                   0,                   0
       158,       207,      1.00,                   0,                   0,              0.0074
       158,       209,      1.00,                   0,                   0,              0.0074
       158,       211,      1.00,                   0,                   0,              0.0441
       158,       212,      1.00,                   0,                   0,              0.0294
       158,       213,      1.00,              0.0515,                   0,              0.0662
       158,       214,      1.00,                   0,                   0,              0.0147
       159,        11,      1.00,              0.0735,                   0,                   0
       159,        12,      1.00,              0.1323,                   0,                   0
       159,        40,      1.00,              0.2058,                   0,                   0
       159,        41,      1.00,                   0,                   0,              0.0074
       159,        44,      1.00,                   0,                   0,              0.0074
       159,        45,      1.00,                   0,                   0,              0.0147
       159,        46,      1.00,                   0,                   0,              0.0147
       159,        50,      1.00,                   0,                   0,              0.0074
       159,        56,      1.00,                   0,                   0,              0.0074
       159,        58,      1.00,                   0,                   0,              0.0074
       159,        61,      1.00,              0.0074,                   0,                   0
       159,        63,      1.00,                   0,                   0,              0.0074
       159,        64,      1.00,              0.0074,                   0,                   0
       159,        66,      1.00,              0.2058,                   0,                   0
       159,        67,      1.00,              0.0588,                   0,                   0
       159,        68,      1.00,              0.0515,                   0,                   0
       159,        72,      1.00,                   0,                   0,              0.0074
       159,        75,      1.00,                   0,                   0,              0.0074
       159,        79,      1.00,              0.0074,                   0,              0.0074
       159,        80,      1.00,              0.2058,                   0,              0.0074
       159,        81,      1.00,              0.0294,                   0,                   0
       159,        83,      1.00,              0.2132,                   0,              0.0074
       159,        84,      1.00,              0.0074,                   0,              0.0147
       159,        85,      1.00,              0.0074,                   0,              0.0074
       159,        86,      1.00,              0.0074,                   0,              0.0074
       159,        89,      1.00,              0.2058,                   0,              0.0074
       159,        90,      1.00,                   0,                   0,              0.0074
       159,        91,      1.00,              0.2058,                   0,              0.0074
       159,        92,      1.00,              0.2132,                   0,              0.0221
       159,        93,      1.00,                   0,                   0,              0.0074
       159,        94,      1.00,                   0,                   0,              0.0074
       159,        95,      1.00,              0.4190,                   0,              0.0221
       159,        96,      1.00,                   0,                   0,              0.0074
       159,        97,      1.00,                   0,                   0,              0.0074
       159,        98,      1.00,                   0,                   0,              0.0074
       159,       100,      1.00,              0.2205,                   0,              0.0441
       159,       101,      1.00,              0.0147,                   0,              0.0147
       159,       102,      1.00,                   0,                   0,              0.0147
       159,       103,      1.00,              0.4190,                   0,              0.0074
       159,       104,      1.00,              0.2058,                   0,              0.0074
       159,       105,      1.00,              0.6249,                   0,              0.0221
       159,       106,      1.00,              0.1103,                   0,              0.0074
       159,       107,      1.00,              0.2132,                   0,              0.0074
       159,       108,      1.00,              0.0074,                   0,              0.0074
       159,       109,      1.00,              0.0074,                   0,              0.0074
       159,       111,      1.00,              0.1029,                   0,                   0
       159,       114,      1.00,              0.8307,                   0,              0.0441
       159,       115,      1.00,                   0,                   0,              0.0147
       159,       116,      1.00,              0.0221,                   0,              0.0368
       159,       117,      1.00,              2.7715,                   0,              0.0809
       159,       118,      1.00,              0.6322,                   0,              0.0588
       159,       119,      1.00,              0.4190,                   0,              0.0221
       159,       120,      1.00,              0.2132,                   0,              0.0147
       159,       121,      1.00,              0.2132,                   0,              0.0294
       159,       122,      1.00,              0.0074,                   0,              0.0294
       159,       123,      1.00,              0.1764,                   0,              0.0368
       159,       124,      1.00,              1.0586,                   0,              0.0441
       159,       125,      1.00,              0.4484,                   0,              0.0368
       159,       126,      1.00,              0.3014,                   0,              0.0294
       159,       127,      1.00,              0.1617,                   0,              0.0441
       159,       128,      1.00,              0.1176,                   0,              0.0147
       159,       129,      1.00,              0.0956,                   0,              0.0147
       159,       130,      1.00,              0.2058,                   0,              0.0074
       159,       131,      1.00,              0.1103,                   0,              0.0147
       159,       132,      1.00,              0.4117,                   0,              0.0074
       159,       133,      1.00,              0.0074,                   0,              0.0074
       159,       134,      1.00,              0.6249,                   0,              0.0147
       159,       135,      1.00,              3.3229,                   0,              0.0588
       159,       136,      1.00,              2.4774,                   0,              0.0882
       159,       137,      1.00,              0.8234,                   0,              0.0441
       159,       138,      1.00,              3.6316,                   0,              0.0809
       159,       139,      1.00,              0.2205,                   0,              0.0074
       159,       140,      1.00,              2.6833,                   0,              0.0735
       159,       141,      1.00,              0.3455,                   0,              0.0515
       159,       142,      1.00,              0.3014,                   0,              0.0441
       159,       143,      1.00,              0.3823,                   0,              0.0441
       159,       144,      1.00,              0.0074,                   0,              0.0147
       159,       145,      1.00,              0.1470,                   0,              0.0294
       159,       146,      1.00,              0.6763,                   0,              0.0662
       159,       147,      1.00,              0.3896,                   0,              0.0368
       159,       148,      1.00,              1.0439,                   0,              0.0368
       159,       149,      1.00,              0.1176,                   0,              0.0368
       159,       150,      1.00,              0.4264,                   0,              0.0441
       159,       151,      1.00,              0.1250,                   0,              0.0368
       159,       152,      1.00,              0.2132,                   0,              0.0147
       159,       153,      1.00,              0.2132,                   0,              0.0147
       159,       154,      1.00,              0.4411,                   0,              0.0662
       159,       155,      1.00,              0.4337,                   0,              0.0368
       159,       156,      1.00,              0.2058,                   0,              0.0074
       159,       157,      1.00,              0.8307,                   0,              0.0074
       159,       158,      1.00,                   0,                   0,              0.0147
       159,       160,      1.00,              0.6396,                   0,              0.0368
       159,       161,      1.00,              0.3602,                   0,              0.0368
       159,       162,      1.00,              2.7641,                   0,              0.1323
       159,       163,      1.00,              0.0147,                   0,              0.0074
       159,       164,      1.00,              1.1468,                   0,              0.1176
       159,       165,      1.00,              0.0074,                   0,              0.0221
       159,       166,      1.00,              0.9336,                   0,              0.0294
       159,       167,      1.00,              0.2132,                   0,              0.0294
       159,       168,      1.00,              0.6616,                   0,              0.0221
       159,       169,      1.00,              0.9042,                   0,              0.0147
       159,       170,      1.00,              0.9557,                   0,              0.0221
       159,       172,      1.00,              1.4703,                   0,              0.0221
       159,       173,      1.00,              0.1103,                   0,                   0
       159,       174,      1.00,              0.8454,                   0,              0.0147
       159,       175,      1.00,              0.9557,                   0,              0.0368
       159,       176,      1.00,              0.1029,                   0,                   0
       159,       177,      1.00,              0.0221,                   0,              0.0368
       159,       178,      1.00,              0.2132,                   0,              0.0147
       159,       179,      1.00,              0.0809,                   0,              0.0441
       159,       180,      1.00,                   0,                   0,              0.0074
       159,       181,      1.00,              0.4411,                   0,              0.0221
       159,       182,      1.00,              0.8381,                   0,              0.0294
       159,       183,      1.00,              0.3235,                   0,              0.0074
       159,       184,      1.00,              0.2205,                   0,              0.0074
       159,       185,      1.00,              0.6322,                   0,                   0
       159,       186,      1.00,              0.0074,                   0,                   0
       159,       187,      1.00,              0.2058,                   0,                   0
       159,       188,      1.00,              0.7351,                   0,              0.0074
       159,       189,      1.00,              0.1103,                   0,                   0
       159,       190,      1.00,              0.0147,                   0,                   0
       159,       192,      1.00,              0.0074,                   0,              0.0074
       159,       195,      1.00,              0.2132,                   0,              0.0074
       159,       196,      1.00,                   0,                   0,              0.0074
       159,       197,      1.00,              0.2058,                   0,                   0
       159,       204,      1.00,                   0,                   0,              0.0074
       159,       208,      1.00,                   0,                   0,              0.0074
       159,       209,      1.00,                   0,                   0,              0.0147
       159,       210,      1.00,                   0,                   0,              0.0074
       159,       211,      1.00,              0.7572,                   0,              0.0294
       159,       212,      1.00,              0.2647,                   0,              0.0441
       159,       213,      1.00,              0.8381,                   0,              0.0441
       159,       214,      1.00,              0.0147,                   0,              0.0074
       159,       224,      1.00,                   0,                   0,              0.0074
       159,       226,      1.00,                   0,                   0,              0.0074
       160,         3,      1.00,              0.0515,                   0,                   0
       160,         4,      1.00,              0.0147,                   0,                   0
       160,         6,      1.00,              0.0368,                   0,                   0
       160,         7,      1.00,              0.1691,                   0,                   0
       160,         8,      1.00,              0.2132,                   0,              0.0074
       160,         9,      1.00,              0.0515,                   0,                   0
       160,        11,      1.00,              0.0368,                   0,                   0
       160,        12,      1.00,              0.0735,                   0,                   0
       160,        13,      1.00,              0.0588,                   0,                   0
       160,        14,      1.00,              0.1838,                   0,                   0
       160,        15,      1.00,              0.1029,                   0,              0.0074
       160,        17,      1.00,              0.1838,                   0,                   0
       160,        18,      1.00,              0.0515,                   0,                   0
       160,        21,      1.00,              0.6175,                   0,              0.0074
       160,        22,      1.00,              0.0368,                   0,                   0
       160,        23,      1.00,              0.0294,                   0,                   0
       160,        24,      1.00,              0.0515,                   0,                   0
       160,        26,      1.00,              0.0074,                   0,                   0
       160,        27,      1.00,              0.0294,                   0,                   0
       160,        28,      1.00,                   0,                   0,              0.0147
       160,        29,      1.00,              0.1029,                   0,                   0
       160,        30,      1.00,              0.2058,                   0,                   0
       160,        31,      1.00,                   0,                   0,              0.0074
       160,        32,      1.00,                   0,                   0,              0.0074
       160,        33,      1.00,              0.0074,                   0,              0.0074
       160,        34,      1.00,              0.0294,                   0,                   0
       160,        36,      1.00,              0.0294,                   0,              0.0147
       160,        37,      1.00,              0.0368,                   0,                   0
       160,        38,      1.00,              0.0294,                   0,                   0
       160,        39,      1.00,              0.0294,                   0,              0.0074
       160,        40,      1.00,              0.0074,                   0,                   0
       160,        41,      1.00,              0.0882,                   0,              0.0221
       160,        42,      1.00,                   0,                   0,              0.0074
       160,        43,      1.00,              0.0294,                   0,              0.0074
       160,        44,      1.00,              0.0294,                   0,              0.0221
       160,        45,      1.00,              0.1176,                   0,              0.0368
       160,        46,      1.00,              0.0441,                   0,              0.0368
       160,        47,      1.00,                   0,                   0,              0.0074
       160,        48,      1.00,                   0,                   0,              0.0074
       160,        49,      1.00,              0.0294,                   0,              0.0074
       160,        50,      1.00,                   0,                   0,              0.0588
       160,        52,      1.00,              0.0221,                   0,              0.0074
       160,        55,      1.00,              0.0294,                   0,              0.0074
       160,        56,      1.00,              0.0294,                   0,              0.0147
       160,        58,      1.00,              0.0368,                   0,              0.0221
       160,        59,      1.00,                   0,                   0,              0.0074
       160,        60,      1.00,              0.0074,                   0,                   0
       160,        61,      1.00,              0.0074,                   0,              0.0074
       160,        62,      1.00,              0.2058,                   0,                   0
       160,        63,      1.00,              0.2132,                   0,              0.0074
       160,        64,      1.00,              0.0074,                   0,              0.0074
       160,        65,      1.00,              0.0882,                   0,                   0
       160,        66,      1.00,              0.0294,                   0,                   0
       160,        67,      1.00,              0.1029,                   0,              0.0147
       160,        69,      1.00,              0.0368,                   0,              0.0074
       160,        71,      1.00,                   0,                   0,              0.0074
       160,        72,      1.00,                   0,                   0,              0.0147
       160,        73,      1.00,              0.0074,                   0,              0.0074
       160,        74,      1.00,                   0,                   0,              0.0074
       160,        75,      1.00,              0.0368,                   0,              0.0368
       160,        76,      1.00,              0.0515,                   0,              0.0074
       160,        77,      1.00,              0.2058,                   0,                   0
       160,        78,      1.00,              0.2058,                   0,              0.0221
       160,        79,      1.00,              0.0074,                   0,              0.0441
       160,        80,      1.00,              0.0588,                   0,              0.0074
       160,        81,      1.00,              0.3455,                   0,              0.0074
       160,        82,      1.00,              0.0294,                   0,                   0
       160,        83,      1.00,              0.1691,                   0,              0.0294
       160,        84,      1.00,              0.2867,                   0,              0.0662
       160,        85,      1.00,              0.0956,                   0,              0.0368
       160,        86,      1.00,              0.2058,                   0,              0.0294
       160,        87,      1.00,              0.0809,                   0,                   0
       160,        88,      1.00,              0.0294,                   0,                   0
       160,        89,      1.00,              0.1103,                   0,              0.0294
       160,        90,      1.00,              0.1911,                   0,              0.0221
       160,        91,      1.00,              0.0588,                   0,              0.0221
       160,        92,      1.00,              0.6543,                   0,              0.0735
       160,        93,      1.00,              0.1103,                   0,              0.0147
       160,        94,      1.00,              0.1617,                   0,              0.0294
       160,        95,      1.00,              0.7498,                   0,              0.0882
       160,        96,      1.00,              0.0294,                   0,              0.0074
       160,        97,      1.00,              0.0441,                   0,              0.0074
       160,        98,      1.00,              0.0221,                   0,              0.0074
       160,        99,      1.00,              0.6175,                   0,              0.0074
       160,       100,      1.00,              1.3527,                   0,              0.1691
       160,       101,      1.00,              0.0809,                   0,              0.0294
       160,       102,      1.00,              0.3088,                   0,              0.0882
       160,       103,      1.00,              1.2056,                   0,              0.0588
       160,       104,      1.00,              0.2867,                   0,              0.0147
       160,       105,      1.00,              0.2205,                   0,              0.0441
       160,       106,      1.00,              0.2132,                   0,              0.0294
       160,       107,      1.00,              0.4778,                   0,              0.0588
       160,       108,      1.00,              0.3749,                   0,              0.0147
       160,       109,      1.00,              0.2205,                   0,              0.0294
       160,       110,      1.00,              0.0882,                   0,                   0
       160,       111,      1.00,              0.0294,                   0,                   0
       160,       112,      1.00,              0.0662,                   0,              0.0074
       160,       114,      1.00,              0.8381,                   0,              0.1838
       160,       115,      1.00,              0.2058,                   0,              0.0882
       160,       116,      1.00,              1.0586,                   0,              0.0882
       160,       117,      1.00,              5.2122,                   0,              0.2352
       160,       118,      1.00,              2.3672,                   0,              0.1691
       160,       119,      1.00,              0.7057,                   0,              0.1029
       160,       120,      1.00,              0.3970,                   0,              0.0515
       160,       121,      1.00,              0.8748,                   0,              0.1029
       160,       122,      1.00,              0.7498,                   0,              0.0882
       160,       123,      1.00,              1.1689,                   0,              0.0515
       160,       124,      1.00,              3.3082,                   0,              0.1397
       160,       125,      1.00,              1.6247,                   0,              0.1103
       160,       126,      1.00,              2.6098,                   0,              0.1470
       160,       127,      1.00,              3.4919,                   0,              0.1985
       160,       128,      1.00,              1.6835,                   0,              0.1029
       160,       129,      1.00,              0.6910,                   0,              0.0588
       160,       130,      1.00,              1.0954,                   0,              0.0221
       160,       131,      1.00,              0.4043,                   0,              0.0368
       160,       132,      1.00,              1.2424,                   0,              0.0368
       160,       133,      1.00,              1.1542,                   0,              0.0368
       160,       134,      1.00,              2.6906,                   0,              0.0588
       160,       135,      1.00,              9.3437,                   0,              0.1911
       160,       136,      1.00,              7.9249,                   0,              0.3235
       160,       137,      1.00,              3.8669,                   0,              0.1838
       160,       138,      1.00,             15.3351,                   0,              0.2426
       160,       139,      1.00,              1.6320,                   0,              0.0294
       160,       140,      1.00,             28.2296,                   0,              0.2867
       160,       141,      1.00,              4.1389,                   0,              0.2132
       160,       142,      1.00,              3.6610,                   0,              0.1617
       160,       143,      1.00,              5.0210,                   0,              0.2132
       160,       144,      1.00,              2.1540,                   0,              0.0294
       160,       145,      1.00,              2.6686,                   0,              0.0735
       160,       146,      1.00,             10.5493,                   0,              0.2941
       160,       147,      1.00,             10.7184,                   0,              0.1691
       160,       148,      1.00,              4.6682,                   0,              0.1617
       160,       149,      1.00,              7.6896,                   0,              0.1397
       160,       150,      1.00,              6.8810,                   0,              0.1691
       160,       151,      1.00,              2.5510,                   0,              0.2867
       160,       152,      1.00,              0.9998,                   0,              0.0882
       160,       153,      1.00,              0.8234,                   0,              0.0735
       160,       154,      1.00,              4.3815,                   0,              0.3308
       160,       155,      1.00,              2.7494,                   0,              0.2573
       160,       156,      1.00,              0.3970,                   0,              0.0441
       160,       157,      1.00,              1.5144,                   0,              0.0294
       160,       158,      1.00,                   0,                   0,              0.1176
       160,       159,      1.00,              0.2941,                   0,              0.0368
       160,       160,      1.00,             40.5065,                   0,              0.1103
       160,       161,      1.00,             13.5928,                   0,              0.2058
       160,       162,      1.00,             17.8714,                   0,              0.5440
       160,       163,      1.00,              0.4411,                   0,              0.0294
       160,       164,      1.00,             13.0268,                   0,              0.3014
       160,       165,      1.00,              2.6024,                   0,              0.1397
       160,       166,      1.00,              7.2779,                   0,              0.1617
       160,       167,      1.00,              9.9465,                   0,              0.2205
       160,       168,      1.00,              6.8442,                   0,              0.1250
       160,       169,      1.00,              3.1685,                   0,              0.0735
       160,       170,      1.00,              7.3809,                   0,              0.0735
       160,       172,      1.00,              5.6974,                   0,              0.0809
       160,       173,      1.00,              0.3161,                   0,              0.0074
       160,       174,      1.00,              3.1979,                   0,              0.0662
       160,       175,      1.00,              6.0502,                   0,              0.1103
       160,       176,      1.00,              0.1029,                   0,                   0
       160,       177,      1.00,              4.7637,                   0,              0.1250
       160,       178,      1.00,              2.6906,                   0,              0.1176
       160,       179,      1.00,              4.2197,                   0,              0.3308
       160,       180,      1.00,              0.8969,                   0,              0.0368
       160,       181,      1.00,              2.0731,                   0,              0.0809
       160,       182,      1.00,              5.9326,                   0,              0.3455
       160,       183,      1.00,              1.0513,                   0,              0.0147
       160,       184,      1.00,              1.3674,                   0,              0.0294
       160,       185,      1.00,              1.8379,                   0,              0.0074
       160,       186,      1.00,              1.2497,                   0,                   0
       160,       187,      1.00,              0.6249,                   0,                   0
       160,       188,      1.00,              1.9114,                   0,              0.0368
       160,       189,      1.00,              0.6249,                   0,                   0
       160,       190,      1.00,              0.4411,                   0,              0.0074
       160,       192,      1.00,              0.6322,                   0,              0.0294
       160,       193,      1.00,              0.1911,                   0,              0.0074
       160,       194,      1.00,              0.1103,                   0,                   0
       160,       195,      1.00,              0.8969,                   0,              0.0221
       160,       196,      1.00,              0.3161,                   0,              0.0294
       160,       197,      1.00,              0.2058,                   0,              0.0074
       160,       198,      1.00,              0.2058,                   0,              0.0147
       160,       199,      1.00,              0.0441,                   0,                   0
       160,       200,      1.00,              0.2058,                   0,              0.0147
       160,       201,      1.00,              0.2132,                   0,              0.0147
       160,       202,      1.00,              0.1617,                   0,              0.0074
       160,       203,      1.00,              0.0221,                   0,              0.0074
       160,       204,      1.00,                   0,                   0,              0.0147
       160,       205,      1.00,                   0,                   0,              0.0074
       160,       207,      1.00,                   0,                   0,              0.0147
       160,       208,      1.00,              0.0368,                   0,              0.0074
       160,       209,      1.00,              0.0882,                   0,              0.0441
       160,       210,      1.00,              0.0074,                   0,              0.0147
       160,       211,      1.00,              3.4184,                   0,              0.1323
       160,       212,      1.00,              2.5068,                   0,              0.2352
       160,       213,      1.00,              2.7274,                   0,              0.2352
       160,       214,      1.00,              0.5220,                   0,              0.0294
       160,       224,      1.00,                   0,                   0,              0.0147
       160,       226,      1.00,                   0,                   0,              0.0147
       160,       227,      1.00,                   0,                   0,              0.0074
       160,       228,      1.00,                   0,                   0,              0.0074
       161,         1,      1.00,              0.0221,                   0,              0.0074
       161,         2,      1.00,              0.0368,                   0,              0.0147
       161,         3,      1.00,              0.0147,                   0,              0.0074
       161,         4,      1.00,                   0,                   0,              0.0074
       161,         5,      1.00,              0.0515,                   0,              0.0147
       161,         6,      1.00,              0.0147,                   0,              0.0221
       161,         7,      1.00,              0.0882,                   0,              0.0368
       161,         8,      1.00,              0.1250,                   0,              0.0588
       161,         9,      1.00,              0.1985,                   0,              0.0294
       161,        11,      1.00,              0.0074,                   0,              0.0147
       161,        12,      1.00,              0.0368,                   0,              0.0368
       161,        13,      1.00,              0.0735,                   0,              0.0515
       161,        14,      1.00,              0.1103,                   0,              0.0515
       161,        15,      1.00,              0.2205,                   0,              0.0662
       161,        17,      1.00,              0.1397,                   0,              0.0147
       161,        18,      1.00,              0.0221,                   0,              0.0074
       161,        19,      1.00,              0.0735,                   0,              0.0074
       161,        20,      1.00,                   0,                   0,              0.0074
       161,        21,      1.00,              0.2058,                   0,              0.0147
       161,        22,      1.00,              0.0588,                   0,              0.0074
       161,        23,      1.00,              0.1176,                   0,              0.0221
       161,        24,      1.00,              0.0441,                   0,              0.0147
       161,        25,      1.00,              0.0294,                   0,                   0
       161,        26,      1.00,              0.0074,                   0,              0.0147
       161,        27,      1.00,              0.0588,                   0,              0.0294
       161,        28,      1.00,              0.0588,                   0,              0.0441
       161,        29,      1.00,              0.0147,                   0,              0.0147
       161,        30,      1.00,              0.0294,                   0,              0.0221
       161,        31,      1.00,              0.0294,                   0,              0.0221
       161,        32,      1.00,              0.0441,                   0,              0.0294
       161,        33,      1.00,              0.0662,                   0,              0.0294
       161,        34,      1.00,              0.0147,                   0,              0.0074
       161,        35,      1.00,              0.0882,                   0,              0.0368
       161,        36,      1.00,              0.1029,                   0,              0.0368
       161,        37,      1.00,              0.0588,                   0,              0.0368
       161,        38,      1.00,              0.0221,                   0,              0.0221
       161,        39,      1.00,              0.1470,                   0,              0.0441
       161,        40,      1.00,              0.1029,                   0,              0.0368
       161,        41,      1.00,              0.1691,                   0,              0.0662
       161,        42,      1.00,              0.0441,                   0,              0.0074
       161,        43,      1.00,              0.1029,                   0,              0.0221
       161,        44,      1.00,              0.1985,                   0,              0.0515
       161,        45,      1.00,              0.5220,                   0,              0.1103
       161,        46,      1.00,              0.2941,                   0,              0.0735
       161,        47,      1.00,              0.0809,                   0,              0.0147
       161,        48,      1.00,              0.0074,                   0,                   0
       161,        49,      1.00,              0.0882,                   0,              0.0441
       161,        50,      1.00,              0.0294,                   0,              0.0147
       161,        52,      1.00,              0.1838,                   0,              0.0441
       161,        53,      1.00,              0.0074,                   0,                   0
       161,        54,      1.00,              0.0882,                   0,              0.0147
       161,        55,      1.00,              0.1544,                   0,              0.0515
       161,        56,      1.00,              0.1617,                   0,              0.0588
       161,        57,      1.00,              0.0074,                   0,                   0
       161,        58,      1.00,              0.2794,                   0,              0.0662
       161,        59,      1.00,              0.0515,                   0,              0.0294
       161,        60,      1.00,              0.0368,                   0,              0.0221
       161,        61,      1.00,              0.0882,                   0,              0.0368
       161,        62,      1.00,              0.0662,                   0,              0.0221
       161,        63,      1.00,              0.0662,                   0,              0.0221
       161,        64,      1.00,              0.1103,                   0,              0.0294
       161,        65,      1.00,              0.1691,                   0,              0.0368
       161,        66,      1.00,              0.1397,                   0,              0.0294
       161,        67,      1.00,              0.3823,                   0,              0.0662
       161,        68,      1.00,              0.0735,                   0,              0.0147
       161,        69,      1.00,              0.1470,                   0,              0.0368
       161,        70,      1.00,              0.0294,                   0,              0.0074
       161,        71,      1.00,              0.0956,                   0,              0.0221
       161,        72,      1.00,              0.0441,                   0,              0.0147
       161,        73,      1.00,              0.1103,                   0,              0.0368
       161,        74,      1.00,              0.1103,                   0,              0.0147
       161,        75,      1.00,              0.3308,                   0,              0.0882
       161,        76,      1.00,              0.1691,                   0,              0.0441
       161,        77,      1.00,              0.2499,                   0,              0.0147
       161,        79,      1.00,              0.5955,                   0,              0.0515
       161,        80,      1.00,              0.3823,                   0,              0.0515
       161,        81,      1.00,              0.5734,                   0,              0.0368
       161,        82,      1.00,              0.1544,                   0,              0.0294
       161,        83,      1.00,              0.6322,                   0,              0.1103
       161,        84,      1.00,              1.3453,                   0,              0.1470
       161,        85,      1.00,              1.1321,                   0,              0.1250
       161,        86,      1.00,              0.6396,                   0,              0.0956
       161,        87,      1.00,              0.1176,                   0,              0.0221
       161,        88,      1.00,              0.1838,                   0,              0.0147
       161,        89,      1.00,              0.2499,                   0,              0.0221
       161,        90,      1.00,              0.6249,                   0,              0.0735
       161,        91,      1.00,              0.5220,                   0,              0.0515
       161,        92,      1.00,              1.6026,                   0,              0.1911
       161,        93,      1.00,              0.3896,                   0,              0.0441
       161,        94,      1.00,              0.4264,                   0,              0.0735
       161,        95,      1.00,              2.3304,                   0,              0.2205
       161,        96,      1.00,              0.0515,                   0,              0.0221
       161,        97,      1.00,              0.0441,                   0,              0.0147
       161,        98,      1.00,              0.0809,                   0,              0.0221
       161,        99,      1.00,              0.2426,                   0,              0.0147
       161,       100,      1.00,              0.9704,                   0,              0.1103
       161,       101,      1.00,              0.4484,                   0,              0.0662
       161,       102,      1.00,              0.1397,                   0,              0.0221
       161,       103,      1.00,              1.5953,                   0,              0.0809
       161,       104,      1.00,              0.4631,                   0,              0.0588
       161,       105,      1.00,              0.9924,                   0,              0.0588
       161,       106,      1.00,              0.8087,                   0,              0.0662
       161,       107,      1.00,              0.7351,                   0,              0.0588
       161,       108,      1.00,              0.5734,                   0,              0.0221
       161,       109,      1.00,              0.5808,                   0,              0.0368
       161,       110,      1.00,              0.2867,                   0,              0.0147
       161,       111,      1.00,              0.1544,                   0,              0.0147
       161,       112,      1.00,              0.1470,                   0,              0.0588
       161,       114,      1.00,              2.0658,                   0,              0.0882
       161,       115,      1.00,              0.0441,                   0,              0.0294
       161,       116,      1.00,              1.2056,                   0,              0.0882
       161,       117,      1.00,              7.7043,                   0,              0.2132
       161,       118,      1.00,              4.7490,                   0,              0.1470
       161,       119,      1.00,              1.6320,                   0,              0.1985
       161,       120,      1.00,              0.9998,                   0,              0.1029
       161,       121,      1.00,              2.5215,                   0,              0.1911
       161,       122,      1.00,              1.6320,                   0,              0.1397
       161,       123,      1.00,              2.5436,                   0,              0.1176
       161,       124,      1.00,              3.6904,                   0,              0.2132
       161,       125,      1.00,              3.1832,                   0,              0.1323
       161,       126,      1.00,              5.4180,                   0,              0.3823
       161,       127,      1.00,              7.7043,                   0,              0.4558
       161,       128,      1.00,              4.7564,                   0,              0.1985
       161,       129,      1.00,              1.3821,                   0,              0.0809
       161,       130,      1.00,              1.8673,                   0,              0.0662
       161,       131,      1.00,              1.0733,                   0,              0.0956
       161,       132,      1.00,              1.9849,                   0,              0.0809
       161,       133,      1.00,              1.7423,                   0,              0.0882
       161,       134,      1.00,              2.7347,                   0,              0.0735
       161,       135,      1.00,              6.7266,                   0,              0.1911
       161,       136,      1.00,              8.8364,                   0,              0.2573
       161,       137,      1.00,              3.8375,                   0,              0.1103
       161,       138,      1.00,             10.4758,                   0,              0.2867
       161,       139,      1.00,              2.4480,                   0,              0.0515
       161,       140,      1.00,             24.8626,                   0,              0.4117
       161,       141,      1.00,             11.3874,                   0,              0.4190
       161,       142,      1.00,             13.5781,                   0,              0.4264
       161,       143,      1.00,             11.8064,                   0,              0.4043
       161,       144,      1.00,              4.8078,                   0,              0.0735
       161,       145,      1.00,              6.9765,                   0,              0.1397
       161,       146,      1.00,             21.4001,                   0,              0.6837
       161,       147,      1.00,             30.7805,                   0,              0.3308
       161,       148,      1.00,             19.5622,                   0,              0.3455
       161,       149,      1.00,             14.3353,                   0,              0.3088
       161,       150,      1.00,             13.3870,                   0,              0.3455
       161,       151,      1.00,             18.2536,                   0,              0.4117
       161,       152,      1.00,              5.0578,                   0,              0.1544
       161,       153,      1.00,              5.0063,                   0,              0.1544
       161,       154,      1.00,             35.1987,                   0,              0.7793
       161,       155,      1.00,             21.4074,                   0,              0.4925
       161,       156,      1.00,              1.8820,                   0,              0.0735
       161,       157,      1.00,              4.0139,                   0,              0.0809
       161,       158,      1.00,              0.0294,                   0,              0.0221
       161,       159,      1.00,              0.9410,                   0,              0.0368
       161,       160,      1.00,             25.5536,                   0,              0.2058
       161,       161,      1.00,             19.0549,                   0,              0.1029
       161,       162,      1.00,             20.7237,                   0,              0.5955
       161,       163,      1.00,              0.4484,                   0,              0.0294
       161,       164,      1.00,             37.2718,                   0,              0.8160
       161,       165,      1.00,             11.6006,                   0,              0.2794
       161,       166,      1.00,             24.4142,                   0,              0.3970
       161,       167,      1.00,             28.1634,                   0,              0.3455
       161,       168,      1.00,             42.7928,                   0,              0.3896
       161,       169,      1.00,             17.9890,                   0,              0.2132
       161,       170,      1.00,             21.4515,                   0,              0.3455
       161,       171,      1.00,              0.0809,                   0,              0.0074
       161,       172,      1.00,             18.2610,                   0,              0.4631
       161,       173,      1.00,              1.2792,                   0,              0.0221
       161,       174,      1.00,              9.4025,                   0,              0.2573
       161,       175,      1.00,             15.2175,                   0,              0.3529
       161,       176,      1.00,              0.9263,                   0,              0.0221
       161,       177,      1.00,             25.4801,                   0,              0.3235
       161,       178,      1.00,             13.9383,                   0,              0.2867
       161,       179,      1.00,             34.4268,                   0,              0.7131
       161,       180,      1.00,              3.6096,                   0,              0.0809
       161,       181,      1.00,             11.2845,                   0,              0.2794
       161,       182,      1.00,             15.9526,                   0,              0.5734
       161,       183,      1.00,              5.4548,                   0,              0.1103
       161,       184,      1.00,              5.3371,                   0,              0.1764
       161,       185,      1.00,              4.9696,                   0,              0.1691
       161,       186,      1.00,              2.3672,                   0,              0.0735
       161,       187,      1.00,              1.4115,                   0,              0.0441
       161,       188,      1.00,              5.9914,                   0,              0.2794
       161,       189,      1.00,              1.3894,                   0,              0.0588
       161,       190,      1.00,              1.9114,                   0,              0.1323
       161,       191,      1.00,              0.1103,                   0,              0.0147
       161,       192,      1.00,              1.2277,                   0,              0.1323
       161,       193,      1.00,              0.3235,                   0,              0.0221
       161,       194,      1.00,              0.1985,                   0,              0.0294
       161,       195,      1.00,              3.2567,                   0,              0.1176
       161,       196,      1.00,              0.5734,                   0,              0.0735
       161,       197,      1.00,              0.2573,                   0,              0.0221
       161,       198,      1.00,              0.5146,                   0,              0.0368
       161,       199,      1.00,              0.1176,                   0,              0.0074
       161,       200,      1.00,              0.0735,                   0,              0.0368
       161,       201,      1.00,              0.9998,                   0,              0.0515
       161,       202,      1.00,              0.3896,                   0,              0.0221
       161,       203,      1.00,              0.4337,                   0,              0.0221
       161,       204,      1.00,              0.2794,                   0,              0.0368
       161,       205,      1.00,              0.0221,                   0,              0.0221
       161,       206,      1.00,              0.0074,                   0,              0.0074
       161,       207,      1.00,              0.3749,                   0,              0.0515
       161,       208,      1.00,              0.1103,                   0,              0.0294
       161,       209,      1.00,              0.3823,                   0,              0.0882
       161,       210,      1.00,              0.1911,                   0,              0.0515
       161,       211,      1.00,              4.9843,                   0,              0.1617
       161,       212,      1.00,             16.2246,                   0,              0.4043
       161,       213,      1.00,              2.6098,                   0,              0.1323
       161,       214,      1.00,              0.5367,                   0,              0.0368
       161,       218,      1.00,                   0,                   0,              0.0074
       161,       219,      1.00,                   0,                   0,              0.0074
       161,       224,      1.00,                   0,                   0,              0.0147
       161,       226,      1.00,                   0,                   0,              0.0147
       161,       227,      1.00,              0.0074,                   0,              0.0221
       161,       228,      1.00,                   0,                   0,              0.0147
       162,         2,      1.00,              0.0368,                   0,                   0
       162,         3,      1.00,              0.0147,                   0,                   0
       162,         6,      1.00,              0.0515,                   0,                   0
       162,         7,      1.00,              0.4190,                   0,              0.0074
       162,         8,      1.00,              0.2720,                   0,              0.0221
       162,         9,      1.00,              0.4852,                   0,              0.0074
       162,        11,      1.00,              0.1470,                   0,              0.0074
       162,        12,      1.00,              0.0662,                   0,              0.0147
       162,        13,      1.00,              0.4484,                   0,              0.0147
       162,        14,      1.00,              0.9336,                   0,              0.0221
       162,        15,      1.00,              1.2277,                   0,              0.0441
       162,        17,      1.00,              0.2058,                   0,              0.0368
       162,        19,      1.00,              0.1397,                   0,              0.0074
       162,        20,      1.00,              0.2058,                   0,                   0
       162,        21,      1.00,              1.4115,                   0,              0.0368
       162,        22,      1.00,              0.4117,                   0,              0.0074
       162,        23,      1.00,              0.3088,                   0,              0.0074
       162,        24,      1.00,              0.4117,                   0,              0.0074
       162,        26,      1.00,              0.0515,                   0,              0.0074
       162,        27,      1.00,              0.0074,                   0,              0.0147
       162,        28,      1.00,              0.3749,                   0,              0.0441
       162,        29,      1.00,              0.0662,                   0,              0.0221
       162,        30,      1.00,              0.0221,                   0,              0.0294
       162,        31,      1.00,              0.2794,                   0,              0.0294
       162,        32,      1.00,              0.5514,                   0,              0.0221
       162,        33,      1.00,              0.0368,                   0,              0.0515
       162,        35,      1.00,              0.2058,                   0,              0.0074
       162,        36,      1.00,              0.0368,                   0,              0.0147
       162,        37,      1.00,              0.2132,                   0,              0.0074
       162,        38,      1.00,              0.0074,                   0,              0.0074
       162,        39,      1.00,              0.1691,                   0,              0.0221
       162,        40,      1.00,              0.2205,                   0,              0.0147
       162,        41,      1.00,              0.5293,                   0,              0.0294
       162,        42,      1.00,                   0,                   0,              0.0074
       162,        43,      1.00,              0.1103,                   0,              0.0074
       162,        44,      1.00,              0.3235,                   0,              0.0294
       162,        45,      1.00,              0.7498,                   0,              0.0809
       162,        46,      1.00,              0.0221,                   0,              0.0588
       162,        47,      1.00,              0.1764,                   0,              0.0074
       162,        48,      1.00,                   0,                   0,              0.0147
       162,        49,      1.00,              0.0147,                   0,              0.0221
       162,        50,      1.00,                   0,                   0,              0.0956
       162,        52,      1.00,              0.0147,                   0,              0.0221
       162,        54,      1.00,              0.1029,                   0,              0.0074
       162,        55,      1.00,              0.3823,                   0,              0.0294
       162,        56,      1.00,              0.2132,                   0,              0.0221
       162,        57,      1.00,              0.0074,                   0,                   0
       162,        58,      1.00,              0.0147,                   0,              0.0294
       162,        59,      1.00,              0.4190,                   0,              0.0221
       162,        60,      1.00,              0.0147,                   0,              0.0221
       162,        61,      1.00,              0.9263,                   0,              0.0588
       162,        62,      1.00,              0.6910,                   0,              0.0368
       162,        63,      1.00,              1.1615,                   0,              0.0662
       162,        64,      1.00,              0.7646,                   0,              0.0515
       162,        65,      1.00,              0.2205,                   0,              0.0221
       162,        66,      1.00,              0.4705,                   0,              0.0147
       162,        67,      1.00,              0.7940,                   0,              0.0441
       162,        68,      1.00,              0.2647,                   0,              0.0221
       162,        69,      1.00,              0.0147,                   0,              0.0147
       162,        70,      1.00,              0.0074,                   0,              0.0074
       162,        71,      1.00,              0.2132,                   0,              0.0074
       162,        72,      1.00,                   0,                   0,              0.0221
       162,        73,      1.00,              0.0221,                   0,              0.0221
       162,        74,      1.00,              0.0074,                   0,              0.0074
       162,        75,      1.00,              0.4484,                   0,              0.0735
       162,        76,      1.00,              0.4925,                   0,              0.0294
       162,        77,      1.00,              0.2205,                   0,              0.0221
       162,        78,      1.00,              0.5440,                   0,              0.0221
       162,        79,      1.00,              0.8822,                   0,              0.0588
       162,        80,      1.00,              0.6396,                   0,              0.0368
       162,        81,      1.00,              0.3088,                   0,              0.0221
       162,        82,      1.00,              0.2205,                   0,              0.0221
       162,        83,      1.00,              0.5661,                   0,              0.0809
       162,        84,      1.00,              1.2277,                   0,              0.1029
       162,        85,      1.00,              0.8748,                   0,              0.0735
       162,        86,      1.00,              0.8160,                   0,              0.0515
       162,        87,      1.00,              0.1176,                   0,              0.0074
       162,        88,      1.00,              0.0074,                   0,              0.0147
       162,        89,      1.00,              0.3161,                   0,              0.1029
       162,        90,      1.00,              0.5514,                   0,              0.0441
       162,        91,      1.00,              0.2279,                   0,              0.0294
       162,        92,      1.00,              2.6318,                   0,              0.1764
       162,        93,      1.00,              0.2279,                   0,              0.0368
       162,        94,      1.00,              0.3455,                   0,              0.0441
       162,        95,      1.00,              2.3672,                   0,              0.1617
       162,        96,      1.00,              0.2132,                   0,              0.0147
       162,        97,      1.00,              0.6396,                   0,              0.0441
       162,        98,      1.00,              0.9924,                   0,              0.0441
       162,        99,      1.00,              1.3527,                   0,              0.0882
       162,       100,      1.00,              6.6531,                   0,              0.5072
       162,       101,      1.00,              3.0950,                   0,              0.1617
       162,       102,      1.00,              1.5879,                   0,              0.2132
       162,       103,      1.00,              5.0578,                   0,              0.1103
       162,       104,      1.00,              0.8454,                   0,              0.0294
       162,       105,      1.00,              4.0653,                   0,              0.2132
       162,       106,      1.00,              2.3672,                   0,              0.1103
       162,       107,      1.00,              1.1983,                   0,              0.1250
       162,       108,      1.00,              1.8158,                   0,              0.0662
       162,       109,      1.00,              0.9777,                   0,              0.0882
       162,       110,      1.00,              0.2132,                   0,              0.0074
       162,       111,      1.00,              0.6249,                   0,              0.0074
       162,       112,      1.00,              0.2205,                   0,              0.0221
       162,       114,      1.00,              9.0496,                   0,              0.5367
       162,       115,      1.00,              0.0294,                   0,              0.1470
       162,       116,      1.00,              7.6823,                   0,              0.4558
       162,       117,      1.00,             32.9859,                   0,              0.8454
       162,       118,      1.00,             13.6810,                   0,              0.3823
       162,       119,      1.00,              3.2714,                   0,              0.2058
       162,       120,      1.00,              1.8379,                   0,              0.0735
       162,       121,      1.00,              3.5213,                   0,              0.1691
       162,       122,      1.00,              3.3743,                   0,              0.3235
       162,       123,      1.00,              6.2267,                   0,              0.2058
       162,       124,      1.00,              5.4621,                   0,              0.4337
       162,       125,      1.00,             10.9022,                   0,              0.4043
       162,       126,      1.00,              4.4550,                   0,              0.4117
       162,       127,      1.00,              5.7415,                   0,              0.3676
       162,       128,      1.00,              3.3082,                   0,              0.2794
       162,       129,      1.00,              1.6688,                   0,              0.1250
       162,       130,      1.00,              3.1170,                   0,              0.0515
       162,       131,      1.00,              1.3674,                   0,              0.1029
       162,       132,      1.00,              1.9922,                   0,              0.0368
       162,       133,      1.00,              0.2867,                   0,              0.0662
       162,       134,      1.00,              5.3004,                   0,              0.1029
       162,       135,      1.00,             32.2214,                   0,              0.6469
       162,       136,      1.00,             42.7119,                   0,              1.0880
       162,       137,      1.00,             21.4589,                   0,              0.4852
       162,       138,      1.00,             32.7580,                   0,              1.1836
       162,       139,      1.00,              4.1095,                   0,              0.1544
       162,       140,      1.00,             28.3619,                   0,              1.1321
       162,       141,      1.00,              6.6604,                   0,              0.7204
       162,       142,      1.00,              5.5136,                   0,              0.4999
       162,       143,      1.00,              8.2336,                   0,              0.9042
       162,       144,      1.00,              2.4113,                   0,              0.1764
       162,       145,      1.00,              2.9553,                   0,              0.4117
       162,       146,      1.00,             12.1152,                   0,              1.0219
       162,       147,      1.00,              7.0647,                   0,              0.4484
       162,       148,      1.00,             10.7552,                   0,              0.4925
       162,       149,      1.00,              6.2120,                   0,              0.4852
       162,       150,      1.00,              6.8736,                   0,              0.4337
       162,       151,      1.00,              3.0288,                   0,              0.5072
       162,       152,      1.00,              1.3747,                   0,              0.1838
       162,       153,      1.00,              3.0141,                   0,              0.1691
       162,       154,      1.00,              8.7923,                   0,              0.7498
       162,       155,      1.00,              5.1754,                   0,              0.7793
       162,       156,      1.00,              1.2644,                   0,              0.0809
       162,       157,      1.00,             12.3431,                   0,              0.2867
       162,       158,      1.00,              0.1103,                   0,              0.1838
       162,       159,      1.00,              1.7790,                   0,              0.1323
       162,       160,      1.00,             15.8424,                   0,              0.5440
       162,       161,      1.00,             10.1376,                   0,              0.5955
       162,       162,      1.00,            227.2920,                   0,              2.5510
       162,       163,      1.00,              1.6100,                   0,              0.1323
       162,       164,      1.00,            110.9407,                   0,              2.8524
       162,       165,      1.00,              4.4476,                   0,              0.3896
       162,       166,      1.00,              8.3365,                   0,              0.5146
       162,       167,      1.00,              7.8440,                   0,              0.5220
       162,       168,      1.00,             16.5334,                   0,              0.4925
       162,       169,      1.00,             10.1744,                   0,              0.3308
       162,       170,      1.00,             51.4748,                   0,              1.0292
       162,       171,      1.00,              0.4558,                   0,              0.0147
       162,       172,      1.00,             52.6658,                   0,              1.4850
       162,       173,      1.00,              2.0216,                   0,              0.0368
       162,       174,      1.00,             22.6425,                   0,              0.6543
       162,       175,      1.00,             32.3684,                   0,              1.1395
       162,       176,      1.00,              1.5217,                   0,              0.0221
       162,       177,      1.00,             19.3049,                   0,              0.7278
       162,       178,      1.00,              6.4840,                   0,              0.2794
       162,       179,      1.00,             11.1374,                   0,              0.7646
       162,       180,      1.00,              0.9704,                   0,              0.0956
       162,       181,      1.00,              8.2557,                   0,              0.5146
       162,       182,      1.00,              8.4174,                   0,              0.6175
       162,       183,      1.00,              3.8963,                   0,              0.1617
       162,       184,      1.00,              6.7119,                   0,              0.1911
       162,       185,      1.00,              7.9469,                   0,              0.1103
       162,       186,      1.00,              4.1095,                   0,              0.0735
       162,       187,      1.00,              3.2199,                   0,              0.0294
       162,       188,      1.00,             14.3868,                   0,              0.5955
       162,       189,      1.00,              2.8965,                   0,              0.1250
       162,       190,      1.00,              2.2937,                   0,              0.2132
       162,       191,      1.00,              0.3896,                   0,              0.0368
       162,       192,      1.00,              4.6167,                   0,              0.1617
       162,       193,      1.00,              0.7204,                   0,              0.0294
       162,       194,      1.00,              0.4484,                   0,              0.0147
       162,       195,      1.00,              5.5062,                   0,              0.1617
       162,       196,      1.00,              1.2792,                   0,              0.1250
       162,       197,      1.00,              0.5293,                   0,              0.0294
       162,       198,      1.00,              1.7643,                   0,              0.0662
       162,       199,      1.00,              0.1691,                   0,              0.0074
       162,       200,      1.00,              0.5367,                   0,              0.0515
       162,       201,      1.00,              1.3086,                   0,              0.0882
       162,       202,      1.00,              0.3382,                   0,              0.0221
       162,       203,      1.00,              0.3161,                   0,              0.0368
       162,       204,      1.00,              0.2279,                   0,              0.0735
       162,       205,      1.00,              0.3161,                   0,              0.0368
       162,       206,      1.00,              0.4190,                   0,              0.0147
       162,       207,      1.00,              1.3159,                   0,              0.0662
       162,       208,      1.00,              0.1617,                   0,              0.0074
       162,       209,      1.00,              0.3382,                   0,              0.0588
       162,       210,      1.00,              0.2499,                   0,              0.0221
       162,       211,      1.00,              8.7997,                   0,              0.5293
       162,       212,      1.00,              9.5348,                   0,              0.8454
       162,       213,      1.00,             32.0523,                   0,              0.6102
       162,       214,      1.00,              1.9334,                   0,              0.1617
       162,       218,      1.00,                   0,                   0,              0.0074
       162,       219,      1.00,                   0,                   0,              0.0147
       162,       224,      1.00,                   0,                   0,              0.1029
       162,       226,      1.00,              0.0074,                   0,              0.0882
       162,       227,      1.00,              0.0147,                   0,              0.0588
       162,       228,      1.00,              0.0074,                   0,              0.0515
       162,       229,      1.00,                   0,                   0,              0.0074
       163,         1,      1.00,              0.0221,                   0,                   0
       163,        18,      1.00,              0.0735,                   0,                   0
       163,        21,      1.00,              0.0441,                   0,                   0
       163,        28,      1.00,              0.0956,                   0,                   0
       163,        45,      1.00,                   0,                   0,              0.0074
       163,        50,      1.00,                   0,                   0,              0.0074
       163,        61,      1.00,              0.0074,                   0,              0.0074
       163,        62,      1.00,              0.0956,                   0,                   0
       163,        63,      1.00,                   0,                   0,              0.0074
       163,        64,      1.00,              0.0074,                   0,                   0
       163,        65,      1.00,              0.0956,                   0,                   0
       163,        67,      1.00,              0.0074,                   0,                   0
       163,        69,      1.00,              0.1911,                   0,                   0
       163,        75,      1.00,                   0,                   0,              0.0074
       163,        79,      1.00,              0.1911,                   0,                   0
       163,        81,      1.00,              0.0147,                   0,                   0
       163,        83,      1.00,              0.0074,                   0,                   0
       163,        86,      1.00,              0.0074,                   0,                   0
       163,        89,      1.00,              0.0956,                   0,              0.0074
       163,        90,      1.00,              0.0956,                   0,                   0
       163,        92,      1.00,              0.2867,                   0,              0.0074
       163,        95,      1.00,              0.2867,                   0,              0.0074
       163,        97,      1.00,                   0,                   0,              0.0074
       163,        99,      1.00,                   0,                   0,              0.0074
       163,       100,      1.00,              0.2941,                   0,              0.0441
       163,       101,      1.00,              0.1029,                   0,              0.0147
       163,       102,      1.00,                   0,                   0,              0.0147
       163,       103,      1.00,              0.0074,                   0,              0.0074
       163,       105,      1.00,              0.4778,                   0,              0.0147
       163,       106,      1.00,              0.1911,                   0,              0.0074
       163,       107,      1.00,              0.0074,                   0,              0.0147
       163,       108,      1.00,              0.0074,                   0,              0.0074
       163,       109,      1.00,              0.0074,                   0,              0.0074
       163,       114,      1.00,              0.6616,                   0,              0.0441
       163,       115,      1.00,                   0,                   0,              0.0074
       163,       116,      1.00,              0.3382,                   0,              0.0441
       163,       117,      1.00,              1.0071,                   0,              0.0735
       163,       118,      1.00,              0.6322,                   0,              0.0368
       163,       119,      1.00,              0.2867,                   0,              0.0147
       163,       120,      1.00,              0.1691,                   0,                   0
       163,       121,      1.00,              0.2573,                   0,              0.0147
       163,       122,      1.00,              0.0956,                   0,              0.0221
       163,       123,      1.00,              0.1764,                   0,              0.0221
       163,       124,      1.00,              0.1250,                   0,              0.0368
       163,       125,      1.00,              0.7646,                   0,              0.0368
       163,       126,      1.00,              0.2279,                   0,              0.0221
       163,       127,      1.00,              0.2426,                   0,              0.0147
       163,       128,      1.00,              0.1323,                   0,              0.0147
       163,       129,      1.00,              0.3749,                   0,              0.0147
       163,       130,      1.00,              0.3749,                   0,              0.0074
       163,       131,      1.00,              0.1029,                   0,              0.0074
       163,       133,      1.00,              0.0074,                   0,              0.0074
       163,       134,      1.00,              0.3382,                   0,              0.0074
       163,       135,      1.00,              2.1760,                   0,              0.0515
       163,       136,      1.00,              2.7715,                   0,              0.0882
       163,       137,      1.00,              1.5659,                   0,              0.0441
       163,       138,      1.00,              1.5659,                   0,              0.0735
       163,       139,      1.00,              0.2426,                   0,              0.0074
       163,       140,      1.00,              0.9998,                   0,              0.0662
       163,       141,      1.00,              0.2279,                   0,              0.0368
       163,       142,      1.00,              0.1544,                   0,              0.0368
       163,       143,      1.00,              0.4264,                   0,              0.0368
       163,       144,      1.00,              0.1470,                   0,              0.0074
       163,       145,      1.00,              0.0294,                   0,              0.0147
       163,       146,      1.00,              0.4117,                   0,              0.0515
       163,       147,      1.00,              0.0441,                   0,              0.0221
       163,       148,      1.00,              0.2426,                   0,              0.0221
       163,       149,      1.00,              0.1029,                   0,              0.0221
       163,       150,      1.00,              0.0074,                   0,              0.0294
       163,       151,      1.00,              0.1103,                   0,              0.0147
       163,       152,      1.00,              0.0074,                   0,              0.0074
       163,       153,      1.00,              0.0074,                   0,              0.0074
       163,       154,      1.00,              0.1617,                   0,              0.0368
       163,       155,      1.00,              0.1103,                   0,              0.0368
       163,       156,      1.00,              0.0515,                   0,                   0
       163,       157,      1.00,              0.0956,                   0,              0.0074
       163,       158,      1.00,                   0,                   0,              0.0147
       163,       159,      1.00,              0.0147,                   0,              0.0074
       163,       160,      1.00,              0.6690,                   0,              0.0294
       163,       161,      1.00,              0.1911,                   0,              0.0294
       163,       162,      1.00,              2.4407,                   0,              0.1323
       163,       163,      1.00,              0.2132,                   0,              0.0074
       163,       164,      1.00,              0.9851,                   0,              0.1103
       163,       165,      1.00,              0.0074,                   0,              0.0221
       163,       166,      1.00,              0.3382,                   0,              0.0221
       163,       167,      1.00,              0.5220,                   0,              0.0221
       163,       168,      1.00,              0.3308,                   0,              0.0147
       163,       169,      1.00,              0.2132,                   0,              0.0074
       163,       170,      1.00,              0.7204,                   0,              0.0221
       163,       172,      1.00,              0.7572,                   0,              0.0147
       163,       173,      1.00,              0.0294,                   0,                   0
       163,       174,      1.00,              0.6690,                   0,              0.0074
       163,       175,      1.00,              0.3970,                   0,              0.0147
       163,       176,      1.00,              0.0662,                   0,                   0
       163,       177,      1.00,              0.3896,                   0,              0.0221
       163,       178,      1.00,              0.2426,                   0,              0.0074
       163,       179,      1.00,              0.3896,                   0,              0.0221
       163,       181,      1.00,              0.1617,                   0,              0.0147
       163,       182,      1.00,              0.1985,                   0,              0.0221
       163,       183,      1.00,              0.2426,                   0,              0.0074
       163,       184,      1.00,              0.1985,                   0,              0.0074
       163,       185,      1.00,              0.4631,                   0,                   0
       163,       186,      1.00,              0.1911,                   0,                   0
       163,       187,      1.00,              0.0956,                   0,                   0
       163,       188,      1.00,              0.1103,                   0,              0.0147
       163,       189,      1.00,              0.0956,                   0,                   0
       163,       190,      1.00,              0.0588,                   0,                   0
       163,       192,      1.00,              0.2352,                   0,              0.0074
       163,       195,      1.00,              0.1911,                   0,                   0
       163,       196,      1.00,                   0,                   0,              0.0074
       163,       198,      1.00,              0.0294,                   0,                   0
       163,       199,      1.00,              0.0221,                   0,                   0
       163,       201,      1.00,                   0,                   0,              0.0074
       163,       202,      1.00,              0.0735,                   0,                   0
       163,       211,      1.00,              0.3088,                   0,              0.0221
       163,       212,      1.00,              0.0441,                   0,              0.0294
       163,       213,      1.00,              1.0071,                   0,              0.0441
       163,       214,      1.00,              0.2573,                   0,              0.0074
       163,       224,      1.00,                   0,                   0,              0.0074
       163,       226,      1.00,                   0,                   0,              0.0074
       164,         4,      1.00,              0.0662,                   0,                   0
       164,         6,      1.00,              0.5146,                   0,                   0
       164,         7,      1.00,              0.3896,                   0,                   0
       164,         8,      1.00,              0.3014,                   0,              0.0147
       164,         9,      1.00,              0.4484,                   0,                   0
       164,        10,      1.00,              0.2058,                   0,                   0
       164,        11,      1.00,              0.1029,                   0,                   0
       164,        12,      1.00,              0.7719,                   0,              0.0074
       164,        13,      1.00,              0.4558,                   0,              0.0074
       164,        14,      1.00,              0.2132,                   0,              0.0074
       164,        15,      1.00,              1.2424,                   0,              0.0221
       164,        17,      1.00,              0.5293,                   0,              0.0368
       164,        18,      1.00,              0.2058,                   0,                   0
       164,        19,      1.00,              0.2647,                   0,              0.0074
       164,        21,      1.00,              0.6837,                   0,              0.0294
       164,        23,      1.00,              0.1029,                   0,                   0
       164,        24,      1.00,              0.0368,                   0,                   0
       164,        26,      1.00,              0.4264,                   0,                   0
       164,        27,      1.00,              0.0074,                   0,                   0
       164,        28,      1.00,              0.7351,                   0,              0.0368
       164,        29,      1.00,              0.0074,                   0,              0.0074
       164,        30,      1.00,              0.2279,                   0,              0.0147
       164,        31,      1.00,              0.2205,                   0,              0.0147
       164,        32,      1.00,              0.3161,                   0,              0.0074
       164,        33,      1.00,              0.4411,                   0,              0.0221
       164,        34,      1.00,              0.0588,                   0,                   0
       164,        35,      1.00,              0.2058,                   0,              0.0074
       164,        36,      1.00,              0.4117,                   0,              0.0074
       164,        37,      1.00,              0.2132,                   0,              0.0074
       164,        38,      1.00,              0.2132,                   0,                   0
       164,        39,      1.00,              0.0074,                   0,              0.0074
       164,        40,      1.00,              0.0074,                   0,              0.0074
       164,        41,      1.00,              0.2205,                   0,              0.0147
       164,        43,      1.00,              0.0074,                   0,              0.0074
       164,        44,      1.00,              0.3235,                   0,              0.0221
       164,        45,      1.00,              0.2647,                   0,              0.0294
       164,        46,      1.00,              0.1691,                   0,              0.0441
       164,        47,      1.00,              0.0882,                   0,              0.0074
       164,        49,      1.00,              0.2205,                   0,              0.0147
       164,        50,      1.00,                   0,                   0,              0.0221
       164,        52,      1.00,              0.0147,                   0,              0.0147
       164,        55,      1.00,              0.2205,                   0,              0.0147
       164,        56,      1.00,              0.0147,                   0,              0.0074
       164,        58,      1.00,              0.2132,                   0,              0.0221
       164,        59,      1.00,              0.6249,                   0,              0.0147
       164,        60,      1.00,              0.0147,                   0,              0.0074
       164,        61,      1.00,              1.2056,                   0,              0.0294
       164,        62,      1.00,              0.6396,                   0,              0.0147
       164,        63,      1.00,              0.8528,                   0,              0.0515
       164,        64,      1.00,              0.6616,                   0,              0.0294
       164,        65,      1.00,              0.9410,                   0,              0.0147
       164,        66,      1.00,              0.2573,                   0,              0.0074
       164,        67,      1.00,              0.4778,                   0,              0.0221
       164,        68,      1.00,              0.2058,                   0,              0.0074
       164,        69,      1.00,              0.4264,                   0,              0.0074
       164,        70,      1.00,              0.0074,                   0,                   0
       164,        71,      1.00,              0.4264,                   0,              0.0147
       164,        72,      1.00,              0.0221,                   0,              0.0074
       164,        73,      1.00,              0.0221,                   0,              0.0221
       164,        74,      1.00,              0.2132,                   0,              0.0074
       164,        75,      1.00,              0.8969,                   0,              0.0441
       164,        76,      1.00,              0.4925,                   0,              0.0147
       164,        77,      1.00,              0.2794,                   0,              0.0074
       164,        78,      1.00,              1.0292,                   0,              0.0221
       164,        79,      1.00,              1.8526,                   0,              0.0368
       164,        80,      1.00,              0.4337,                   0,              0.0147
       164,        81,      1.00,              0.2426,                   0,              0.0147
       164,        82,      1.00,              0.4264,                   0,              0.0147
       164,        83,      1.00,              0.2573,                   0,              0.0441
       164,        84,      1.00,              1.0366,                   0,              0.0588
       164,        85,      1.00,              0.5587,                   0,              0.0368
       164,        86,      1.00,              0.6616,                   0,              0.0294
       164,        87,      1.00,              0.2205,                   0,              0.0074
       164,        88,      1.00,              0.0074,                   0,              0.0074
       164,        89,      1.00,              0.0809,                   0,              0.0441
       164,        90,      1.00,              0.5072,                   0,              0.0441
       164,        91,      1.00,              0.3602,                   0,              0.0147
       164,        92,      1.00,              2.7274,                   0,              0.1103
       164,        93,      1.00,              0.4631,                   0,              0.0147
       164,        94,      1.00,              0.0368,                   0,              0.0294
       164,        95,      1.00,              3.8007,                   0,              0.1323
       164,        96,      1.00,              0.8307,                   0,              0.0074
       164,        97,      1.00,              0.4043,                   0,              0.0368
       164,        98,      1.00,              1.3600,                   0,              0.0294
       164,        99,      1.00,              2.1246,                   0,              0.0588
       164,       100,      1.00,              9.8877,                   0,              0.4999
       164,       101,      1.00,              2.7053,                   0,              0.1250
       164,       102,      1.00,              0.8454,                   0,              0.1764
       164,       103,      1.00,              4.3227,                   0,              0.0662
       164,       104,      1.00,              0.7793,                   0,              0.0147
       164,       105,      1.00,              4.4403,                   0,              0.1838
       164,       106,      1.00,              2.9406,                   0,              0.0882
       164,       107,      1.00,              2.0878,                   0,              0.0956
       164,       108,      1.00,              2.0143,                   0,              0.0441
       164,       109,      1.00,              0.8748,                   0,              0.0735
       164,       110,      1.00,              0.2499,                   0,                   0
       164,       111,      1.00,              0.0147,                   0,              0.0074
       164,       112,      1.00,              0.0074,                   0,              0.0074
       164,       114,      1.00,              7.9102,                   0,              0.5293
       164,       115,      1.00,              0.2352,                   0,              0.1838
       164,       116,      1.00,              9.1158,                   0,              0.4558
       164,       117,      1.00,             29.6925,                   0,              0.6763
       164,       118,      1.00,             12.1519,                   0,              0.1911
       164,       119,      1.00,              2.8230,                   0,              0.1470
       164,       120,      1.00,              1.5070,                   0,              0.0441
       164,       121,      1.00,              2.2054,                   0,              0.1617
       164,       122,      1.00,              3.4846,                   0,              0.2499
       164,       123,      1.00,              4.9843,                   0,              0.1397
       164,       124,      1.00,              2.6539,                   0,              0.3235
       164,       125,      1.00,              8.9100,                   0,              0.3088
       164,       126,      1.00,              4.1903,                   0,              0.3896
       164,       127,      1.00,              4.5064,                   0,              0.4190
       164,       128,      1.00,              2.9847,                   0,              0.2720
       164,       129,      1.00,              0.8381,                   0,              0.0735
       164,       130,      1.00,              3.4699,                   0,              0.0441
       164,       131,      1.00,              0.6837,                   0,              0.0735
       164,       132,      1.00,              1.4703,                   0,              0.0368
       164,       133,      1.00,              0.2794,                   0,              0.0441
       164,       134,      1.00,              4.4623,                   0,              0.0735
       164,       135,      1.00,             21.2530,                   0,              0.4999
       164,       136,      1.00,             25.4581,                   0,              0.9777
       164,       137,      1.00,             12.7695,                   0,              0.4558
       164,       138,      1.00,             20.5840,                   0,              0.9777
       164,       139,      1.00,              1.5144,                   0,              0.1323
       164,       140,      1.00,             21.2163,                   0,              0.7131
       164,       141,      1.00,              6.2414,                   0,              0.5072
       164,       142,      1.00,              6.7339,                   0,              0.4190
       164,       143,      1.00,              6.9765,                   0,              0.6763
       164,       144,      1.00,              1.6467,                   0,              0.0809
       164,       145,      1.00,              2.8965,                   0,              0.2132
       164,       146,      1.00,             10.6302,                   0,              0.7940
       164,       147,      1.00,              9.6230,                   0,              0.4925
       164,       148,      1.00,             16.0923,                   0,              0.7131
       164,       149,      1.00,              9.2114,                   0,              0.8013
       164,       150,      1.00,              6.9251,                   0,              0.4999
       164,       151,      1.00,              6.0135,                   0,              0.7131
       164,       152,      1.00,              2.6171,                   0,              0.2647
       164,       153,      1.00,              2.8524,                   0,              0.2352
       164,       154,      1.00,             12.2622,                   0,              0.8528
       164,       155,      1.00,              8.4542,                   0,              1.0366
       164,       156,      1.00,              1.3527,                   0,              0.1250
       164,       157,      1.00,             46.6082,                   0,              0.4337
       164,       158,      1.00,              0.0074,                   0,              0.1911
       164,       159,      1.00,              0.9777,                   0,              0.1176
       164,       160,      1.00,             21.5397,                   0,              0.3014
       164,       161,      1.00,             20.9443,                   0,              0.8160
       164,       162,      1.00,            159.3132,                   0,              2.8524
       164,       163,      1.00,              0.7057,                   0,              0.1103
       164,       164,      1.00,            269.2908,                   0,              3.8963
       164,       165,      1.00,              6.4472,                   0,              0.5440
       164,       166,      1.00,             16.1144,                   0,              0.7278
       164,       167,      1.00,             19.5990,                   0,              0.7719
       164,       168,      1.00,             38.9259,                   0,              0.7498
       164,       169,      1.00,             24.8626,                   0,              0.5146
       164,       170,      1.00,            153.3438,                   0,              1.6908
       164,       171,      1.00,              2.3892,                   0,              0.0221
       164,       172,      1.00,            149.4696,                   0,              2.2863
       164,       173,      1.00,              3.0141,                   0,              0.0735
       164,       174,      1.00,             50.9896,                   0,              1.4041
       164,       175,      1.00,             85.5414,                   0,              2.0290
       164,       176,      1.00,              0.6984,                   0,              0.0515
       164,       177,      1.00,             36.2647,                   0,              1.0807
       164,       178,      1.00,             12.3357,                   0,              0.4043
       164,       179,      1.00,             14.6955,                   0,              1.1836
       164,       180,      1.00,              1.4409,                   0,              0.1544
       164,       181,      1.00,             19.5548,                   0,              0.9557
       164,       182,      1.00,             17.1068,                   0,              1.0145
       164,       183,      1.00,              8.3806,                   0,              0.2794
       164,       184,      1.00,             10.1009,                   0,              0.3382
       164,       185,      1.00,             18.5036,                   0,              0.1544
       164,       186,      1.00,             11.4241,                   0,              0.1323
       164,       187,      1.00,              7.0500,                   0,              0.0294
       164,       188,      1.00,             37.5953,                   0,              0.9483
       164,       189,      1.00,              6.3222,                   0,              0.2426
       164,       190,      1.00,              6.9692,                   0,              0.3676
       164,       191,      1.00,              2.9553,                   0,              0.0588
       164,       192,      1.00,              7.7043,                   0,              0.2279
       164,       193,      1.00,              1.6908,                   0,              0.0441
       164,       194,      1.00,              0.4925,                   0,              0.0294
       164,       195,      1.00,             10.8434,                   0,              0.2720
       164,       196,      1.00,              3.7125,                   0,              0.1691
       164,       197,      1.00,              0.9116,                   0,              0.0368
       164,       198,      1.00,              3.0729,                   0,              0.0882
       164,       199,      1.00,              0.3455,                   0,              0.0074
       164,       200,      1.00,              0.3529,                   0,              0.0735
       164,       201,      1.00,              3.4184,                   0,              0.1103
       164,       202,      1.00,              0.9924,                   0,              0.0221
       164,       203,      1.00,              1.1615,                   0,              0.0515
       164,       204,      1.00,              0.3529,                   0,              0.1176
       164,       205,      1.00,              0.3602,                   0,              0.0515
       164,       206,      1.00,              0.6249,                   0,              0.0368
       164,       207,      1.00,              1.6100,                   0,              0.0882
       164,       208,      1.00,              0.0368,                   0,              0.0074
       164,       209,      1.00,              0.1470,                   0,              0.0368
       164,       210,      1.00,              0.1323,                   0,              0.0147
       164,       211,      1.00,              8.6747,                   0,              0.5955
       164,       212,      1.00,             14.0266,                   0,              1.2865
       164,       213,      1.00,             23.9216,                   0,              0.5881
       164,       214,      1.00,              0.8454,                   0,              0.1323
       164,       218,      1.00,                   0,                   0,              0.0074
       164,       219,      1.00,                   0,                   0,              0.0074
       164,       224,      1.00,                   0,                   0,              0.1103
       164,       226,      1.00,              0.0074,                   0,              0.0882
       164,       227,      1.00,              0.0294,                   0,              0.0956
       164,       228,      1.00,              0.0147,                   0,              0.0735
       164,       229,      1.00,                   0,                   0,              0.0147
       165,         1,      1.00,              0.0221,                   0,                   0
       165,         2,      1.00,              0.0221,                   0,              0.0074
       165,         3,      1.00,              0.0882,                   0,              0.0074
       165,         4,      1.00,              0.0221,                   0,              0.0074
       165,         5,      1.00,              0.0221,                   0,              0.0074
       165,         6,      1.00,              0.1397,                   0,              0.0147
       165,         7,      1.00,              0.3382,                   0,              0.0221
       165,         8,      1.00,              0.3161,                   0,              0.0294
       165,         9,      1.00,              0.1985,                   0,              0.0147
       165,        10,      1.00,              0.0662,                   0,                   0
       165,        11,      1.00,              0.0882,                   0,              0.0074
       165,        12,      1.00,              0.1617,                   0,              0.0221
       165,        13,      1.00,              0.4117,                   0,              0.0221
       165,        14,      1.00,              0.2058,                   0,              0.0221
       165,        15,      1.00,              0.4337,                   0,              0.0441
       165,        16,      1.00,              0.0368,                   0,                   0
       165,        17,      1.00,              0.0662,                   0,              0.0074
       165,        18,      1.00,              0.0294,                   0,              0.0074
       165,        19,      1.00,              0.0809,                   0,              0.0074
       165,        20,      1.00,              0.0147,                   0,                   0
       165,        21,      1.00,              0.0735,                   0,              0.0147
       165,        22,      1.00,              0.0515,                   0,              0.0074
       165,        23,      1.00,              0.1176,                   0,              0.0074
       165,        24,      1.00,              0.0809,                   0,              0.0074
       165,        26,      1.00,              0.0294,                   0,              0.0074
       165,        27,      1.00,              0.0809,                   0,              0.0147
       165,        28,      1.00,              0.1617,                   0,              0.0441
       165,        29,      1.00,              0.0147,                   0,              0.0074
       165,        30,      1.00,              0.0221,                   0,              0.0147
       165,        31,      1.00,              0.0515,                   0,              0.0147
       165,        32,      1.00,              0.0809,                   0,              0.0294
       165,        33,      1.00,              0.1029,                   0,              0.0294
       165,        34,      1.00,                   0,                   0,              0.0074
       165,        35,      1.00,              0.1103,                   0,              0.0221
       165,        36,      1.00,              0.1617,                   0,              0.0294
       165,        37,      1.00,              0.0809,                   0,              0.0147
       165,        38,      1.00,              0.1029,                   0,              0.0147
       165,        39,      1.00,              0.0809,                   0,              0.0294
       165,        40,      1.00,              0.0441,                   0,              0.0221
       165,        41,      1.00,              0.1691,                   0,              0.0515
       165,        42,      1.00,              0.0515,                   0,              0.0074
       165,        43,      1.00,              0.0515,                   0,              0.0147
       165,        44,      1.00,              0.1323,                   0,              0.0441
       165,        45,      1.00,              0.2941,                   0,              0.1176
       165,        46,      1.00,              0.1323,                   0,              0.0882
       165,        47,      1.00,              0.0221,                   0,              0.0147
       165,        48,      1.00,                   0,                   0,              0.0147
       165,        49,      1.00,              0.0294,                   0,              0.0368
       165,        50,      1.00,                   0,                   0,              0.0809
       165,        52,      1.00,              0.1323,                   0,              0.0294
       165,        53,      1.00,              0.0294,                   0,                   0
       165,        54,      1.00,              0.0515,                   0,              0.0074
       165,        55,      1.00,              0.1470,                   0,              0.0368
       165,        56,      1.00,              0.1029,                   0,              0.0441
       165,        57,      1.00,              0.0074,                   0,                   0
       165,        58,      1.00,              0.2279,                   0,              0.0441
       165,        59,      1.00,              0.1176,                   0,              0.0294
       165,        60,      1.00,              0.0294,                   0,              0.0147
       165,        61,      1.00,              0.0662,                   0,              0.0368
       165,        62,      1.00,              0.0147,                   0,              0.0221
       165,        63,      1.00,              0.0515,                   0,              0.0368
       165,        64,      1.00,              0.0294,                   0,              0.0515
       165,        65,      1.00,              0.0809,                   0,              0.0221
       165,        66,      1.00,              0.0809,                   0,              0.0147
       165,        67,      1.00,              0.2794,                   0,              0.0588
       165,        68,      1.00,              0.0515,                   0,              0.0221
       165,        69,      1.00,              0.1103,                   0,              0.0368
       165,        70,      1.00,              0.0368,                   0,              0.0074
       165,        71,      1.00,              0.0809,                   0,              0.0294
       165,        72,      1.00,                   0,                   0,              0.0147
       165,        73,      1.00,              0.0588,                   0,              0.0368
       165,        74,      1.00,              0.0294,                   0,              0.0147
       165,        75,      1.00,              0.1691,                   0,              0.0956
       165,        76,      1.00,              0.0809,                   0,              0.0662
       165,        77,      1.00,              0.1176,                   0,              0.0515
       165,        78,      1.00,                   0,                   0,              0.0074
       165,        79,      1.00,              0.3529,                   0,              0.0368
       165,        80,      1.00,              0.3602,                   0,              0.0368
       165,        81,      1.00,              0.5146,                   0,              0.0368
       165,        82,      1.00,              0.0588,                   0,              0.0147
       165,        83,      1.00,              0.2867,                   0,              0.1250
       165,        84,      1.00,              0.4264,                   0,              0.1764
       165,        85,      1.00,              0.4558,                   0,              0.1250
       165,        86,      1.00,              0.3676,                   0,              0.1029
       165,        87,      1.00,              0.1103,                   0,              0.0147
       165,        88,      1.00,              0.0441,                   0,              0.0147
       165,        89,      1.00,              0.2058,                   0,              0.0221
       165,        90,      1.00,              0.3896,                   0,              0.0735
       165,        91,      1.00,              0.2794,                   0,              0.0588
       165,        92,      1.00,              1.1101,                   0,              0.1985
       165,        93,      1.00,              0.0956,                   0,              0.0515
       165,        94,      1.00,              0.2573,                   0,              0.0809
       165,        95,      1.00,              1.5070,                   0,              0.2279
       165,        96,      1.00,              0.0809,                   0,              0.0515
       165,        97,      1.00,              0.0662,                   0,              0.0147
       165,        98,      1.00,                   0,                   0,              0.0147
       165,        99,      1.00,              0.6175,                   0,              0.0074
       165,       100,      1.00,              0.2132,                   0,              0.0735
       165,       101,      1.00,              0.1103,                   0,              0.0588
       165,       102,      1.00,                   0,                   0,              0.0221
       165,       103,      1.00,              0.5955,                   0,              0.1029
       165,       104,      1.00,              0.4778,                   0,              0.0809
       165,       105,      1.00,              0.2499,                   0,              0.0588
       165,       106,      1.00,              0.1838,                   0,              0.0735
       165,       107,      1.00,              0.3455,                   0,              0.0515
       165,       108,      1.00,              0.0662,                   0,              0.0294
       165,       109,      1.00,              0.2941,                   0,              0.0368
       165,       110,      1.00,              0.1323,                   0,              0.0147
       165,       111,      1.00,              0.0588,                   0,              0.0147
       165,       112,      1.00,              0.2205,                   0,              0.0441
       165,       114,      1.00,              0.3529,                   0,              0.0956
       165,       115,      1.00,                   0,                   0,              0.0441
       165,       116,      1.00,              0.3161,                   0,              0.0515
       165,       117,      1.00,              1.5585,                   0,              0.1691
       165,       118,      1.00,              1.8893,                   0,              0.1544
       165,       119,      1.00,              1.9040,                   0,              0.2573
       165,       120,      1.00,              0.7498,                   0,              0.1176
       165,       121,      1.00,              1.7643,                   0,              0.2279
       165,       122,      1.00,              1.2130,                   0,              0.1470
       165,       123,      1.00,              1.2571,                   0,              0.1323
       165,       124,      1.00,              1.0880,                   0,              0.2205
       165,       125,      1.00,              0.9336,                   0,              0.0882
       165,       126,      1.00,              4.5211,                   0,              0.4190
       165,       127,      1.00,              5.2416,                   0,              0.5220
       165,       128,      1.00,              2.3378,                   0,              0.2426
       165,       129,      1.00,              0.8675,                   0,              0.0809
       165,       130,      1.00,              1.0880,                   0,              0.0662
       165,       131,      1.00,              0.6910,                   0,              0.0882
       165,       132,      1.00,              1.4115,                   0,              0.0735
       165,       133,      1.00,              0.4778,                   0,              0.0588
       165,       134,      1.00,              0.7793,                   0,              0.0662
       165,       135,      1.00,              1.6614,                   0,              0.0956
       165,       136,      1.00,              2.4774,                   0,              0.1397
       165,       137,      1.00,              0.9630,                   0,              0.0735
       165,       138,      1.00,              2.9479,                   0,              0.1985
       165,       139,      1.00,              0.4631,                   0,              0.0368
       165,       140,      1.00,              5.0725,                   0,              0.3529
       165,       141,      1.00,              7.3956,                   0,              0.4631
       165,       142,      1.00,              5.8150,                   0,              0.4117
       165,       143,      1.00,              5.8076,                   0,              0.4999
       165,       144,      1.00,              1.7276,                   0,              0.0882
       165,       145,      1.00,              3.0214,                   0,              0.2499
       165,       146,      1.00,              4.3006,                   0,              0.5734
       165,       147,      1.00,              4.2124,                   0,              0.2499
       165,       148,      1.00,             18.5109,                   0,              0.5587
       165,       149,      1.00,              8.7850,                   0,              0.3529
       165,       150,      1.00,             11.9608,                   0,              0.4778
       165,       151,      1.00,             12.1225,                   0,              0.7940
       165,       152,      1.00,              6.4178,                   0,              0.2720
       165,       153,      1.00,              6.9251,                   0,              0.2720
       165,       154,      1.00,             14.3574,                   0,              0.8160
       165,       155,      1.00,             14.0780,                   0,              0.9263
       165,       156,      1.00,              3.8154,                   0,              0.1397
       165,       157,      1.00,              0.7498,                   0,              0.0662
       165,       158,      1.00,                   0,                   0,              0.0147
       165,       159,      1.00,              0.1103,                   0,              0.0221
       165,       160,      1.00,              2.8818,                   0,              0.1544
       165,       161,      1.00,              5.3886,                   0,              0.2794
       165,       162,      1.00,              3.3082,                   0,              0.3896
       165,       163,      1.00,              0.2867,                   0,              0.0221
       165,       164,      1.00,              3.9698,                   0,              0.5440
       165,       165,      1.00,             22.9512,                   0,              0.4631
       165,       166,      1.00,             26.3402,                   0,              0.7131
       165,       167,      1.00,              8.3954,                   0,              0.4117
       165,       168,      1.00,              9.7186,                   0,              0.2794
       165,       169,      1.00,              5.0872,                   0,              0.1470
       165,       170,      1.00,              4.2344,                   0,              0.2426
       165,       172,      1.00,              8.5350,                   0,              0.3308
       165,       173,      1.00,              0.1617,                   0,              0.0147
       165,       174,      1.00,              3.4919,                   0,              0.2058
       165,       175,      1.00,              3.1391,                   0,              0.2499
       165,       176,      1.00,              0.1544,                   0,              0.0147
       165,       177,      1.00,              8.3292,                   0,              0.3308
       165,       178,      1.00,             23.5540,                   0,              1.1468
       165,       179,      1.00,             12.4313,                   0,              0.8087
       165,       180,      1.00,              1.0733,                   0,              0.0735
       165,       181,      1.00,              5.3813,                   0,              0.2352
       165,       182,      1.00,              9.1673,                   0,              0.5146
       165,       183,      1.00,              2.2422,                   0,              0.0735
       165,       184,      1.00,              3.2714,                   0,              0.1029
       165,       185,      1.00,              1.9775,                   0,              0.0735
       165,       186,      1.00,              1.1027,                   0,              0.0294
       165,       187,      1.00,              0.2132,                   0,              0.0221
       165,       188,      1.00,              2.8009,                   0,              0.1544
       165,       189,      1.00,              0.8895,                   0,              0.0221
       165,       190,      1.00,              0.6396,                   0,              0.0662
       165,       191,      1.00,              0.1029,                   0,              0.0074
       165,       192,      1.00,              0.9042,                   0,              0.0735
       165,       193,      1.00,              0.1470,                   0,              0.0147
       165,       194,      1.00,              0.0074,                   0,              0.0147
       165,       195,      1.00,              0.5220,                   0,              0.0588
       165,       196,      1.00,              0.4190,                   0,              0.0515
       165,       197,      1.00,              0.2058,                   0,              0.0147
       165,       198,      1.00,              0.2058,                   0,              0.0221
       165,       199,      1.00,              0.0735,                   0,              0.0074
       165,       200,      1.00,                   0,                   0,              0.0221
       165,       201,      1.00,              0.2132,                   0,              0.0294
       165,       202,      1.00,              0.1617,                   0,              0.0147
       165,       203,      1.00,              0.4264,                   0,              0.0147
       165,       204,      1.00,              0.2058,                   0,              0.0221
       165,       205,      1.00,              0.2058,                   0,              0.0147
       165,       206,      1.00,              0.1029,                   0,              0.0074
       165,       207,      1.00,              0.5146,                   0,              0.0294
       165,       208,      1.00,              0.0809,                   0,              0.0294
       165,       209,      1.00,              0.2352,                   0,              0.0956
       165,       210,      1.00,              0.0515,                   0,              0.0441
       165,       211,      1.00,              0.2279,                   0,              0.1029
       165,       212,      1.00,              0.6322,                   0,              0.2647
       165,       213,      1.00,              0.7131,                   0,              0.0882
       165,       214,      1.00,              0.3455,                   0,              0.0221
       165,       218,      1.00,                   0,                   0,              0.0074
       165,       219,      1.00,                   0,                   0,              0.0074
       165,       224,      1.00,                   0,                   0,              0.0221
       165,       226,      1.00,                   0,                   0,              0.0221
       165,       227,      1.00,                   0,                   0,              0.0147
       165,       228,      1.00,                   0,                   0,              0.0147
       166,         1,      1.00,              0.0441,                   0,                   0
       166,         2,      1.00,              0.0441,                   0,              0.0074
       166,         3,      1.00,              0.0735,                   0,              0.0074
       166,         4,      1.00,              0.0882,                   0,              0.0074
       166,         5,      1.00,              0.0809,                   0,              0.0074
       166,         6,      1.00,              0.1985,                   0,              0.0147
       166,         7,      1.00,              0.1544,                   0,              0.0221
       166,         8,      1.00,              0.3088,                   0,              0.0294
       166,         9,      1.00,              0.2426,                   0,              0.0147
       166,        11,      1.00,              0.1176,                   0,              0.0074
       166,        12,      1.00,              0.1911,                   0,              0.0221
       166,        13,      1.00,              0.3602,                   0,              0.0221
       166,        14,      1.00,              0.2352,                   0,              0.0221
       166,        15,      1.00,              0.3970,                   0,              0.0368
       166,        16,      1.00,              0.0221,                   0,                   0
       166,        17,      1.00,              0.0588,                   0,              0.0074
       166,        18,      1.00,              0.0294,                   0,              0.0074
       166,        19,      1.00,              0.0956,                   0,              0.0074
       166,        20,      1.00,              0.0735,                   0,                   0
       166,        21,      1.00,              0.2058,                   0,              0.0074
       166,        22,      1.00,              0.0956,                   0,                   0
       166,        23,      1.00,              0.1544,                   0,              0.0074
       166,        24,      1.00,              0.0809,                   0,              0.0074
       166,        26,      1.00,              0.0368,                   0,              0.0074
       166,        27,      1.00,              0.1470,                   0,              0.0147
       166,        28,      1.00,              0.0441,                   0,              0.0294
       166,        29,      1.00,              0.0294,                   0,              0.0074
       166,        30,      1.00,              0.2058,                   0,              0.0147
       166,        31,      1.00,                   0,                   0,              0.0147
       166,        32,      1.00,              0.1617,                   0,              0.0221
       166,        33,      1.00,              0.2058,                   0,              0.0294
       166,        34,      1.00,              0.0368,                   0,              0.0074
       166,        35,      1.00,              0.1838,                   0,              0.0221
       166,        36,      1.00,              0.1397,                   0,              0.0294
       166,        37,      1.00,              0.0588,                   0,              0.0147
       166,        38,      1.00,              0.0882,                   0,              0.0147
       166,        39,      1.00,              0.0294,                   0,              0.0294
       166,        40,      1.00,              0.0294,                   0,              0.0221
       166,        41,      1.00,              0.2279,                   0,              0.0515
       166,        42,      1.00,              0.0441,                   0,              0.0074
       166,        43,      1.00,              0.1029,                   0,              0.0147
       166,        44,      1.00,              0.0735,                   0,              0.0515
       166,        45,      1.00,              0.2352,                   0,              0.1250
       166,        46,      1.00,              0.1250,                   0,              0.0882
       166,        47,      1.00,              0.0662,                   0,              0.0147
       166,        48,      1.00,              0.0074,                   0,              0.0147
       166,        49,      1.00,              0.0441,                   0,              0.0368
       166,        50,      1.00,              0.0221,                   0,              0.0956
       166,        52,      1.00,              0.1397,                   0,              0.0368
       166,        54,      1.00,              0.0809,                   0,              0.0074
       166,        55,      1.00,              0.1323,                   0,              0.0368
       166,        56,      1.00,              0.0441,                   0,              0.0441
       166,        58,      1.00,              0.1764,                   0,              0.0515
       166,        59,      1.00,              0.1029,                   0,              0.0294
       166,        60,      1.00,              0.0662,                   0,              0.0147
       166,        61,      1.00,              0.0074,                   0,              0.0294
       166,        62,      1.00,              0.4117,                   0,              0.0147
       166,        63,      1.00,              0.2058,                   0,              0.0294
       166,        64,      1.00,              0.2132,                   0,              0.0368
       166,        65,      1.00,              0.2058,                   0,              0.0221
       166,        66,      1.00,              0.1617,                   0,              0.0221
       166,        67,      1.00,              0.2352,                   0,              0.0588
       166,        68,      1.00,                   0,                   0,              0.0147
       166,        69,      1.00,              0.0588,                   0,              0.0441
       166,        70,      1.00,                   0,                   0,              0.0074
       166,        71,      1.00,              0.1323,                   0,              0.0294
       166,        72,      1.00,              0.0368,                   0,              0.0147
       166,        73,      1.00,              0.0735,                   0,              0.0368
       166,        74,      1.00,              0.0809,                   0,              0.0221
       166,        75,      1.00,              0.1397,                   0,              0.1103
       166,        76,      1.00,              0.1617,                   0,              0.0662
       166,        77,      1.00,                   0,                   0,              0.0368
       166,        78,      1.00,                   0,                   0,              0.0074
       166,        79,      1.00,              0.4778,                   0,              0.0515
       166,        80,      1.00,              0.3823,                   0,              0.0515
       166,        81,      1.00,              0.4264,                   0,              0.0368
       166,        82,      1.00,              0.0809,                   0,              0.0147
       166,        83,      1.00,              0.4631,                   0,              0.1323
       166,        84,      1.00,              0.7057,                   0,              0.1764
       166,        85,      1.00,              0.7866,                   0,              0.1397
       166,        86,      1.00,              0.2794,                   0,              0.1029
       166,        87,      1.00,              0.1838,                   0,              0.0147
       166,        88,      1.00,              0.1176,                   0,              0.0147
       166,        89,      1.00,              0.1911,                   0,              0.0221
       166,        90,      1.00,              0.2941,                   0,              0.0809
       166,        91,      1.00,              0.2647,                   0,              0.0662
       166,        92,      1.00,              1.3747,                   0,              0.2132
       166,        93,      1.00,              0.2279,                   0,              0.0515
       166,        94,      1.00,              0.1691,                   0,              0.0882
       166,        95,      1.00,              1.8673,                   0,              0.2352
       166,        96,      1.00,              0.0882,                   0,              0.0515
       166,        97,      1.00,              0.1250,                   0,              0.0147
       166,        98,      1.00,              0.1470,                   0,              0.0147
       166,        99,      1.00,              0.2058,                   0,              0.0147
       166,       100,      1.00,              0.9336,                   0,              0.1103
       166,       101,      1.00,              0.4190,                   0,              0.0662
       166,       102,      1.00,              0.2058,                   0,              0.0441
       166,       103,      1.00,              0.5734,                   0,              0.1323
       166,       104,      1.00,              0.4558,                   0,              0.0882
       166,       105,      1.00,              0.8307,                   0,              0.0588
       166,       106,      1.00,              0.5072,                   0,              0.0956
       166,       107,      1.00,              0.5146,                   0,              0.0809
       166,       108,      1.00,              0.2132,                   0,              0.0221
       166,       109,      1.00,              0.3088,                   0,              0.0515
       166,       110,      1.00,              0.1103,                   0,              0.0221
       166,       111,      1.00,              0.0515,                   0,              0.0221
       166,       112,      1.00,              0.0956,                   0,              0.0441
       166,       114,      1.00,              1.6761,                   0,              0.1323
       166,       115,      1.00,                   0,                   0,              0.0441
       166,       116,      1.00,              0.3235,                   0,              0.0882
       166,       117,      1.00,              3.3817,                   0,              0.2058
       166,       118,      1.00,              3.3229,                   0,              0.3014
       166,       119,      1.00,              2.1540,                   0,              0.2499
       166,       120,      1.00,              1.0880,                   0,              0.1250
       166,       121,      1.00,              2.3084,                   0,              0.2426
       166,       122,      1.00,              1.6761,                   0,              0.1544
       166,       123,      1.00,              2.1613,                   0,              0.1764
       166,       124,      1.00,              2.8450,                   0,              0.3088
       166,       125,      1.00,              1.6688,                   0,              0.0809
       166,       126,      1.00,              6.2414,                   0,              0.4264
       166,       127,      1.00,              7.9028,                   0,              0.5587
       166,       128,      1.00,              3.9036,                   0,              0.2647
       166,       129,      1.00,              1.0586,                   0,              0.0956
       166,       130,      1.00,              2.1246,                   0,              0.0809
       166,       131,      1.00,              0.9336,                   0,              0.1250
       166,       132,      1.00,              2.2275,                   0,              0.1029
       166,       133,      1.00,              0.7940,                   0,              0.0809
       166,       134,      1.00,              1.0586,                   0,              0.0735
       166,       135,      1.00,              4.2565,                   0,              0.1544
       166,       136,      1.00,              4.4917,                   0,              0.2058
       166,       137,      1.00,              2.1319,                   0,              0.0956
       166,       138,      1.00,              4.6976,                   0,              0.2058
       166,       139,      1.00,              0.8307,                   0,              0.0368
       166,       140,      1.00,             14.9822,                   0,              0.3382
       166,       141,      1.00,              9.6230,                   0,              0.5072
       166,       142,      1.00,              9.6892,                   0,              0.4264
       166,       143,      1.00,             10.7258,                   0,              0.5661
       166,       144,      1.00,              4.9696,                   0,              0.0809
       166,       145,      1.00,              4.9843,                   0,              0.1911
       166,       146,      1.00,             11.4094,                   0,              0.6837
       166,       147,      1.00,             12.9018,                   0,              0.3529
       166,       148,      1.00,             24.7376,                   0,              0.6616
       166,       149,      1.00,             23.2820,                   0,              0.4925
       166,       150,      1.00,             15.2616,                   0,              0.5293
       166,       151,      1.00,             14.8867,                   0,              1.5291
       166,       152,      1.00,              6.8883,                   0,              0.4484
       166,       153,      1.00,              8.5277,                   0,              0.5367
       166,       154,      1.00,             25.2816,                   0,              0.9630
       166,       155,      1.00,             18.8197,                   0,              1.3527
       166,       156,      1.00,              6.9618,                   0,              0.3970
       166,       157,      1.00,              3.0803,                   0,              0.1029
       166,       158,      1.00,                   0,                   0,              0.0515
       166,       159,      1.00,              0.3161,                   0,              0.0294
       166,       160,      1.00,              6.4546,                   0,              0.1617
       166,       161,      1.00,             11.3139,                   0,              0.3970
       166,       162,      1.00,              7.2706,                   0,              0.5146
       166,       163,      1.00,              0.1985,                   0,              0.0221
       166,       164,      1.00,             10.9095,                   0,              0.7278
       166,       165,      1.00,             24.6568,                   0,              0.7131
       166,       166,      1.00,             83.7550,                   0,              0.7498
       166,       167,      1.00,             34.1548,                   0,              0.5072
       166,       168,      1.00,             21.0104,                   0,              0.3896
       166,       169,      1.00,              9.7774,                   0,              0.2205
       166,       170,      1.00,              9.6819,                   0,              0.3455
       166,       171,      1.00,              0.1470,                   0,              0.0147
       166,       172,      1.00,             12.0196,                   0,              0.5808
       166,       173,      1.00,              0.5367,                   0,              0.0294
       166,       174,      1.00,              6.9177,                   0,              0.2941
       166,       175,      1.00,              8.6306,                   0,              0.3823
       166,       176,      1.00,              0.2573,                   0,              0.0221
       166,       177,      1.00,             17.5111,                   0,              0.6543
       166,       178,      1.00,             50.5044,                   0,              1.0954
       166,       179,      1.00,             35.6178,                   0,              1.1027
       166,       180,      1.00,              4.6608,                   0,              0.1176
       166,       181,      1.00,              8.6159,                   0,              0.3823
       166,       182,      1.00,             25.7668,                   0,              0.9116
       166,       183,      1.00,              3.7345,                   0,              0.1176
       166,       184,      1.00,              5.7562,                   0,              0.1838
       166,       185,      1.00,              7.2118,                   0,              0.1176
       166,       186,      1.00,              1.9702,                   0,              0.0441
       166,       187,      1.00,              1.9187,                   0,              0.0294
       166,       188,      1.00,              5.1387,                   0,              0.2426
       166,       189,      1.00,              1.1983,                   0,              0.0294
       166,       190,      1.00,              0.9557,                   0,              0.0809
       166,       191,      1.00,              0.1617,                   0,              0.0221
       166,       192,      1.00,              1.9261,                   0,              0.1176
       166,       193,      1.00,              0.3529,                   0,              0.0221
       166,       194,      1.00,              0.0074,                   0,              0.0221
       166,       195,      1.00,              3.5287,                   0,              0.1103
       166,       196,      1.00,              0.6837,                   0,              0.0735
       166,       197,      1.00,              0.6175,                   0,              0.0147
       166,       198,      1.00,              0.9263,                   0,              0.0368
       166,       199,      1.00,              0.0882,                   0,              0.0074
       166,       200,      1.00,              0.0074,                   0,              0.0368
       166,       201,      1.00,              0.5440,                   0,              0.0441
       166,       202,      1.00,              0.3235,                   0,              0.0221
       166,       203,      1.00,              0.0441,                   0,              0.0221
       166,       204,      1.00,              0.0074,                   0,              0.0368
       166,       205,      1.00,              0.0662,                   0,              0.0147
       166,       206,      1.00,                   0,                   0,              0.0074
       166,       207,      1.00,              1.4629,                   0,              0.0441
       166,       208,      1.00,              0.0735,                   0,              0.0294
       166,       209,      1.00,              0.1764,                   0,              0.1029
       166,       210,      1.00,              0.1470,                   0,              0.0515
       166,       211,      1.00,              0.0956,                   0,              0.1397
       166,       212,      1.00,              2.1025,                   0,              0.3676
       166,       213,      1.00,              2.1099,                   0,              0.1176
       166,       214,      1.00,              0.2352,                   0,              0.0294
       166,       218,      1.00,                   0,                   0,              0.0074
       166,       219,      1.00,                   0,                   0,              0.0074
       166,       224,      1.00,                   0,                   0,              0.0147
       166,       226,      1.00,                   0,                   0,              0.0147
       166,       227,      1.00,                   0,                   0,              0.0221
       166,       228,      1.00,                   0,                   0,              0.0221
       166,       229,      1.00,                   0,                   0,              0.0074
       167,         1,      1.00,              0.0882,                   0,                   0
       167,         2,      1.00,              0.0515,                   0,                   0
       167,         4,      1.00,              0.0588,                   0,                   0
       167,         5,      1.00,              0.0588,                   0,                   0
       167,         6,      1.00,              0.1470,                   0,              0.0074
       167,         7,      1.00,              0.1764,                   0,              0.0074
       167,         8,      1.00,              0.1250,                   0,              0.0147
       167,         9,      1.00,              0.1985,                   0,              0.0074
       167,        10,      1.00,              0.0294,                   0,                   0
       167,        11,      1.00,              0.1176,                   0,              0.0074
       167,        12,      1.00,              0.0882,                   0,              0.0147
       167,        13,      1.00,              0.1397,                   0,              0.0074
       167,        14,      1.00,              0.1397,                   0,              0.0074
       167,        15,      1.00,              0.3161,                   0,              0.0147
       167,        17,      1.00,              0.0809,                   0,                   0
       167,        18,      1.00,              0.0221,                   0,                   0
       167,        19,      1.00,              0.0294,                   0,              0.0074
       167,        20,      1.00,              0.0515,                   0,                   0
       167,        21,      1.00,              0.4117,                   0,              0.0074
       167,        22,      1.00,              0.0221,                   0,                   0
       167,        23,      1.00,              0.1250,                   0,              0.0074
       167,        24,      1.00,              0.0294,                   0,                   0
       167,        27,      1.00,              0.0662,                   0,              0.0074
       167,        28,      1.00,              0.0809,                   0,              0.0221
       167,        29,      1.00,              0.0368,                   0,              0.0074
       167,        30,      1.00,              0.2058,                   0,              0.0147
       167,        31,      1.00,                   0,                   0,              0.0074
       167,        32,      1.00,              0.1764,                   0,              0.0074
       167,        33,      1.00,                   0,                   0,              0.0147
       167,        35,      1.00,              0.1397,                   0,              0.0147
       167,        36,      1.00,              0.0441,                   0,              0.0147
       167,        37,      1.00,              0.0294,                   0,              0.0074
       167,        38,      1.00,              0.0294,                   0,              0.0074
       167,        39,      1.00,              0.0294,                   0,              0.0147
       167,        40,      1.00,              0.0588,                   0,              0.0147
       167,        41,      1.00,              0.1838,                   0,              0.0294
       167,        42,      1.00,              0.0221,                   0,                   0
       167,        43,      1.00,              0.0809,                   0,              0.0074
       167,        44,      1.00,              0.0294,                   0,              0.0294
       167,        45,      1.00,              0.1764,                   0,              0.0809
       167,        46,      1.00,              0.0515,                   0,              0.0515
       167,        47,      1.00,              0.0662,                   0,              0.0074
       167,        48,      1.00,                   0,                   0,              0.0147
       167,        49,      1.00,              0.0441,                   0,              0.0221
       167,        50,      1.00,                   0,                   0,              0.0882
       167,        52,      1.00,              0.1029,                   0,              0.0147
       167,        54,      1.00,              0.0294,                   0,              0.0074
       167,        55,      1.00,              0.1323,                   0,              0.0221
       167,        56,      1.00,              0.0956,                   0,              0.0221
       167,        58,      1.00,              0.0882,                   0,              0.0294
       167,        59,      1.00,              0.0515,                   0,              0.0074
       167,        60,      1.00,              0.0294,                   0,              0.0074
       167,        61,      1.00,              0.2058,                   0,              0.0147
       167,        62,      1.00,              0.0515,                   0,              0.0147
       167,        63,      1.00,              0.2058,                   0,              0.0147
       167,        64,      1.00,              0.1029,                   0,              0.0147
       167,        65,      1.00,              0.0515,                   0,              0.0074
       167,        66,      1.00,              0.0515,                   0,              0.0147
       167,        67,      1.00,              0.1250,                   0,              0.0294
       167,        68,      1.00,              0.0515,                   0,              0.0074
       167,        69,      1.00,              0.0662,                   0,              0.0221
       167,        70,      1.00,              0.0294,                   0,              0.0074
       167,        71,      1.00,                   0,                   0,              0.0147
       167,        72,      1.00,              0.0515,                   0,              0.0074
       167,        73,      1.00,              0.0074,                   0,              0.0147
       167,        74,      1.00,              0.0515,                   0,              0.0074
       167,        75,      1.00,              0.1103,                   0,              0.0588
       167,        76,      1.00,              0.1029,                   0,              0.0368
       167,        77,      1.00,              0.0294,                   0,              0.0147
       167,        78,      1.00,                   0,                   0,              0.0074
       167,        79,      1.00,              0.2205,                   0,              0.0441
       167,        80,      1.00,              0.1103,                   0,              0.0368
       167,        81,      1.00,              0.2720,                   0,              0.0221
       167,        82,      1.00,              0.0588,                   0,              0.0074
       167,        83,      1.00,              0.1985,                   0,              0.0735
       167,        84,      1.00,              0.3529,                   0,              0.1029
       167,        85,      1.00,              0.3308,                   0,              0.0735
       167,        86,      1.00,              0.3088,                   0,              0.0588
       167,        87,      1.00,                   0,                   0,              0.0074
       167,        88,      1.00,              0.1176,                   0,              0.0074
       167,        89,      1.00,              0.0809,                   0,              0.0074
       167,        90,      1.00,              0.1617,                   0,              0.0441
       167,        91,      1.00,              0.2058,                   0,              0.0368
       167,        92,      1.00,              0.7793,                   0,              0.1176
       167,        93,      1.00,              0.1617,                   0,              0.0294
       167,        94,      1.00,              0.1691,                   0,              0.0441
       167,        95,      1.00,              1.4409,                   0,              0.1250
       167,        96,      1.00,              0.0294,                   0,              0.0368
       167,        97,      1.00,              0.0956,                   0,              0.0147
       167,        98,      1.00,              0.5220,                   0,              0.0074
       167,        99,      1.00,              0.5146,                   0,              0.0074
       167,       100,      1.00,              0.4852,                   0,              0.1176
       167,       101,      1.00,              0.4190,                   0,              0.0441
       167,       102,      1.00,                   0,                   0,              0.0441
       167,       103,      1.00,              0.6396,                   0,              0.0735
       167,       104,      1.00,              0.2499,                   0,              0.0662
       167,       105,      1.00,              0.4190,                   0,              0.0368
       167,       106,      1.00,              0.5440,                   0,              0.0515
       167,       107,      1.00,              0.5440,                   0,              0.0515
       167,       108,      1.00,                   0,                   0,              0.0074
       167,       109,      1.00,              0.2867,                   0,              0.0294
       167,       110,      1.00,              0.1544,                   0,              0.0147
       167,       111,      1.00,              0.1029,                   0,              0.0147
       167,       112,      1.00,              0.1617,                   0,              0.0221
       167,       114,      1.00,              1.1983,                   0,              0.1323
       167,       115,      1.00,                   0,                   0,              0.0662
       167,       116,      1.00,              0.6322,                   0,              0.0662
       167,       117,      1.00,              3.1538,                   0,              0.1470
       167,       118,      1.00,              3.0729,                   0,              0.2132
       167,       119,      1.00,              1.2130,                   0,              0.1764
       167,       120,      1.00,              0.3455,                   0,              0.0662
       167,       121,      1.00,              1.2571,                   0,              0.1323
       167,       122,      1.00,              0.8969,                   0,              0.0882
       167,       123,      1.00,              1.6541,                   0,              0.1250
       167,       124,      1.00,              2.5877,                   0,              0.3014
       167,       125,      1.00,              2.6539,                   0,              0.0809
       167,       126,      1.00,              3.3890,                   0,              0.2573
       167,       127,      1.00,              5.1093,                   0,              0.2867
       167,       128,      1.00,              2.5142,                   0,              0.1397
       167,       129,      1.00,              0.9263,                   0,              0.0809
       167,       130,      1.00,              1.3380,                   0,              0.0515
       167,       131,      1.00,              0.9336,                   0,              0.1176
       167,       132,      1.00,              1.6100,                   0,              0.0662
       167,       133,      1.00,              1.0366,                   0,              0.0882
       167,       134,      1.00,              1.6100,                   0,              0.1176
       167,       135,      1.00,              4.9549,                   0,              0.1544
       167,       136,      1.00,              3.6243,                   0,              0.1838
       167,       137,      1.00,              3.0361,                   0,              0.0882
       167,       138,      1.00,              5.7047,                   0,              0.2352
       167,       139,      1.00,              0.9998,                   0,              0.0368
       167,       140,      1.00,             13.1517,                   0,              0.4117
       167,       141,      1.00,              5.8959,                   0,              0.2794
       167,       142,      1.00,              5.2783,                   0,              0.2352
       167,       143,      1.00,              7.0500,                   0,              0.3896
       167,       144,      1.00,              2.8303,                   0,              0.0588
       167,       145,      1.00,              4.4991,                   0,              0.1323
       167,       146,      1.00,             10.3729,                   0,              0.6249
       167,       147,      1.00,             17.5258,                   0,              0.2941
       167,       148,      1.00,             14.4971,                   0,              0.4190
       167,       149,      1.00,             17.2759,                   0,              0.4190
       167,       150,      1.00,              7.1897,                   0,              0.3088
       167,       151,      1.00,              6.9839,                   0,              1.2424
       167,       152,      1.00,              2.7200,                   0,              0.1985
       167,       153,      1.00,              3.0067,                   0,              0.1544
       167,       154,      1.00,             12.2402,                   0,              0.5661
       167,       155,      1.00,              8.7041,                   0,              0.6102
       167,       156,      1.00,              3.7786,                   0,              0.0809
       167,       157,      1.00,              2.7494,                   0,              0.0956
       167,       158,      1.00,                   0,                   0,              0.0735
       167,       159,      1.00,              0.2132,                   0,              0.0294
       167,       160,      1.00,             10.2112,                   0,              0.2205
       167,       161,      1.00,             14.9749,                   0,              0.3455
       167,       162,      1.00,              6.5942,                   0,              0.5220
       167,       163,      1.00,              0.0515,                   0,              0.0221
       167,       164,      1.00,             13.0856,                   0,              0.7719
       167,       165,      1.00,             10.2406,                   0,              0.4117
       167,       166,      1.00,             32.6772,                   0,              0.5072
       167,       167,      1.00,             68.2655,                   0,              0.3970
       167,       168,      1.00,             36.9851,                   0,              0.5734
       167,       169,      1.00,             13.2694,                   0,              0.4484
       167,       170,      1.00,             15.8277,                   0,              0.3161
       167,       171,      1.00,              0.1470,                   0,              0.0147
       167,       172,      1.00,             11.2918,                   0,              0.5146
       167,       173,      1.00,              0.5955,                   0,              0.0294
       167,       174,      1.00,              5.8885,                   0,              0.3014
       167,       175,      1.00,             11.7917,                   0,              0.3749
       167,       176,      1.00,              0.6028,                   0,              0.0221
       167,       177,      1.00,             20.4297,                   0,              2.2054
       167,       178,      1.00,             17.8640,                   0,              0.5293
       167,       179,      1.00,             43.5132,                   0,              1.6688
       167,       180,      1.00,              4.9622,                   0,              0.1250
       167,       181,      1.00,             10.7699,                   0,              1.0292
       167,       182,      1.00,             23.3041,                   0,              1.0513
       167,       183,      1.00,              4.1389,                   0,              0.1323
       167,       184,      1.00,              7.5132,                   0,              0.3970
       167,       185,      1.00,              4.2712,                   0,              0.1029
       167,       186,      1.00,              1.3086,                   0,              0.0368
       167,       187,      1.00,              1.0954,                   0,              0.0221
       167,       188,      1.00,              5.1387,                   0,              0.1911
       167,       189,      1.00,              1.6100,                   0,              0.0294
       167,       190,      1.00,              1.0145,                   0,              0.0662
       167,       191,      1.00,              0.2647,                   0,              0.0221
       167,       192,      1.00,              1.4115,                   0,              0.0809
       167,       193,      1.00,              0.8234,                   0,              0.0147
       167,       194,      1.00,              0.0074,                   0,              0.0147
       167,       195,      1.00,              1.7643,                   0,              0.2058
       167,       196,      1.00,              0.6249,                   0,              0.0588
       167,       197,      1.00,                   0,                   0,              0.0515
       167,       198,      1.00,              0.4778,                   0,              0.0294
       167,       199,      1.00,              0.0441,                   0,              0.0074
       167,       200,      1.00,                   0,                   0,              0.0294
       167,       201,      1.00,              1.1027,                   0,              0.0368
       167,       202,      1.00,              0.1617,                   0,              0.0147
       167,       203,      1.00,              0.2499,                   0,              0.0147
       167,       204,      1.00,                   0,                   0,              0.0294
       167,       205,      1.00,              0.2058,                   0,              0.0147
       167,       206,      1.00,                   0,                   0,              0.0074
       167,       207,      1.00,              0.2058,                   0,              0.0294
       167,       208,      1.00,              0.0809,                   0,              0.0147
       167,       209,      1.00,              0.0809,                   0,              0.0588
       167,       210,      1.00,              0.1397,                   0,              0.0294
       167,       211,      1.00,              1.2865,                   0,              0.1470
       167,       212,      1.00,              2.3010,                   0,              0.3896
       167,       213,      1.00,              1.2571,                   0,              0.1029
       167,       214,      1.00,              0.0662,                   0,              0.0221
       167,       219,      1.00,                   0,                   0,              0.0074
       167,       224,      1.00,                   0,                   0,              0.0147
       167,       226,      1.00,                   0,                   0,              0.0074
       167,       227,      1.00,                   0,                   0,              0.0147
       167,       228,      1.00,                   0,                   0,              0.0147
       168,         1,      1.00,              0.0221,                   0,                   0
       168,         3,      1.00,              0.0441,                   0,                   0
       168,         4,      1.00,              0.0294,                   0,                   0
       168,         5,      1.00,              0.0515,                   0,                   0
       168,         6,      1.00,              0.1103,                   0,                   0
       168,         7,      1.00,              0.1985,                   0,                   0
       168,         8,      1.00,              0.2573,                   0,              0.0074
       168,         9,      1.00,              0.1397,                   0,                   0
       168,        11,      1.00,              0.0294,                   0,                   0
       168,        12,      1.00,              0.0956,                   0,              0.0074
       168,        13,      1.00,              0.1985,                   0,              0.0074
       168,        14,      1.00,              0.2352,                   0,              0.0074
       168,        15,      1.00,              0.1838,                   0,              0.0147
       168,        16,      1.00,              0.0515,                   0,                   0
       168,        17,      1.00,              0.1323,                   0,                   0
       168,        18,      1.00,              0.0294,                   0,                   0
       168,        19,      1.00,              0.0956,                   0,                   0
       168,        20,      1.00,              0.0074,                   0,                   0
       168,        21,      1.00,              0.2941,                   0,              0.0074
       168,        22,      1.00,              0.0662,                   0,                   0
       168,        23,      1.00,              0.1029,                   0,                   0
       168,        24,      1.00,              0.0221,                   0,                   0
       168,        26,      1.00,              0.0221,                   0,                   0
       168,        27,      1.00,              0.0368,                   0,                   0
       168,        28,      1.00,              0.1544,                   0,              0.0294
       168,        29,      1.00,              0.2058,                   0,              0.0074
       168,        30,      1.00,                   0,                   0,              0.0074
       168,        31,      1.00,              0.2941,                   0,              0.0147
       168,        32,      1.00,              0.0368,                   0,              0.0074
       168,        33,      1.00,              0.0882,                   0,              0.0147
       168,        34,      1.00,              0.0147,                   0,                   0
       168,        35,      1.00,              0.0515,                   0,              0.0074
       168,        36,      1.00,              0.0735,                   0,              0.0074
       168,        38,      1.00,              0.0294,                   0,                   0
       168,        39,      1.00,              0.1323,                   0,              0.0074
       168,        40,      1.00,              0.0147,                   0,              0.0074
       168,        41,      1.00,              0.0882,                   0,              0.0221
       168,        43,      1.00,              0.0147,                   0,              0.0074
       168,        44,      1.00,              0.0294,                   0,              0.0147
       168,        45,      1.00,              0.1544,                   0,              0.0294
       168,        46,      1.00,              0.0294,                   0,              0.0294
       168,        47,      1.00,              0.0221,                   0,              0.0074
       168,        48,      1.00,                   0,                   0,              0.0074
       168,        49,      1.00,              0.0294,                   0,              0.0074
       168,        50,      1.00,              0.0074,                   0,              0.0588
       168,        52,      1.00,              0.0662,                   0,              0.0074
       168,        54,      1.00,              0.0515,                   0,                   0
       168,        55,      1.00,              0.0882,                   0,              0.0147
       168,        56,      1.00,              0.0588,                   0,              0.0147
       168,        58,      1.00,              0.0662,                   0,              0.0221
       168,        59,      1.00,              0.0441,                   0,              0.0074
       168,        60,      1.00,              0.0441,                   0,              0.0074
       168,        61,      1.00,              0.0515,                   0,              0.0147
       168,        62,      1.00,              0.2058,                   0,              0.0147
       168,        63,      1.00,              0.0074,                   0,              0.0147
       168,        64,      1.00,              0.0074,                   0,              0.0147
       168,        65,      1.00,              0.1029,                   0,              0.0074
       168,        66,      1.00,              0.0147,                   0,              0.0074
       168,        67,      1.00,              0.1103,                   0,              0.0221
       168,        68,      1.00,              0.0441,                   0,              0.0074
       168,        69,      1.00,              0.0515,                   0,              0.0147
       168,        71,      1.00,              0.0735,                   0,              0.0147
       168,        72,      1.00,                   0,                   0,              0.0074
       168,        73,      1.00,              0.0074,                   0,              0.0074
       168,        74,      1.00,              0.0515,                   0,              0.0074
       168,        75,      1.00,              0.1103,                   0,              0.0294
       168,        76,      1.00,              0.1176,                   0,              0.0147
       168,        77,      1.00,                   0,                   0,              0.0074
       168,        79,      1.00,              0.3161,                   0,              0.0147
       168,        80,      1.00,              0.0956,                   0,              0.0147
       168,        81,      1.00,              0.2867,                   0,              0.0074
       168,        82,      1.00,              0.0294,                   0,              0.0074
       168,        83,      1.00,              0.2499,                   0,              0.0294
       168,        84,      1.00,              0.1764,                   0,              0.0588
       168,        85,      1.00,              0.2352,                   0,              0.0441
       168,        86,      1.00,              0.3676,                   0,              0.0294
       168,        89,      1.00,              0.0368,                   0,              0.0074
       168,        90,      1.00,              0.1764,                   0,              0.0221
       168,        91,      1.00,              0.1323,                   0,              0.0221
       168,        92,      1.00,              0.7057,                   0,              0.0735
       168,        93,      1.00,              0.1176,                   0,              0.0147
       168,        94,      1.00,              0.0588,                   0,              0.0221
       168,        95,      1.00,              0.7498,                   0,              0.0956
       168,        96,      1.00,              0.0515,                   0,              0.0221
       168,        97,      1.00,              0.0662,                   0,              0.0074
       168,        98,      1.00,              0.1617,                   0,              0.0074
       168,        99,      1.00,              0.2426,                   0,              0.0074
       168,       100,      1.00,              0.6910,                   0,              0.0882
       168,       101,      1.00,              0.1029,                   0,              0.0294
       168,       102,      1.00,              0.2058,                   0,              0.0294
       168,       103,      1.00,              1.1395,                   0,              0.0147
       168,       104,      1.00,              0.0735,                   0,              0.0294
       168,       105,      1.00,              0.8160,                   0,              0.0221
       168,       106,      1.00,              0.4999,                   0,              0.0074
       168,       107,      1.00,              0.2720,                   0,              0.0147
       168,       108,      1.00,              0.1838,                   0,              0.0074
       168,       109,      1.00,              0.1617,                   0,              0.0074
       168,       110,      1.00,              0.0662,                   0,              0.0074
       168,       111,      1.00,              0.0221,                   0,                   0
       168,       112,      1.00,              0.0662,                   0,              0.0074
       168,       114,      1.00,              1.9628,                   0,              0.0956
       168,       115,      1.00,              0.0956,                   0,              0.0515
       168,       116,      1.00,              0.8454,                   0,              0.0956
       168,       117,      1.00,              6.5648,                   0,              0.0882
       168,       118,      1.00,              2.0731,                   0,              0.0441
       168,       119,      1.00,              0.8454,                   0,              0.1029
       168,       120,      1.00,              0.2647,                   0,              0.0441
       168,       121,      1.00,              0.6690,                   0,              0.0809
       168,       122,      1.00,              0.4852,                   0,              0.0588
       168,       123,      1.00,              0.9630,                   0,              0.0588
       168,       124,      1.00,              1.7864,                   0,              0.1323
       168,       125,      1.00,              1.9996,                   0,              0.0441
       168,       126,      1.00,              2.2716,                   0,              0.1691
       168,       127,      1.00,              3.7051,                   0,              0.1911
       168,       128,      1.00,              1.8085,                   0,              0.1029
       168,       129,      1.00,              0.5220,                   0,              0.0441
       168,       130,      1.00,              1.0733,                   0,              0.0294
       168,       131,      1.00,              0.3676,                   0,              0.0588
       168,       132,      1.00,              0.9189,                   0,              0.0368
       168,       133,      1.00,              0.9704,                   0,              0.0515
       168,       134,      1.00,              1.1689,                   0,              0.0368
       168,       135,      1.00,              6.3369,                   0,              0.0735
       168,       136,      1.00,              6.1679,                   0,              0.1470
       168,       137,      1.00,              2.7274,                   0,              0.0588
       168,       138,      1.00,              7.2926,                   0,              0.1764
       168,       139,      1.00,              0.3602,                   0,              0.0221
       168,       140,      1.00,             11.3139,                   0,              0.2647
       168,       141,      1.00,              4.1977,                   0,              0.2058
       168,       142,      1.00,              3.7419,                   0,              0.1838
       168,       143,      1.00,              4.3300,                   0,              0.2794
       168,       144,      1.00,              1.4409,                   0,              0.0368
       168,       145,      1.00,              1.9040,                   0,              0.0882
       168,       146,      1.00,              8.1822,                   0,              0.4411
       168,       147,      1.00,              9.0790,                   0,              0.2205
       168,       148,      1.00,             12.1446,                   0,              0.3088
       168,       149,      1.00,              9.4246,                   0,              0.3529
       168,       150,      1.00,              4.5432,                   0,              0.2352
       168,       151,      1.00,              7.0059,                   0,              0.5881
       168,       152,      1.00,              3.0361,                   0,              0.1397
       168,       153,      1.00,              2.3598,                   0,              0.1103
       168,       154,      1.00,              8.6306,                   0,              0.4337
       168,       155,      1.00,              6.4619,                   0,              0.4705
       168,       156,      1.00,              1.3233,                   0,              0.0588
       168,       157,      1.00,              3.4625,                   0,              0.0809
       168,       158,      1.00,                   0,                   0,              0.0441
       168,       159,      1.00,              0.1029,                   0,              0.0221
       168,       160,      1.00,              8.0278,                   0,              0.1250
       168,       161,      1.00,             22.9512,                   0,              0.3896
       168,       162,      1.00,             16.3643,                   0,              0.4925
       168,       163,      1.00,              0.1617,                   0,              0.0147
       168,       164,      1.00,             23.8922,                   0,              0.7498
       168,       165,      1.00,              8.6453,                   0,              0.2794
       168,       166,      1.00,             17.9228,                   0,              0.3896
       168,       167,      1.00,             30.0748,                   0,              0.5734
       168,       168,      1.00,             72.0589,                   0,              0.4411
       168,       169,      1.00,             37.7644,                   0,              0.2720
       168,       170,      1.00,             32.3537,                   0,              0.2867
       168,       171,      1.00,              0.2279,                   0,              0.0147
       168,       172,      1.00,             21.9735,                   0,              0.7204
       168,       173,      1.00,              1.3968,                   0,              0.0368
       168,       174,      1.00,             11.8432,                   0,              0.4484
       168,       175,      1.00,             19.0844,                   0,              0.5881
       168,       176,      1.00,              0.5734,                   0,              0.0294
       168,       177,      1.00,             45.1673,                   0,              0.6469
       168,       178,      1.00,             12.1005,                   0,              0.2720
       168,       179,      1.00,             27.1709,                   0,              1.5585
       168,       180,      1.00,              4.0506,                   0,              0.0882
       168,       181,      1.00,             14.8499,                   0,              0.3602
       168,       182,      1.00,             19.9518,                   0,              1.7349
       168,       183,      1.00,              4.5800,                   0,              0.0882
       168,       184,      1.00,              6.5134,                   0,              0.2647
       168,       185,      1.00,              7.0353,                   0,              0.0956
       168,       186,      1.00,              1.8379,                   0,              0.0441
       168,       187,      1.00,              1.4188,                   0,              0.0221
       168,       188,      1.00,              5.5283,                   0,              0.2352
       168,       189,      1.00,              0.8528,                   0,              0.0294
       168,       190,      1.00,              0.6616,                   0,              0.0809
       168,       191,      1.00,              0.4264,                   0,              0.0147
       168,       192,      1.00,              2.4995,                   0,              0.1103
       168,       193,      1.00,              0.4925,                   0,              0.0221
       168,       194,      1.00,              0.3896,                   0,              0.0147
       168,       195,      1.00,              4.1977,                   0,              0.1617
       168,       196,      1.00,              0.9483,                   0,              0.0809
       168,       197,      1.00,              0.4484,                   0,              0.0221
       168,       198,      1.00,              0.8234,                   0,              0.0368
       168,       199,      1.00,              0.1470,                   0,              0.0074
       168,       200,      1.00,              0.2132,                   0,              0.0368
       168,       201,      1.00,              1.1689,                   0,              0.0515
       168,       202,      1.00,              0.5293,                   0,              0.0221
       168,       203,      1.00,              0.1985,                   0,              0.0221
       168,       204,      1.00,              0.1764,                   0,              0.0368
       168,       205,      1.00,              0.0882,                   0,              0.0147
       168,       206,      1.00,                   0,                   0,              0.0074
       168,       207,      1.00,              0.3896,                   0,              0.0441
       168,       208,      1.00,              0.0735,                   0,              0.0074
       168,       209,      1.00,              0.1176,                   0,              0.0368
       168,       210,      1.00,              0.0662,                   0,              0.0147
       168,       211,      1.00,              1.3012,                   0,              0.1397
       168,       212,      1.00,              5.3445,                   0,              0.4190
       168,       213,      1.00,              1.9996,                   0,              0.0735
       168,       214,      1.00,              0.1911,                   0,              0.0147
       168,       219,      1.00,                   0,                   0,              0.0074
       168,       224,      1.00,                   0,                   0,              0.0221
       168,       226,      1.00,                   0,                   0,              0.0147
       168,       227,      1.00,                   0,                   0,              0.0221
       168,       228,      1.00,                   0,                   0,              0.0221
       168,       229,      1.00,                   0,                   0,              0.0074
       169,         1,      1.00,              0.0294,                   0,                   0
       169,         2,      1.00,              0.0147,                   0,                   0
       169,         3,      1.00,              0.0221,                   0,                   0
       169,         4,      1.00,              0.0074,                   0,                   0
       169,         5,      1.00,              0.0294,                   0,                   0
       169,         6,      1.00,              0.0882,                   0,                   0
       169,         7,      1.00,              0.1250,                   0,                   0
       169,         8,      1.00,              0.1544,                   0,              0.0074
       169,         9,      1.00,              0.0221,                   0,                   0
       169,        11,      1.00,              0.0147,                   0,                   0
       169,        12,      1.00,              0.0221,                   0,                   0
       169,        13,      1.00,              0.1103,                   0,              0.0074
       169,        14,      1.00,              0.1103,                   0,              0.0074
       169,        15,      1.00,              0.1323,                   0,              0.0147
       169,        17,      1.00,              0.0809,                   0,                   0
       169,        18,      1.00,              0.0147,                   0,                   0
       169,        19,      1.00,              0.0588,                   0,                   0
       169,        20,      1.00,              0.0147,                   0,                   0
       169,        21,      1.00,              0.1176,                   0,              0.0074
       169,        22,      1.00,              0.0221,                   0,                   0
       169,        23,      1.00,              0.0368,                   0,                   0
       169,        24,      1.00,              0.0294,                   0,                   0
       169,        27,      1.00,              0.0294,                   0,                   0
       169,        28,      1.00,                   0,                   0,              0.0147
       169,        30,      1.00,                   0,                   0,              0.0074
       169,        31,      1.00,              0.1250,                   0,              0.0074
       169,        33,      1.00,              0.1250,                   0,              0.0074
       169,        34,      1.00,              0.0147,                   0,                   0
       169,        35,      1.00,              0.0368,                   0,                   0
       169,        36,      1.00,              0.0368,                   0,                   0
       169,        38,      1.00,              0.0074,                   0,                   0
       169,        39,      1.00,              0.0147,                   0,              0.0074
       169,        40,      1.00,              0.0294,                   0,                   0
       169,        41,      1.00,              0.0294,                   0,              0.0074
       169,        44,      1.00,                   0,                   0,              0.0074
       169,        45,      1.00,              0.0809,                   0,              0.0147
       169,        46,      1.00,              0.0368,                   0,              0.0147
       169,        49,      1.00,                   0,                   0,              0.0074
       169,        50,      1.00,              0.0147,                   0,              0.0221
       169,        52,      1.00,                   0,                   0,              0.0074
       169,        54,      1.00,              0.0147,                   0,                   0
       169,        55,      1.00,              0.0441,                   0,              0.0074
       169,        56,      1.00,              0.0588,                   0,              0.0074
       169,        58,      1.00,              0.0735,                   0,              0.0074
       169,        59,      1.00,              0.0147,                   0,              0.0074
       169,        60,      1.00,              0.0441,                   0,              0.0074
       169,        61,      1.00,              0.0662,                   0,              0.0074
       169,        62,      1.00,                   0,                   0,              0.0074
       169,        63,      1.00,                   0,                   0,              0.0074
       169,        64,      1.00,              0.0074,                   0,              0.0074
       169,        65,      1.00,              0.0294,                   0,              0.0074
       169,        66,      1.00,              0.0147,                   0,                   0
       169,        67,      1.00,              0.0662,                   0,              0.0074
       169,        68,      1.00,              0.0588,                   0,              0.0074
       169,        69,      1.00,              0.0662,                   0,              0.0074
       169,        71,      1.00,              0.0588,                   0,              0.0074
       169,        73,      1.00,                   0,                   0,              0.0074
       169,        75,      1.00,              0.0221,                   0,              0.0147
       169,        76,      1.00,              0.1176,                   0,              0.0074
       169,        77,      1.00,                   0,                   0,              0.0074
       169,        79,      1.00,              0.4190,                   0,              0.0074
       169,        80,      1.00,              0.0956,                   0,              0.0074
       169,        81,      1.00,              0.1103,                   0,                   0
       169,        83,      1.00,              0.0662,                   0,              0.0147
       169,        84,      1.00,              0.1397,                   0,              0.0294
       169,        85,      1.00,              0.1323,                   0,              0.0221
       169,        86,      1.00,              0.1470,                   0,              0.0147
       169,        89,      1.00,              0.0368,                   0,                   0
       169,        90,      1.00,              0.0882,                   0,              0.0074
       169,        91,      1.00,              0.0735,                   0,              0.0074
       169,        92,      1.00,              0.3455,                   0,              0.0368
       169,        93,      1.00,              0.0662,                   0,              0.0074
       169,        94,      1.00,              0.0441,                   0,              0.0147
       169,        95,      1.00,              0.3749,                   0,              0.0441
       169,        96,      1.00,                   0,                   0,              0.0074
       169,        97,      1.00,              0.0809,                   0,              0.0074
       169,        98,      1.00,              0.3014,                   0,              0.0074
       169,        99,      1.00,              0.1764,                   0,              0.0074
       169,       100,      1.00,              0.3970,                   0,              0.0662
       169,       101,      1.00,              0.3088,                   0,              0.0221
       169,       102,      1.00,                   0,                   0,              0.0147
       169,       103,      1.00,              0.7793,                   0,              0.0147
       169,       104,      1.00,              0.0221,                   0,              0.0074
       169,       105,      1.00,              0.5440,                   0,              0.0147
       169,       106,      1.00,              0.5367,                   0,                   0
       169,       107,      1.00,              0.2426,                   0,              0.0074
       169,       108,      1.00,              0.2426,                   0,                   0
       169,       109,      1.00,              0.2426,                   0,              0.0074
       169,       110,      1.00,              0.0662,                   0,                   0
       169,       111,      1.00,              0.0147,                   0,                   0
       169,       112,      1.00,              0.0147,                   0,              0.0074
       169,       114,      1.00,              1.3380,                   0,              0.0735
       169,       115,      1.00,              0.1176,                   0,              0.0441
       169,       116,      1.00,              0.4337,                   0,              0.0588
       169,       117,      1.00,              4.3006,                   0,              0.0588
       169,       118,      1.00,              1.6467,                   0,              0.0294
       169,       119,      1.00,              0.3676,                   0,              0.0515
       169,       120,      1.00,              0.1103,                   0,              0.0221
       169,       121,      1.00,              0.3088,                   0,              0.0368
       169,       122,      1.00,              0.3014,                   0,              0.0294
       169,       123,      1.00,              0.4778,                   0,              0.0294
       169,       124,      1.00,              1.1615,                   0,              0.0588
       169,       125,      1.00,              1.8599,                   0,              0.0294
       169,       126,      1.00,              1.0807,                   0,              0.0956
       169,       127,      1.00,              1.8379,                   0,              0.0956
       169,       128,      1.00,              0.8822,                   0,              0.0588
       169,       129,      1.00,              0.3602,                   0,              0.0221
       169,       130,      1.00,              0.4558,                   0,              0.0147
       169,       131,      1.00,              0.4190,                   0,              0.0147
       169,       132,      1.00,              0.4705,                   0,              0.0147
       169,       133,      1.00,              0.1250,                   0,              0.0147
       169,       134,      1.00,              0.9557,                   0,              0.0147
       169,       135,      1.00,              3.3008,                   0,              0.0441
       169,       136,      1.00,              4.3300,                   0,              0.0956
       169,       137,      1.00,              1.8452,                   0,              0.0441
       169,       138,      1.00,              4.7858,                   0,              0.1250
       169,       139,      1.00,              0.4778,                   0,              0.0147
       169,       140,      1.00,              5.0357,                   0,              0.1250
       169,       141,      1.00,              2.0584,                   0,              0.1103
       169,       142,      1.00,              1.8452,                   0,              0.1029
       169,       143,      1.00,              2.0952,                   0,              0.1617
       169,       144,      1.00,              0.7278,                   0,              0.0221
       169,       145,      1.00,              0.7204,                   0,              0.0441
       169,       146,      1.00,              3.9183,                   0,              0.2132
       169,       147,      1.00,              3.3008,                   0,              0.1029
       169,       148,      1.00,              5.4989,                   0,              0.1544
       169,       149,      1.00,              4.2859,                   0,              0.1985
       169,       150,      1.00,              2.9553,                   0,              0.1250
       169,       151,      1.00,              3.2273,                   0,              0.3161
       169,       152,      1.00,              2.1393,                   0,              0.0662
       169,       153,      1.00,              1.3894,                   0,              0.0588
       169,       154,      1.00,              5.9620,                   0,              0.2352
       169,       155,      1.00,              3.8375,                   0,              0.2720
       169,       156,      1.00,              0.6543,                   0,              0.0294
       169,       157,      1.00,              2.1834,                   0,              0.0809
       169,       158,      1.00,                   0,                   0,              0.0368
       169,       159,      1.00,              0.1323,                   0,              0.0147
       169,       160,      1.00,              3.1391,                   0,              0.0735
       169,       161,      1.00,             10.4611,                   0,              0.2132
       169,       162,      1.00,             10.6817,                   0,              0.3308
       169,       163,      1.00,              0.1838,                   0,              0.0074
       169,       164,      1.00,             15.7321,                   0,              0.5146
       169,       165,      1.00,              3.1317,                   0,              0.1470
       169,       166,      1.00,              9.0129,                   0,              0.2205
       169,       167,      1.00,             12.5636,                   0,              0.4484
       169,       168,      1.00,             35.8309,                   0,              0.2720
       169,       169,      1.00,             25.2669,                   0,              0.1764
       169,       170,      1.00,             23.1056,                   0,              0.2499
       169,       171,      1.00,              0.2132,                   0,              0.0147
       169,       172,      1.00,             15.9012,                   0,              0.8234
       169,       173,      1.00,              0.6763,                   0,              0.0368
       169,       174,      1.00,              7.6749,                   0,              0.4778
       169,       175,      1.00,             14.4088,                   0,              0.6249
       169,       176,      1.00,              0.5881,                   0,              0.0294
       169,       177,      1.00,             34.1695,                   0,              0.5514
       169,       178,      1.00,              5.2195,                   0,              0.1764
       169,       179,      1.00,             13.8575,                   0,              1.0880
       169,       180,      1.00,              1.8746,                   0,              0.0515
       169,       181,      1.00,             10.0421,                   0,              0.2573
       169,       182,      1.00,             10.8360,                   0,              1.0513
       169,       183,      1.00,              2.4848,                   0,              0.0735
       169,       184,      1.00,              4.8887,                   0,              0.1985
       169,       185,      1.00,              4.4182,                   0,              0.0956
       169,       186,      1.00,              1.4335,                   0,              0.0368
       169,       187,      1.00,              0.7646,                   0,              0.0147
       169,       188,      1.00,              4.8740,                   0,              0.2058
       169,       189,      1.00,              0.5734,                   0,              0.0294
       169,       190,      1.00,              0.6984,                   0,              0.0662
       169,       191,      1.00,              0.2647,                   0,              0.0147
       169,       192,      1.00,              2.4995,                   0,              0.0735
       169,       193,      1.00,              0.4117,                   0,              0.0147
       169,       194,      1.00,              0.2499,                   0,              0.0147
       169,       195,      1.00,              3.0729,                   0,              0.1544
       169,       196,      1.00,              0.8160,                   0,              0.0515
       169,       197,      1.00,              0.2426,                   0,              0.0147
       169,       198,      1.00,              0.9410,                   0,              0.0294
       169,       199,      1.00,              0.0809,                   0,              0.0074
       169,       200,      1.00,              0.0074,                   0,              0.0221
       169,       201,      1.00,              0.8895,                   0,              0.0294
       169,       202,      1.00,              0.2794,                   0,              0.0147
       169,       203,      1.00,              0.2647,                   0,              0.0147
       169,       204,      1.00,              0.2426,                   0,              0.0294
       169,       205,      1.00,              0.1250,                   0,              0.0147
       169,       206,      1.00,                   0,                   0,              0.0074
       169,       207,      1.00,              0.2426,                   0,              0.0294
       169,       208,      1.00,              0.0368,                   0,                   0
       169,       209,      1.00,              0.0441,                   0,              0.0221
       169,       210,      1.00,              0.0294,                   0,              0.0074
       169,       211,      1.00,              0.8160,                   0,              0.0956
       169,       212,      1.00,              4.2197,                   0,              0.2794
       169,       213,      1.00,              0.9704,                   0,              0.0515
       169,       214,      1.00,              0.2205,                   0,              0.0074
       169,       224,      1.00,                   0,                   0,              0.0147
       169,       226,      1.00,                   0,                   0,              0.0074
       169,       227,      1.00,                   0,                   0,              0.0147
       169,       228,      1.00,                   0,                   0,              0.0147
       170,         2,      1.00,              0.0294,                   0,                   0
       170,         3,      1.00,              0.0221,                   0,                   0
       170,         4,      1.00,              0.0588,                   0,                   0
       170,         6,      1.00,              0.5661,                   0,                   0
       170,         7,      1.00,              0.2573,                   0,                   0
       170,         8,      1.00,              0.1985,                   0,              0.0074
       170,         9,      1.00,              0.2058,                   0,                   0
       170,        11,      1.00,              0.0588,                   0,                   0
       170,        12,      1.00,              0.2132,                   0,              0.0074
       170,        13,      1.00,              0.1544,                   0,              0.0074
       170,        14,      1.00,              0.3088,                   0,              0.0221
       170,        15,      1.00,              1.1321,                   0,              0.0074
       170,        17,      1.00,              0.0882,                   0,              0.0147
       170,        21,      1.00,              0.2058,                   0,              0.0074
       170,        23,      1.00,              0.1470,                   0,              0.0294
       170,        24,      1.00,              0.2352,                   0,              0.0147
       170,        26,      1.00,              0.0882,                   0,                   0
       170,        27,      1.00,              0.2058,                   0,                   0
       170,        28,      1.00,              0.6175,                   0,              0.0294
       170,        29,      1.00,              0.2058,                   0,              0.0074
       170,        30,      1.00,              0.0074,                   0,              0.0074
       170,        31,      1.00,              0.4117,                   0,              0.0074
       170,        32,      1.00,                   0,                   0,              0.0074
       170,        33,      1.00,              0.2720,                   0,              0.0074
       170,        35,      1.00,              0.0956,                   0,              0.0074
       170,        36,      1.00,              0.1397,                   0,              0.0147
       170,        37,      1.00,              0.2058,                   0,              0.0074
       170,        39,      1.00,                   0,                   0,              0.0074
       170,        40,      1.00,              0.0294,                   0,              0.0074
       170,        41,      1.00,              0.0956,                   0,              0.0588
       170,        42,      1.00,              0.0147,                   0,              0.0147
       170,        43,      1.00,                   0,                   0,              0.0294
       170,        44,      1.00,                   0,                   0,              0.0882
       170,        45,      1.00,              0.1470,                   0,              0.0662
       170,        46,      1.00,              0.0441,                   0,              0.1176
       170,        47,      1.00,                   0,                   0,              0.0147
       170,        49,      1.00,              0.2058,                   0,              0.0074
       170,        52,      1.00,              0.1544,                   0,              0.0368
       170,        53,      1.00,                   0,                   0,              0.0074
       170,        55,      1.00,                   0,                   0,              0.0294
       170,        56,      1.00,              0.1029,                   0,              0.0441
       170,        57,      1.00,              0.0074,                   0,                   0
       170,        58,      1.00,              0.0294,                   0,              0.0956
       170,        59,      1.00,                   0,                   0,              0.0074
       170,        60,      1.00,                   0,                   0,              0.0074
       170,        61,      1.00,              0.4484,                   0,              0.0147
       170,        62,      1.00,              0.2720,                   0,              0.0074
       170,        63,      1.00,              0.1691,                   0,              0.0147
       170,        64,      1.00,              0.2794,                   0,              0.0074
       170,        65,      1.00,              0.0662,                   0,              0.0074
       170,        66,      1.00,              0.2205,                   0,                   0
       170,        67,      1.00,              0.0662,                   0,              0.0074
       170,        68,      1.00,              0.0515,                   0,              0.0074
       170,        69,      1.00,                   0,                   0,              0.0074
       170,        71,      1.00,              0.2573,                   0,                   0
       170,        72,      1.00,              0.0882,                   0,              0.0074
       170,        73,      1.00,              0.0074,                   0,              0.0221
       170,        74,      1.00,                   0,                   0,              0.0074
       170,        75,      1.00,              0.3823,                   0,              0.0147
       170,        76,      1.00,              0.1029,                   0,              0.0074
       170,        77,      1.00,              0.2058,                   0,              0.0074
       170,        78,      1.00,                   0,                   0,              0.0074
       170,        79,      1.00,              0.2720,                   0,              0.0221
       170,        80,      1.00,              0.0074,                   0,              0.0147
       170,        81,      1.00,              0.1323,                   0,              0.0221
       170,        82,      1.00,                   0,                   0,              0.0147
       170,        83,      1.00,              0.2499,                   0,              0.0809
       170,        84,      1.00,              0.3088,                   0,              0.1691
       170,        85,      1.00,              0.2647,                   0,              0.1103
       170,        86,      1.00,              0.1764,                   0,              0.0882
       170,        88,      1.00,              0.0662,                   0,              0.0074
       170,        89,      1.00,              0.3455,                   0,              0.0221
       170,        90,      1.00,              0.0074,                   0,              0.0588
       170,        91,      1.00,              0.0735,                   0,              0.0588
       170,        92,      1.00,              0.6249,                   0,              0.1544
       170,        93,      1.00,              0.0882,                   0,              0.0294
       170,        94,      1.00,              0.0368,                   0,              0.0662
       170,        95,      1.00,              0.8528,                   0,              0.1838
       170,        96,      1.00,              0.2058,                   0,              0.0074
       170,        97,      1.00,              0.0441,                   0,              0.0147
       170,        98,      1.00,              0.4631,                   0,              0.0147
       170,        99,      1.00,              0.8748,                   0,              0.0147
       170,       100,      1.00,              1.5585,                   0,              0.1691
       170,       101,      1.00,              0.7793,                   0,              0.0294
       170,       102,      1.00,              0.0074,                   0,              0.0147
       170,       103,      1.00,              1.1542,                   0,              0.0294
       170,       104,      1.00,              0.6910,                   0,              0.0221
       170,       105,      1.00,              0.9851,                   0,              0.0441
       170,       106,      1.00,              0.1691,                   0,              0.0221
       170,       107,      1.00,              0.9777,                   0,              0.0368
       170,       108,      1.00,              0.7131,                   0,              0.0147
       170,       109,      1.00,              0.4264,                   0,              0.0221
       170,       110,      1.00,              0.2720,                   0,                   0
       170,       112,      1.00,              0.1029,                   0,              0.0147
       170,       113,      1.00,              0.2058,                   0,                   0
       170,       114,      1.00,              1.2424,                   0,              0.1691
       170,       115,      1.00,              0.0074,                   0,              0.0735
       170,       116,      1.00,              1.8820,                   0,              0.1617
       170,       117,      1.00,              7.4397,                   0,              0.1617
       170,       118,      1.00,              4.3668,                   0,              0.1103
       170,       119,      1.00,              0.6102,                   0,              0.1029
       170,       120,      1.00,              0.3382,                   0,              0.1103
       170,       121,      1.00,              0.9336,                   0,              0.1911
       170,       122,      1.00,              0.8013,                   0,              0.0956
       170,       123,      1.00,              0.5661,                   0,              0.0735
       170,       124,      1.00,              1.5659,                   0,              0.1029
       170,       125,      1.00,              2.3304,                   0,              0.0735
       170,       126,      1.00,              1.5732,                   0,              0.2279
       170,       127,      1.00,              2.0290,                   0,              0.3749
       170,       128,      1.00,              1.1395,                   0,              0.1691
       170,       129,      1.00,              0.4631,                   0,              0.0809
       170,       130,      1.00,              0.6028,                   0,              0.0735
       170,       131,      1.00,              0.1176,                   0,              0.0221
       170,       132,      1.00,              0.5808,                   0,              0.0735
       170,       133,      1.00,              0.3235,                   0,              0.0294
       170,       134,      1.00,              2.6318,                   0,              0.0147
       170,       135,      1.00,             10.6375,                   0,              0.1103
       170,       136,      1.00,             10.0935,                   0,              0.1985
       170,       137,      1.00,              5.7562,                   0,              0.0956
       170,       138,      1.00,              8.1601,                   0,              0.2426
       170,       139,      1.00,              0.2279,                   0,              0.0368
       170,       140,      1.00,              9.7186,                   0,              0.1985
       170,       141,      1.00,              3.2861,                   0,              0.2499
       170,       142,      1.00,              3.0803,                   0,              0.1985
       170,       143,      1.00,              3.4772,                   0,              0.4117
       170,       144,      1.00,              0.6837,                   0,              0.0515
       170,       145,      1.00,              0.8748,                   0,              0.1323
       170,       146,      1.00,              6.3811,                   0,              0.4264
       170,       147,      1.00,              3.6022,                   0,              0.1838
       170,       148,      1.00,              5.8297,                   0,              0.3161
       170,       149,      1.00,              5.7562,                   0,              0.3455
       170,       150,      1.00,              3.3376,                   0,              0.2205
       170,       151,      1.00,              3.2199,                   0,              0.4705
       170,       152,      1.00,              2.2128,                   0,              0.1397
       170,       153,      1.00,              0.7057,                   0,              0.1103
       170,       154,      1.00,              6.7045,                   0,              0.3676
       170,       155,      1.00,              5.2857,                   0,              0.5072
       170,       156,      1.00,              1.0439,                   0,              0.0662
       170,       157,      1.00,             21.4074,                   0,              0.3235
       170,       158,      1.00,                   0,                   0,              0.0956
       170,       159,      1.00,              0.5072,                   0,              0.0221
       170,       160,      1.00,              7.5573,                   0,              0.0735
       170,       161,      1.00,             10.2185,                   0,              0.3455
       170,       162,      1.00,             44.0646,                   0,              1.0292
       170,       163,      1.00,              0.3014,                   0,              0.0221
       170,       164,      1.00,             98.2741,                   0,              1.6908
       170,       165,      1.00,              5.4327,                   0,              0.2426
       170,       166,      1.00,              9.4981,                   0,              0.3455
       170,       167,      1.00,             14.4529,                   0,              0.3161
       170,       168,      1.00,             31.1995,                   0,              0.2867
       170,       169,      1.00,             21.1354,                   0,              0.2499
       170,       170,      1.00,            186.0357,                   0,              0.7719
       170,       171,      1.00,              1.5438,                   0,              0.0441
       170,       172,      1.00,             85.4459,                   0,              2.8965
       170,       173,      1.00,              3.1464,                   0,              0.0221
       170,       174,      1.00,             34.8238,                   0,              0.8454
       170,       175,      1.00,             80.7777,                   0,              1.0219
       170,       176,      1.00,              2.6245,                   0,              0.0147
       170,       177,      1.00,             28.1119,                   0,              0.6028
       170,       178,      1.00,              7.6676,                   0,              0.1985
       170,       179,      1.00,             15.8056,                   0,              0.4705
       170,       180,      1.00,              0.5072,                   0,              0.0588
       170,       181,      1.00,             17.0333,                   0,              0.3529
       170,       182,      1.00,             13.1664,                   0,              0.6984
       170,       183,      1.00,              6.6972,                   0,              0.0956
       170,       184,      1.00,              8.2851,                   0,              0.1470
       170,       185,      1.00,             12.6004,                   0,              0.0956
       170,       186,      1.00,              5.4548,                   0,              0.1029
       170,       187,      1.00,              2.5583,                   0,              0.0515
       170,       188,      1.00,             16.9230,                   0,              1.1468
       170,       189,      1.00,              5.7929,                   0,              0.2647
       170,       190,      1.00,              3.3964,                   0,              0.2352
       170,       191,      1.00,              1.3674,                   0,              0.1176
       170,       192,      1.00,              6.8148,                   0,              0.1985
       170,       193,      1.00,              0.4631,                   0,              0.0368
       170,       194,      1.00,              0.5808,                   0,              0.0368
       170,       195,      1.00,              5.8591,                   0,              0.1985
       170,       196,      1.00,              1.0954,                   0,              0.1176
       170,       197,      1.00,              0.4190,                   0,              0.0441
       170,       198,      1.00,              1.1027,                   0,              0.0588
       170,       199,      1.00,              0.1985,                   0,              0.0147
       170,       200,      1.00,              0.0809,                   0,              0.0515
       170,       201,      1.00,              2.6906,                   0,              0.0809
       170,       202,      1.00,              0.4925,                   0,              0.0294
       170,       203,      1.00,              0.6543,                   0,              0.0368
       170,       204,      1.00,              0.2794,                   0,              0.0662
       170,       205,      1.00,              0.5514,                   0,              0.0662
       170,       206,      1.00,                   0,                   0,              0.0368
       170,       207,      1.00,              0.2867,                   0,              0.0735
       170,       208,      1.00,              0.0441,                   0,              0.0588
       170,       209,      1.00,              0.0515,                   0,              0.1397
       170,       210,      1.00,                   0,                   0,              0.0515
       170,       211,      1.00,              3.9257,                   0,              0.1470
       170,       212,      1.00,              8.4615,                   0,              0.4411
       170,       213,      1.00,              5.9106,                   0,              0.1691
       170,       214,      1.00,              0.3602,                   0,              0.0221
       170,       224,      1.00,                   0,                   0,              0.0368
       170,       226,      1.00,                   0,                   0,              0.0294
       170,       227,      1.00,              0.0074,                   0,              0.0515
       170,       228,      1.00,              0.0074,                   0,              0.0368
       170,       229,      1.00,                   0,                   0,              0.0074
       171,        12,      1.00,              0.0441,                   0,                   0
       171,        15,      1.00,              0.1470,                   0,                   0
       171,        28,      1.00,              0.1470,                   0,                   0
       171,        45,      1.00,              0.0441,                   0,                   0
       171,        50,      1.00,                   0,                   0,              0.0074
       171,        64,      1.00,                   0,                   0,              0.0074
       171,        67,      1.00,              0.1470,                   0,                   0
       171,        73,      1.00,                   0,                   0,              0.0074
       171,        75,      1.00,                   0,                   0,              0.0221
       171,        76,      1.00,                   0,                   0,              0.0074
       171,        77,      1.00,                   0,                   0,              0.0074
       171,        79,      1.00,                   0,                   0,              0.0074
       171,        80,      1.00,                   0,                   0,              0.0074
       171,        82,      1.00,                   0,                   0,              0.0074
       171,        83,      1.00,              0.1470,                   0,              0.0074
       171,        84,      1.00,                   0,                   0,              0.0294
       171,        85,      1.00,              0.0294,                   0,              0.0147
       171,        91,      1.00,                   0,                   0,              0.0147
       171,        92,      1.00,              0.0074,                   0,              0.0294
       171,        93,      1.00,                   0,                   0,              0.0074
       171,        95,      1.00,                   0,                   0,              0.0074
       171,        97,      1.00,                   0,                   0,              0.0074
       171,        98,      1.00,                   0,                   0,              0.0074
       171,       100,      1.00,                   0,                   0,              0.0294
       171,       101,      1.00,                   0,                   0,              0.0221
       171,       103,      1.00,              0.1470,                   0,                   0
       171,       116,      1.00,                   0,                   0,              0.0147
       171,       117,      1.00,              0.1470,                   0,              0.0809
       171,       118,      1.00,              0.1470,                   0,              0.0441
       171,       119,      1.00,                   0,                   0,              0.0147
       171,       120,      1.00,                   0,                   0,              0.0221
       171,       121,      1.00,              0.1470,                   0,              0.0294
       171,       122,      1.00,                   0,                   0,              0.0147
       171,       123,      1.00,                   0,                   0,              0.0221
       171,       124,      1.00,                   0,                   0,              0.0221
       171,       125,      1.00,                   0,                   0,              0.0147
       171,       126,      1.00,              0.0368,                   0,              0.0074
       171,       127,      1.00,              0.0294,                   0,              0.0147
       171,       129,      1.00,                   0,                   0,              0.0147
       171,       131,      1.00,                   0,                   0,              0.0147
       171,       136,      1.00,                   0,                   0,              0.0294
       171,       137,      1.00,                   0,                   0,              0.0147
       171,       140,      1.00,              0.1470,                   0,                   0
       171,       141,      1.00,              0.0368,                   0,                   0
       171,       142,      1.00,              0.0662,                   0,                   0
       171,       143,      1.00,                   0,                   0,              0.0147
       171,       146,      1.00,              0.0368,                   0,                   0
       171,       149,      1.00,                   0,                   0,              0.0147
       171,       151,      1.00,                   0,                   0,              0.0074
       171,       154,      1.00,                   0,                   0,              0.0074
       171,       155,      1.00,                   0,                   0,              0.0147
       171,       156,      1.00,              0.1470,                   0,                   0
       171,       157,      1.00,              0.4484,                   0,              0.0074
       171,       161,      1.00,              0.0368,                   0,              0.0074
       171,       162,      1.00,              0.4558,                   0,              0.0147
       171,       163,      1.00,              0.0662,                   0,                   0
       171,       164,      1.00,              1.4703,                   0,              0.0221
       171,       166,      1.00,              0.1470,                   0,              0.0147
       171,       167,      1.00,              0.1911,                   0,              0.0147
       171,       168,      1.00,              0.0368,                   0,              0.0147
       171,       169,      1.00,              0.0441,                   0,              0.0147
       171,       170,      1.00,              0.7719,                   0,              0.0441
       171,       171,      1.00,              1.8526,                   0,                   0
       171,       172,      1.00,              5.1166,                   0,              0.0809
       171,       174,      1.00,              0.1544,                   0,              0.0441
       171,       175,      1.00,              0.2352,                   0,              0.0735
       171,       177,      1.00,              0.1470,                   0,              0.0588
       171,       179,      1.00,                   0,                   0,              0.0074
       171,       180,      1.00,              0.1470,                   0,                   0
       171,       181,      1.00,              0.3749,                   0,              0.0221
       171,       182,      1.00,              0.1470,                   0,              0.0515
       171,       183,      1.00,              0.1470,                   0,              0.0074
       171,       184,      1.00,              0.1470,                   0,              0.0294
       171,       185,      1.00,              0.1544,                   0,              0.0147
       171,       186,      1.00,                   0,                   0,              0.0147
       171,       187,      1.00,              0.2205,                   0,              0.0074
       171,       188,      1.00,              1.9114,                   0,              0.0735
       171,       189,      1.00,              0.0809,                   0,              0.0147
       171,       190,      1.00,              0.0074,                   0,              0.0147
       171,       191,      1.00,              0.7278,                   0,              0.0294
       171,       192,      1.00,              0.4484,                   0,              0.1103
       171,       195,      1.00,                   0,                   0,              0.0294
       171,       196,      1.00,              0.1470,                   0,              0.0588
       171,       198,      1.00,              0.4411,                   0,              0.0147
       171,       199,      1.00,                   0,                   0,              0.0074
       171,       200,      1.00,                   0,                   0,              0.0221
       171,       201,      1.00,                   0,                   0,              0.0074
       171,       202,      1.00,                   0,                   0,              0.0221
       171,       204,      1.00,                   0,                   0,              0.0294
       171,       205,      1.00,                   0,                   0,              0.0368
       171,       206,      1.00,                   0,                   0,              0.0221
       171,       207,      1.00,              0.1470,                   0,              0.1029
       171,       209,      1.00,              0.1470,                   0,                   0
       171,       211,      1.00,              0.1470,                   0,                   0
       171,       212,      1.00,              0.1544,                   0,                   0
       171,       213,      1.00,                   0,                   0,              0.0147
       171,       214,      1.00,              0.0809,                   0,                   0
       171,       227,      1.00,                   0,                   0,              0.0074
       172,         3,      1.00,              0.2058,                   0,                   0
       172,         8,      1.00,              0.3749,                   0,                   0
       172,         9,      1.00,              0.3235,                   0,                   0
       172,        11,      1.00,              0.3308,                   0,                   0
       172,        12,      1.00,              0.2058,                   0,                   0
       172,        13,      1.00,              0.5146,                   0,                   0
       172,        14,      1.00,              0.3308,                   0,              0.0074
       172,        15,      1.00,              0.8822,                   0,              0.0074
       172,        17,      1.00,              0.2058,                   0,                   0
       172,        21,      1.00,              0.6175,                   0,              0.0221
       172,        23,      1.00,              0.1029,                   0,              0.0074
       172,        24,      1.00,                   0,                   0,              0.0074
       172,        27,      1.00,              0.4117,                   0,                   0
       172,        28,      1.00,              0.9263,                   0,              0.0588
       172,        29,      1.00,              0.1029,                   0,              0.0074
       172,        30,      1.00,              0.2720,                   0,              0.0074
       172,        31,      1.00,              0.3088,                   0,              0.0147
       172,        32,      1.00,                   0,                   0,              0.0074
       172,        33,      1.00,              0.2132,                   0,              0.0221
       172,        35,      1.00,              0.2647,                   0,                   0
       172,        36,      1.00,              0.2058,                   0,              0.0074
       172,        37,      1.00,              0.2058,                   0,                   0
       172,        39,      1.00,              0.5146,                   0,              0.0074
       172,        41,      1.00,              0.5146,                   0,              0.0221
       172,        42,      1.00,                   0,                   0,              0.0074
       172,        43,      1.00,              0.2058,                   0,              0.0147
       172,        44,      1.00,              0.4117,                   0,              0.0368
       172,        45,      1.00,              0.3088,                   0,              0.0221
       172,        46,      1.00,              0.2279,                   0,              0.0809
       172,        47,      1.00,                   0,                   0,              0.0074
       172,        49,      1.00,              0.2132,                   0,              0.0074
       172,        50,      1.00,                   0,                   0,              0.0221
       172,        51,      1.00,              0.0074,                   0,                   0
       172,        52,      1.00,              0.2058,                   0,              0.0147
       172,        55,      1.00,              0.4778,                   0,              0.0147
       172,        56,      1.00,              0.6543,                   0,              0.0074
       172,        57,      1.00,              0.0221,                   0,                   0
       172,        58,      1.00,              1.0880,                   0,              0.0294
       172,        59,      1.00,              0.2058,                   0,              0.0074
       172,        60,      1.00,                   0,                   0,              0.0074
       172,        61,      1.00,              0.2205,                   0,              0.0221
       172,        62,      1.00,              0.2058,                   0,              0.0074
       172,        63,      1.00,              0.2205,                   0,              0.0294
       172,        64,      1.00,              0.1176,                   0,              0.1250
       172,        65,      1.00,              0.5146,                   0,              0.0147
       172,        66,      1.00,              0.2058,                   0,              0.0074
       172,        67,      1.00,              0.6469,                   0,              0.0147
       172,        68,      1.00,              0.3602,                   0,              0.0074
       172,        69,      1.00,                   0,                   0,              0.0074
       172,        70,      1.00,              0.1029,                   0,                   0
       172,        71,      1.00,              0.3088,                   0,                   0
       172,        73,      1.00,              0.0074,                   0,              0.0662
       172,        74,      1.00,              0.0074,                   0,              0.0074
       172,        75,      1.00,              0.4264,                   0,              0.0221
       172,        76,      1.00,              0.2132,                   0,              0.0074
       172,        77,      1.00,              0.2058,                   0,              0.0074
       172,        79,      1.00,              0.6396,                   0,              0.0221
       172,        80,      1.00,              0.8307,                   0,              0.0368
       172,        81,      1.00,              0.1103,                   0,              0.0074
       172,        82,      1.00,              0.0074,                   0,              0.0074
       172,        83,      1.00,              0.4264,                   0,              0.0368
       172,        84,      1.00,              0.4117,                   0,              0.1617
       172,        85,      1.00,              0.3455,                   0,              0.0735
       172,        86,      1.00,              0.2794,                   0,              0.0515
       172,        87,      1.00,              0.0074,                   0,                   0
       172,        88,      1.00,              0.0074,                   0,                   0
       172,        89,      1.00,              0.2058,                   0,              0.0074
       172,        90,      1.00,              0.8307,                   0,              0.0368
       172,        91,      1.00,              0.2352,                   0,              0.0368
       172,        92,      1.00,              1.4041,                   0,              0.0956
       172,        93,      1.00,              0.3382,                   0,              0.0221
       172,        94,      1.00,              0.0147,                   0,              0.0368
       172,        95,      1.00,              0.7057,                   0,              0.1029
       172,        96,      1.00,              0.2058,                   0,                   0
       172,        97,      1.00,              0.2426,                   0,              0.0147
       172,        98,      1.00,              0.1764,                   0,              0.0147
       172,        99,      1.00,              1.1321,                   0,              0.0662
       172,       100,      1.00,              3.0582,                   0,              0.4117
       172,       101,      1.00,              1.2939,                   0,              0.0368
       172,       102,      1.00,              0.0074,                   0,              0.0588
       172,       103,      1.00,              1.6467,                   0,              0.0294
       172,       104,      1.00,              0.3161,                   0,              0.0074
       172,       105,      1.00,              0.6616,                   0,              0.0441
       172,       106,      1.00,              0.5367,                   0,              0.0147
       172,       107,      1.00,              0.9189,                   0,              0.0368
       172,       108,      1.00,              0.8454,                   0,              0.0074
       172,       109,      1.00,              0.4411,                   0,              0.0294
       172,       110,      1.00,              0.2720,                   0,                   0
       172,       111,      1.00,              0.2132,                   0,                   0
       172,       114,      1.00,              3.1391,                   0,              0.2794
       172,       115,      1.00,              0.0147,                   0,              0.1323
       172,       116,      1.00,              2.3378,                   0,              0.3676
       172,       117,      1.00,              8.2336,                   0,              0.1617
       172,       118,      1.00,              3.0141,                   0,              0.0809
       172,       119,      1.00,              1.3086,                   0,              0.1103
       172,       120,      1.00,              0.4778,                   0,              0.0588
       172,       121,      1.00,              1.0660,                   0,              0.1103
       172,       122,      1.00,              0.9410,                   0,              0.0515
       172,       123,      1.00,              1.4262,                   0,              0.0882
       172,       124,      1.00,              1.4776,                   0,              0.0956
       172,       125,      1.00,              1.8599,                   0,              0.0588
       172,       126,      1.00,              2.1687,                   0,              0.1985
       172,       127,      1.00,              3.2199,                   0,              0.2499
       172,       128,      1.00,              1.3380,                   0,              0.1397
       172,       129,      1.00,              0.3308,                   0,              0.0956
       172,       130,      1.00,              0.6175,                   0,              0.0441
       172,       131,      1.00,              0.0809,                   0,              0.0147
       172,       132,      1.00,              1.1983,                   0,              0.0441
       172,       133,      1.00,              0.2279,                   0,              0.0294
       172,       134,      1.00,              2.2348,                   0,              0.0147
       172,       135,      1.00,              3.9918,                   0,              0.0588
       172,       136,      1.00,              7.6161,                   0,              0.2794
       172,       137,      1.00,              3.8007,                   0,              0.2499
       172,       138,      1.00,              4.2859,                   0,              0.2867
       172,       139,      1.00,              0.6396,                   0,              0.0441
       172,       140,      1.00,              4.9916,                   0,              0.1691
       172,       141,      1.00,              3.3008,                   0,              0.2205
       172,       142,      1.00,              3.1685,                   0,              0.2132
       172,       143,      1.00,              3.7639,                   0,              0.6469
       172,       144,      1.00,              1.4776,                   0,              0.0441
       172,       145,      1.00,              1.0071,                   0,              0.1544
       172,       146,      1.00,              5.4327,                   0,              0.3970
       172,       147,      1.00,              2.5362,                   0,              0.1691
       172,       148,      1.00,              7.1015,                   0,              0.3088
       172,       149,      1.00,              4.1021,                   0,              0.7057
       172,       150,      1.00,              3.9918,                   0,              0.2352
       172,       151,      1.00,              3.6463,                   0,              0.5881
       172,       152,      1.00,              1.1762,                   0,              0.1617
       172,       153,      1.00,              3.6169,                   0,              0.1544
       172,       154,      1.00,              6.4252,                   0,              0.4337
       172,       155,      1.00,              5.1093,                   0,              0.9557
       172,       156,      1.00,              0.4925,                   0,              0.0515
       172,       157,      1.00,             48.0417,                   0,              0.5955
       172,       158,      1.00,              0.2720,                   0,              0.1250
       172,       159,      1.00,              0.2426,                   0,              0.0221
       172,       160,      1.00,              4.7123,                   0,              0.0809
       172,       161,      1.00,              5.8591,                   0,              0.4631
       172,       162,      1.00,             32.8316,                   0,              1.4850
       172,       163,      1.00,              0.1691,                   0,              0.0147
       172,       164,      1.00,             79.9102,                   0,              2.2863
       172,       165,      1.00,              4.3447,                   0,              0.3308
       172,       166,      1.00,              9.7186,                   0,              0.5808
       172,       167,      1.00,              7.7190,                   0,              0.5146
       172,       168,      1.00,             13.0268,                   0,              0.7204
       172,       169,      1.00,             10.8801,                   0,              0.8234
       172,       170,      1.00,             67.7950,                   0,              2.8965
       172,       171,      1.00,              4.4844,                   0,              0.0809
       172,       172,      1.00,            946.1899,                   0,              8.2851
       172,       173,      1.00,              4.8152,                   0,              0.1103
       172,       174,      1.00,            122.8059,                   0,              2.4554
       172,       175,      1.00,             92.1577,                   0,              4.5211
       172,       176,      1.00,              3.7566,                   0,              0.0882
       172,       177,      1.00,             26.5534,                   0,              2.1172
       172,       178,      1.00,              6.3075,                   0,              0.2573
       172,       179,      1.00,             14.8720,                   0,              0.7719
       172,       180,      1.00,              2.8450,                   0,              0.1470
       172,       181,      1.00,             19.7680,                   0,              1.1395
       172,       182,      1.00,             25.2890,                   0,              2.0143
       172,       183,      1.00,             17.4229,                   0,              0.3235
       172,       184,      1.00,             24.5097,                   0,              0.8528
       172,       185,      1.00,             45.4907,                   0,              0.7351
       172,       186,      1.00,             34.7429,                   0,              0.7940
       172,       187,      1.00,             13.1517,                   0,              0.2794
       172,       188,      1.00,            269.7099,                   0,              3.7419
       172,       189,      1.00,             69.1624,                   0,              0.9410
       172,       190,      1.00,             40.8005,                   0,              0.9777
       172,       191,      1.00,              6.0429,                   0,              0.4264
       172,       192,      1.00,             20.6723,                   0,              1.2277
       172,       193,      1.00,              3.6757,                   0,              0.2058
       172,       194,      1.00,              0.7719,                   0,              0.2794
       172,       195,      1.00,             18.8271,                   0,              2.2348
       172,       196,      1.00,              8.9908,                   0,              0.5808
       172,       197,      1.00,              2.3084,                   0,              0.3823
       172,       198,      1.00,              7.7558,                   0,              0.2499
       172,       199,      1.00,              0.7278,                   0,              0.0662
       172,       200,      1.00,              1.8085,                   0,              0.2647
       172,       201,      1.00,              9.4393,                   0,              0.3749
       172,       202,      1.00,              2.0584,                   0,              0.1544
       172,       203,      1.00,              2.2422,                   0,              0.2867
       172,       204,      1.00,              1.3453,                   0,              0.2720
       172,       205,      1.00,              1.2130,                   0,              0.4778
       172,       206,      1.00,              2.7494,                   0,              0.1617
       172,       207,      1.00,              5.3224,                   0,              0.8454
       172,       208,      1.00,              0.7351,                   0,              0.0221
       172,       209,      1.00,              0.0882,                   0,              0.0809
       172,       210,      1.00,              0.5146,                   0,              0.0294
       172,       211,      1.00,              2.2716,                   0,              0.1470
       172,       212,      1.00,              4.7417,                   0,              0.3235
       172,       213,      1.00,              5.9326,                   0,              0.4631
       172,       214,      1.00,              0.2058,                   0,              0.0221
       172,       218,      1.00,                   0,                   0,              0.0074
       172,       219,      1.00,                   0,                   0,              0.0074
       172,       224,      1.00,                   0,                   0,              0.0735
       172,       226,      1.00,                   0,                   0,              0.0588
       172,       227,      1.00,              0.0441,                   0,              0.1617
       172,       228,      1.00,              0.0147,                   0,              0.0956
       172,       229,      1.00,                   0,                   0,              0.0221
       173,         8,      1.00,              0.0294,                   0,                   0
       173,        11,      1.00,              0.0074,                   0,                   0
       173,        12,      1.00,              0.0147,                   0,                   0
       173,        13,      1.00,              0.0147,                   0,                   0
       173,        15,      1.00,              0.2573,                   0,                   0
       173,        17,      1.00,              0.0662,                   0,                   0
       173,        22,      1.00,              0.0515,                   0,                   0
       173,        23,      1.00,              0.0588,                   0,                   0
       173,        27,      1.00,              0.0074,                   0,                   0
       173,        35,      1.00,              0.0441,                   0,                   0
       173,        37,      1.00,              0.0147,                   0,                   0
       173,        39,      1.00,              0.0221,                   0,                   0
       173,        40,      1.00,              0.0147,                   0,                   0
       173,        41,      1.00,              0.0147,                   0,                   0
       173,        43,      1.00,              0.0147,                   0,                   0
       173,        44,      1.00,              0.0147,                   0,                   0
       173,        46,      1.00,              0.0221,                   0,                   0
       173,        56,      1.00,              0.0221,                   0,                   0
       173,        58,      1.00,              0.0368,                   0,                   0
       173,        60,      1.00,              0.0147,                   0,                   0
       173,        62,      1.00,              0.1029,                   0,                   0
       173,        63,      1.00,              0.0515,                   0,                   0
       173,        64,      1.00,              0.2058,                   0,                   0
       173,        65,      1.00,              0.0368,                   0,                   0
       173,        70,      1.00,              0.0221,                   0,                   0
       173,        75,      1.00,              0.0147,                   0,                   0
       173,        76,      1.00,              0.1029,                   0,                   0
       173,        80,      1.00,              0.0147,                   0,                   0
       173,        81,      1.00,              0.0074,                   0,                   0
       173,        82,      1.00,              0.0147,                   0,                   0
       173,        84,      1.00,              0.0441,                   0,                   0
       173,        85,      1.00,              0.0515,                   0,                   0
       173,        86,      1.00,              0.0368,                   0,                   0
       173,        87,      1.00,              0.0147,                   0,                   0
       173,        88,      1.00,              0.0147,                   0,                   0
       173,        90,      1.00,              0.0294,                   0,                   0
       173,        91,      1.00,              0.0368,                   0,                   0
       173,        92,      1.00,              0.0515,                   0,                   0
       173,        95,      1.00,              0.0588,                   0,                   0
       173,       100,      1.00,              0.1029,                   0,              0.0074
       173,       103,      1.00,              0.1029,                   0,                   0
       173,       104,      1.00,              0.0147,                   0,                   0
       173,       105,      1.00,              0.2058,                   0,                   0
       173,       106,      1.00,              0.0515,                   0,                   0
       173,       114,      1.00,              0.1911,                   0,              0.0147
       173,       115,      1.00,                   0,                   0,              0.0074
       173,       116,      1.00,                   0,                   0,              0.0074
       173,       117,      1.00,              0.2794,                   0,                   0
       173,       118,      1.00,              0.3455,                   0,                   0
       173,       119,      1.00,              0.0221,                   0,              0.0074
       173,       121,      1.00,              0.1617,                   0,              0.0074
       173,       122,      1.00,              0.0515,                   0,                   0
       173,       123,      1.00,              0.1176,                   0,                   0
       173,       125,      1.00,              0.1103,                   0,                   0
       173,       126,      1.00,              0.1103,                   0,              0.0074
       173,       127,      1.00,              0.1544,                   0,              0.0074
       173,       128,      1.00,              0.1544,                   0,              0.0074
       173,       129,      1.00,              0.0441,                   0,                   0
       173,       130,      1.00,              0.0441,                   0,                   0
       173,       132,      1.00,              0.0515,                   0,                   0
       173,       134,      1.00,              0.0662,                   0,                   0
       173,       135,      1.00,              0.4337,                   0,                   0
       173,       136,      1.00,              0.6910,                   0,              0.0074
       173,       137,      1.00,              0.1691,                   0,              0.0074
       173,       138,      1.00,              0.2794,                   0,              0.0147
       173,       140,      1.00,              0.2132,                   0,              0.0074
       173,       141,      1.00,              0.1911,                   0,              0.0074
       173,       142,      1.00,              0.1764,                   0,              0.0074
       173,       143,      1.00,              0.1985,                   0,              0.0221
       173,       144,      1.00,              0.0662,                   0,                   0
       173,       145,      1.00,                   0,                   0,              0.0074
       173,       146,      1.00,              0.3455,                   0,              0.0221
       173,       147,      1.00,              0.3161,                   0,              0.0074
       173,       148,      1.00,              0.7278,                   0,              0.0221
       173,       149,      1.00,              0.4337,                   0,              0.0368
       173,       150,      1.00,              0.0074,                   0,              0.0147
       173,       151,      1.00,              0.0368,                   0,              0.0221
       173,       152,      1.00,              0.2132,                   0,              0.0074
       173,       153,      1.00,              0.2426,                   0,              0.0074
       173,       154,      1.00,              0.3529,                   0,              0.0221
       173,       155,      1.00,              0.0074,                   0,              0.0515
       173,       156,      1.00,                   0,                   0,              0.0074
       173,       157,      1.00,              0.3235,                   0,              0.0147
       173,       158,      1.00,                   0,                   0,              0.0074
       173,       160,      1.00,              0.2132,                   0,              0.0074
       173,       161,      1.00,              0.2720,                   0,              0.0221
       173,       162,      1.00,              0.8601,                   0,              0.0368
       173,       164,      1.00,              1.3012,                   0,              0.0735
       173,       165,      1.00,              0.2720,                   0,              0.0147
       173,       166,      1.00,              1.0954,                   0,              0.0294
       173,       167,      1.00,              0.4484,                   0,              0.0294
       173,       168,      1.00,              0.9189,                   0,              0.0368
       173,       169,      1.00,              0.9116,                   0,              0.0368
       173,       170,      1.00,              2.9406,                   0,              0.0221
       173,       172,      1.00,              6.1679,                   0,              0.1103
       173,       173,      1.00,              2.1246,                   0,              0.0074
       173,       174,      1.00,              6.6016,                   0,              0.0588
       173,       175,      1.00,              3.3449,                   0,              0.0441
       173,       176,      1.00,              2.1466,                   0,              0.0074
       173,       177,      1.00,              2.0437,                   0,              0.0515
       173,       178,      1.00,              0.8381,                   0,              0.0588
       173,       179,      1.00,              1.0145,                   0,              0.1544
       173,       180,      1.00,              0.3382,                   0,              0.0147
       173,       181,      1.00,              3.8522,                   0,              0.0809
       173,       182,      1.00,              5.2710,                   0,              0.2132
       173,       183,      1.00,              5.8885,                   0,              0.0662
       173,       184,      1.00,              5.3960,                   0,              0.1985
       173,       185,      1.00,              7.7705,                   0,              0.0662
       173,       186,      1.00,              2.6245,                   0,              0.0074
       173,       187,      1.00,              0.9630,                   0,              0.0368
       173,       188,      1.00,              4.2638,                   0,              0.1838
       173,       189,      1.00,              0.9042,                   0,                   0
       173,       190,      1.00,              0.7572,                   0,              0.0441
       173,       191,      1.00,                   0,                   0,              0.0221
       173,       192,      1.00,              0.8969,                   0,              0.1470
       173,       193,      1.00,              0.3970,                   0,              0.0221
       173,       194,      1.00,              0.0074,                   0,              0.0221
       173,       195,      1.00,              1.9334,                   0,              0.0956
       173,       196,      1.00,              0.2867,                   0,              0.0515
       173,       197,      1.00,              0.0882,                   0,              0.0515
       173,       198,      1.00,              0.4852,                   0,              0.0147
       173,       199,      1.00,              0.1103,                   0,              0.0074
       173,       200,      1.00,                   0,                   0,              0.0147
       173,       201,      1.00,              0.6102,                   0,              0.0368
       173,       202,      1.00,              0.2941,                   0,              0.0074
       173,       203,      1.00,              0.3455,                   0,              0.0074
       173,       204,      1.00,                   0,                   0,              0.0294
       173,       205,      1.00,                   0,                   0,              0.0588
       173,       206,      1.00,                   0,                   0,              0.0074
       173,       207,      1.00,              0.1838,                   0,              0.0368
       173,       209,      1.00,              0.0294,                   0,                   0
       173,       211,      1.00,              0.0074,                   0,              0.0074
       173,       212,      1.00,              0.5440,                   0,              0.0147
       173,       213,      1.00,              0.0588,                   0,              0.0074
       173,       228,      1.00,                   0,                   0,              0.0074
       174,         2,      1.00,              0.2058,                   0,                   0
       174,         6,      1.00,              0.2867,                   0,                   0
       174,         7,      1.00,              0.3308,                   0,                   0
       174,         8,      1.00,              0.3823,                   0,                   0
       174,         9,      1.00,              0.1838,                   0,                   0
       174,        11,      1.00,              0.0074,                   0,                   0
       174,        14,      1.00,              0.7204,                   0,                   0
       174,        15,      1.00,              0.4117,                   0,                   0
       174,        17,      1.00,                   0,                   0,              0.0074
       174,        18,      1.00,              0.2058,                   0,                   0
       174,        21,      1.00,                   0,                   0,              0.0074
       174,        22,      1.00,              0.4117,                   0,                   0
       174,        28,      1.00,                   0,                   0,              0.0294
       174,        29,      1.00,              0.2058,                   0,                   0
       174,        30,      1.00,              0.4117,                   0,                   0
       174,        31,      1.00,                   0,                   0,              0.0074
       174,        33,      1.00,              0.0074,                   0,              0.0074
       174,        34,      1.00,              0.2058,                   0,                   0
       174,        35,      1.00,              0.0588,                   0,                   0
       174,        36,      1.00,              0.2647,                   0,                   0
       174,        41,      1.00,              0.4117,                   0,              0.0074
       174,        44,      1.00,                   0,                   0,              0.0074
       174,        45,      1.00,              0.7204,                   0,              0.0074
       174,        46,      1.00,                   0,                   0,              0.0221
       174,        58,      1.00,              0.2058,                   0,                   0
       174,        59,      1.00,              0.2058,                   0,                   0
       174,        61,      1.00,              0.9336,                   0,              0.0074
       174,        63,      1.00,              0.0074,                   0,              0.0074
       174,        64,      1.00,              0.4190,                   0,              0.0074
       174,        65,      1.00,              0.0662,                   0,                   0
       174,        67,      1.00,              0.2720,                   0,              0.0074
       174,        68,      1.00,              0.0515,                   0,                   0
       174,        69,      1.00,              0.2058,                   0,                   0
       174,        70,      1.00,              0.1029,                   0,                   0
       174,        72,      1.00,              0.1029,                   0,                   0
       174,        73,      1.00,              0.0074,                   0,              0.0074
       174,        75,      1.00,              0.0074,                   0,              0.0074
       174,        77,      1.00,              0.4117,                   0,                   0
       174,        78,      1.00,                   0,                   0,              0.0074
       174,        79,      1.00,              0.8307,                   0,              0.0074
       174,        80,      1.00,              0.0074,                   0,              0.0074
       174,        81,      1.00,              0.0735,                   0,                   0
       174,        83,      1.00,              0.2132,                   0,              0.0074
       174,        84,      1.00,              0.1838,                   0,              0.0662
       174,        85,      1.00,              0.2058,                   0,              0.0147
       174,        86,      1.00,              0.3161,                   0,              0.0074
       174,        89,      1.00,              0.1029,                   0,                   0
       174,        90,      1.00,              0.0074,                   0,              0.0074
       174,        91,      1.00,              0.0441,                   0,              0.0074
       174,        92,      1.00,              0.5440,                   0,              0.0368
       174,        93,      1.00,              0.0588,                   0,              0.0074
       174,        94,      1.00,              0.1103,                   0,              0.0147
       174,        95,      1.00,              0.6690,                   0,              0.0588
       174,        97,      1.00,                   0,                   0,              0.0074
       174,        98,      1.00,                   0,                   0,              0.0074
       174,        99,      1.00,              0.1029,                   0,              0.0074
       174,       100,      1.00,              1.2277,                   0,              0.1838
       174,       101,      1.00,              0.7425,                   0,              0.0147
       174,       102,      1.00,              0.0074,                   0,              0.0368
       174,       103,      1.00,              0.4337,                   0,              0.0074
       174,       104,      1.00,              0.2132,                   0,                   0
       174,       105,      1.00,              0.7425,                   0,              0.0074
       174,       106,      1.00,              0.6322,                   0,              0.0074
       174,       107,      1.00,              0.5293,                   0,              0.0147
       174,       108,      1.00,              0.0147,                   0,                   0
       174,       109,      1.00,              0.2794,                   0,              0.0147
       174,       110,      1.00,              0.4117,                   0,                   0
       174,       111,      1.00,              0.2058,                   0,                   0
       174,       114,      1.00,              1.4629,                   0,              0.1985
       174,       115,      1.00,              0.2132,                   0,              0.1544
       174,       116,      1.00,              1.3894,                   0,              0.1397
       174,       117,      1.00,              3.3155,                   0,              0.0441
       174,       118,      1.00,              2.5877,                   0,              0.0294
       174,       119,      1.00,              0.6028,                   0,              0.0588
       174,       120,      1.00,              0.1323,                   0,              0.0147
       174,       121,      1.00,              0.6543,                   0,              0.0588
       174,       122,      1.00,              0.6249,                   0,              0.0221
       174,       123,      1.00,              0.3896,                   0,              0.0368
       174,       124,      1.00,              0.7278,                   0,              0.0294
       174,       125,      1.00,              1.3968,                   0,              0.0147
       174,       126,      1.00,              1.6467,                   0,              0.1103
       174,       127,      1.00,              1.6835,                   0,              0.0882
       174,       128,      1.00,              0.9336,                   0,              0.0588
       174,       129,      1.00,              0.2499,                   0,              0.0368
       174,       130,      1.00,              0.3749,                   0,              0.0147
       174,       131,      1.00,              0.0147,                   0,                   0
       174,       132,      1.00,              0.3014,                   0,              0.0147
       174,       133,      1.00,              0.2205,                   0,              0.0147
       174,       134,      1.00,              1.0366,                   0,                   0
       174,       135,      1.00,              5.5136,                   0,              0.0221
       174,       136,      1.00,              4.7564,                   0,              0.0956
       174,       137,      1.00,              1.4850,                   0,              0.0662
       174,       138,      1.00,              2.4921,                   0,              0.1764
       174,       139,      1.00,              0.1176,                   0,              0.0294
       174,       140,      1.00,              2.9479,                   0,              0.1250
       174,       141,      1.00,              1.9261,                   0,              0.1029
       174,       142,      1.00,              1.8893,                   0,              0.1103
       174,       143,      1.00,              1.4703,                   0,              0.3235
       174,       144,      1.00,              0.0368,                   0,              0.0221
       174,       145,      1.00,              0.5661,                   0,              0.0809
       174,       146,      1.00,              3.0214,                   0,              0.2647
       174,       147,      1.00,              0.8454,                   0,              0.1176
       174,       148,      1.00,              3.5655,                   0,              0.2426
       174,       149,      1.00,              3.2493,                   0,              0.4484
       174,       150,      1.00,              2.4701,                   0,              0.1323
       174,       151,      1.00,              2.0216,                   0,              0.2867
       174,       152,      1.00,              0.9630,                   0,              0.0809
       174,       153,      1.00,              1.2644,                   0,              0.0882
       174,       154,      1.00,              3.6610,                   0,              0.2279
       174,       155,      1.00,              4.6388,                   0,              0.6322
       174,       156,      1.00,              0.9410,                   0,              0.0294
       174,       157,      1.00,              8.8364,                   0,              0.5220
       174,       158,      1.00,                   0,                   0,              0.1103
       174,       159,      1.00,              0.2941,                   0,              0.0147
       174,       160,      1.00,              2.4333,                   0,              0.0662
       174,       161,      1.00,              5.3666,                   0,              0.2573
       174,       162,      1.00,             17.7243,                   0,              0.6543
       174,       163,      1.00,              0.0662,                   0,              0.0074
       174,       164,      1.00,             34.1181,                   0,              1.4041
       174,       165,      1.00,              2.7715,                   0,              0.2058
       174,       166,      1.00,              4.6388,                   0,              0.2941
       174,       167,      1.00,              6.1164,                   0,              0.3014
       174,       168,      1.00,             11.3139,                   0,              0.4484
       174,       169,      1.00,              8.2042,                   0,              0.4778
       174,       170,      1.00,             35.9118,                   0,              0.8454
       174,       171,      1.00,              0.3014,                   0,              0.0441
       174,       172,      1.00,            156.0418,                   0,              2.4554
       174,       173,      1.00,              8.4468,                   0,              0.0588
       174,       174,      1.00,            205.5317,                   0,              0.9483
       174,       175,      1.00,             71.1326,                   0,              1.0807
       174,       176,      1.00,              8.1969,                   0,              0.0441
       174,       177,      1.00,             18.6947,                   0,              0.5587
       174,       178,      1.00,              7.6970,                   0,              0.1323
       174,       179,      1.00,             11.4168,                   0,              0.5146
       174,       180,      1.00,              4.2271,                   0,              0.0588
       174,       181,      1.00,             27.6855,                   0,              0.4705
       174,       182,      1.00,             28.8838,                   0,              0.5955
       174,       183,      1.00,             34.1034,                   0,              0.2426
       174,       184,      1.00,             25.8477,                   0,              0.3676
       174,       185,      1.00,             60.2672,                   0,              0.4558
       174,       186,      1.00,             50.7985,                   0,              0.2132
       174,       187,      1.00,              8.9173,                   0,              0.2205
       174,       188,      1.00,             74.9774,                   0,              1.4335
       174,       189,      1.00,             32.4566,                   0,              0.2205
       174,       190,      1.00,             16.4819,                   0,              0.5220
       174,       191,      1.00,              0.7719,                   0,              0.1691
       174,       192,      1.00,             15.2543,                   0,              0.6910
       174,       193,      1.00,              3.0435,                   0,              0.1103
       174,       194,      1.00,              2.0216,                   0,              0.1691
       174,       195,      1.00,             17.2685,                   0,              0.6616
       174,       196,      1.00,              3.5507,                   0,              0.3676
       174,       197,      1.00,              1.8526,                   0,              0.2352
       174,       198,      1.00,              4.1462,                   0,              0.1617
       174,       199,      1.00,              0.4264,                   0,              0.0441
       174,       200,      1.00,              1.1762,                   0,              0.1617
       174,       201,      1.00,              6.3222,                   0,              0.2426
       174,       202,      1.00,              1.4409,                   0,              0.1103
       174,       203,      1.00,              1.6320,                   0,              0.1176
       174,       204,      1.00,              1.2792,                   0,              0.1985
       174,       205,      1.00,              0.9042,                   0,              0.3308
       174,       206,      1.00,              1.2424,                   0,              0.0735
       174,       207,      1.00,              2.2054,                   0,              0.3088
       174,       209,      1.00,              0.2058,                   0,              0.0221
       174,       210,      1.00,              0.2058,                   0,                   0
       174,       211,      1.00,              1.5217,                   0,              0.1176
       174,       212,      1.00,              2.8156,                   0,              0.1838
       174,       213,      1.00,              3.5655,                   0,              0.1544
       174,       214,      1.00,              0.0809,                   0,              0.0074
       174,       224,      1.00,                   0,                   0,              0.0294
       174,       226,      1.00,                   0,                   0,              0.0221
       174,       227,      1.00,              0.0074,                   0,              0.0368
       174,       228,      1.00,              0.0147,                   0,              0.0588
       174,       229,      1.00,                   0,                   0,              0.0147
       175,         1,      1.00,              0.0221,                   0,                   0
       175,         6,      1.00,              0.4043,                   0,                   0
       175,         7,      1.00,              0.4778,                   0,                   0
       175,         8,      1.00,              0.1544,                   0,              0.0074
       175,        11,      1.00,              0.0735,                   0,                   0
       175,        12,      1.00,              0.2205,                   0,              0.0074
       175,        13,      1.00,              0.1764,                   0,              0.0074
       175,        14,      1.00,              0.3088,                   0,                   0
       175,        15,      1.00,              1.2644,                   0,              0.0074
       175,        17,      1.00,                   0,                   0,              0.0147
       175,        19,      1.00,              0.3823,                   0,                   0
       175,        21,      1.00,              0.0588,                   0,              0.0074
       175,        22,      1.00,              0.2058,                   0,                   0
       175,        26,      1.00,              0.2058,                   0,                   0
       175,        27,      1.00,              0.2058,                   0,                   0
       175,        28,      1.00,                   0,                   0,              0.0441
       175,        29,      1.00,                   0,                   0,              0.0074
       175,        30,      1.00,              0.2132,                   0,              0.0074
       175,        31,      1.00,              0.0074,                   0,              0.0074
       175,        32,      1.00,              0.4117,                   0,              0.0074
       175,        33,      1.00,              0.4190,                   0,              0.0147
       175,        35,      1.00,              0.1250,                   0,                   0
       175,        36,      1.00,              0.0809,                   0,              0.0074
       175,        38,      1.00,              0.2058,                   0,                   0
       175,        39,      1.00,              0.2058,                   0,                   0
       175,        40,      1.00,              0.0588,                   0,                   0
       175,        41,      1.00,              0.0735,                   0,              0.0221
       175,        42,      1.00,              0.0882,                   0,                   0
       175,        43,      1.00,                   0,                   0,              0.0074
       175,        44,      1.00,              0.1029,                   0,              0.0147
       175,        45,      1.00,              0.2279,                   0,              0.0221
       175,        46,      1.00,              0.0809,                   0,              0.0441
       175,        49,      1.00,              0.0074,                   0,              0.0074
       175,        52,      1.00,              0.0074,                   0,              0.0074
       175,        54,      1.00,              0.2058,                   0,                   0
       175,        55,      1.00,              0.0662,                   0,              0.0074
       175,        56,      1.00,              0.0074,                   0,              0.0074
       175,        58,      1.00,              0.1029,                   0,              0.0147
       175,        59,      1.00,              0.2058,                   0,              0.0074
       175,        60,      1.00,                   0,                   0,              0.0074
       175,        61,      1.00,              0.2205,                   0,              0.0147
       175,        62,      1.00,              0.2132,                   0,              0.0074
       175,        63,      1.00,              0.2132,                   0,              0.0147
       175,        64,      1.00,              0.0147,                   0,              0.0147
       175,        65,      1.00,                   0,                   0,              0.0074
       175,        66,      1.00,              0.2058,                   0,                   0
       175,        67,      1.00,              0.2205,                   0,              0.0147
       175,        68,      1.00,                   0,                   0,              0.0074
       175,        69,      1.00,                   0,                   0,              0.0074
       175,        71,      1.00,              0.0662,                   0,                   0
       175,        72,      1.00,              0.2058,                   0,                   0
       175,        73,      1.00,              0.0074,                   0,              0.0074
       175,        75,      1.00,              0.2132,                   0,              0.0074
       175,        76,      1.00,              0.2132,                   0,              0.0074
       175,        77,      1.00,              0.3088,                   0,              0.0074
       175,        78,      1.00,              0.2058,                   0,              0.0074
       175,        79,      1.00,              0.0147,                   0,              0.0147
       175,        80,      1.00,              0.5220,                   0,              0.0074
       175,        81,      1.00,              0.1176,                   0,                   0
       175,        82,      1.00,              0.2058,                   0,                   0
       175,        83,      1.00,              0.1176,                   0,              0.0147
       175,        84,      1.00,              0.1176,                   0,              0.0882
       175,        85,      1.00,              0.2058,                   0,              0.0368
       175,        86,      1.00,              0.0147,                   0,              0.0147
       175,        89,      1.00,                   0,                   0,              0.0074
       175,        90,      1.00,              0.1470,                   0,              0.0221
       175,        91,      1.00,              0.0588,                   0,              0.0147
       175,        92,      1.00,              0.7793,                   0,              0.0735
       175,        93,      1.00,              0.0221,                   0,              0.0147
       175,        94,      1.00,              0.1029,                   0,              0.0294
       175,        95,      1.00,              1.1836,                   0,              0.0956
       175,        97,      1.00,              0.0074,                   0,              0.0147
       175,        98,      1.00,              0.2132,                   0,              0.0147
       175,        99,      1.00,              0.0074,                   0,              0.0074
       175,       100,      1.00,              2.3304,                   0,              0.2132
       175,       101,      1.00,              0.7498,                   0,              0.0294
       175,       102,      1.00,              0.2132,                   0,              0.0368
       175,       103,      1.00,              1.3306,                   0,              0.0221
       175,       104,      1.00,              0.0074,                   0,                   0
       175,       105,      1.00,              0.3382,                   0,              0.0221
       175,       106,      1.00,              0.2205,                   0,              0.0074
       175,       107,      1.00,              0.9630,                   0,              0.0221
       175,       108,      1.00,              0.4852,                   0,              0.0074
       175,       109,      1.00,              0.0221,                   0,              0.0221
       175,       111,      1.00,              0.0074,                   0,                   0
       175,       112,      1.00,              0.2058,                   0,              0.0074
       175,       114,      1.00,              1.2277,                   0,              0.2279
       175,       115,      1.00,              0.0074,                   0,              0.1323
       175,       116,      1.00,              2.2348,                   0,              0.1691
       175,       117,      1.00,             10.6008,                   0,              0.0956
       175,       118,      1.00,              4.7637,                   0,              0.0515
       175,       119,      1.00,              0.6322,                   0,              0.0882
       175,       120,      1.00,              0.3014,                   0,              0.0368
       175,       121,      1.00,              0.9116,                   0,              0.0956
       175,       122,      1.00,              1.2497,                   0,              0.0441
       175,       123,      1.00,              2.1393,                   0,              0.0515
       175,       124,      1.00,              0.3823,                   0,              0.0662
       175,       125,      1.00,              2.1393,                   0,              0.0441
       175,       126,      1.00,              1.5879,                   0,              0.1691
       175,       127,      1.00,              2.2054,                   0,              0.1617
       175,       128,      1.00,              1.2571,                   0,              0.1029
       175,       129,      1.00,              0.4925,                   0,              0.0515
       175,       130,      1.00,              0.7131,                   0,              0.0221
       175,       131,      1.00,              0.3455,                   0,              0.0074
       175,       132,      1.00,              0.7057,                   0,              0.0294
       175,       133,      1.00,              0.4337,                   0,              0.0147
       175,       134,      1.00,              2.5510,                   0,              0.0074
       175,       135,      1.00,              9.1158,                   0,              0.0588
       175,       136,      1.00,             13.7693,                   0,              0.1985
       175,       137,      1.00,              5.8223,                   0,              0.1029
       175,       138,      1.00,              5.9179,                   0,              0.2941
       175,       139,      1.00,              1.1542,                   0,              0.0441
       175,       140,      1.00,              6.8442,                   0,              0.2205
       175,       141,      1.00,              2.9700,                   0,              0.1764
       175,       142,      1.00,              2.7715,                   0,              0.1691
       175,       143,      1.00,              2.9920,                   0,              0.4117
       175,       144,      1.00,              0.6396,                   0,              0.0368
       175,       145,      1.00,              1.6908,                   0,              0.1029
       175,       146,      1.00,              5.4327,                   0,              0.3823
       175,       147,      1.00,              3.4846,                   0,              0.1691
       175,       148,      1.00,              5.3445,                   0,              0.2941
       175,       149,      1.00,              2.8156,                   0,              0.4631
       175,       150,      1.00,              2.2937,                   0,              0.1911
       175,       151,      1.00,              1.8893,                   0,              0.3823
       175,       152,      1.00,              1.4923,                   0,              0.1103
       175,       153,      1.00,              1.0733,                   0,              0.1029
       175,       154,      1.00,              5.3960,                   0,              0.3308
       175,       155,      1.00,              5.5945,                   0,              0.6396
       175,       156,      1.00,              1.4188,                   0,              0.0515
       175,       157,      1.00,             15.8644,                   0,              0.5955
       175,       158,      1.00,              0.2058,                   0,              0.1323
       175,       159,      1.00,              0.8528,                   0,              0.0368
       175,       160,      1.00,              5.4327,                   0,              0.1103
       175,       161,      1.00,              8.3439,                   0,              0.3529
       175,       162,      1.00,             36.3308,                   0,              1.1395
       175,       163,      1.00,              0.2573,                   0,              0.0147
       175,       164,      1.00,             63.0460,                   0,              2.0290
       175,       165,      1.00,              3.5287,                   0,              0.2499
       175,       166,      1.00,              8.2410,                   0,              0.3823
       175,       167,      1.00,             13.1664,                   0,              0.3749
       175,       168,      1.00,             18.0257,                   0,              0.5881
       175,       169,      1.00,             13.2988,                   0,              0.6249
       175,       170,      1.00,            105.5962,                   0,              1.0219
       175,       171,      1.00,              2.2201,                   0,              0.0735
       175,       172,      1.00,            133.0391,                   0,              4.5211
       175,       173,      1.00,              5.3519,                   0,              0.0441
       175,       174,      1.00,             86.2545,                   0,              1.0807
       175,       175,      1.00,            181.3381,                   0,              1.4188
       175,       176,      1.00,              3.6169,                   0,              0.0221
       175,       177,      1.00,             45.0791,                   0,              1.1248
       175,       178,      1.00,              8.3880,                   0,              0.2058
       175,       179,      1.00,             18.0404,                   0,              1.1836
       175,       180,      1.00,              2.1687,                   0,              0.1103
       175,       181,      1.00,             29.6925,                   0,              0.5661
       175,       182,      1.00,             22.1867,                   0,              1.4482
       175,       183,      1.00,             12.5783,                   0,              0.1397
       175,       184,      1.00,             15.1807,                   0,              0.1764
       175,       185,      1.00,             24.8552,                   0,              0.2132
       175,       186,      1.00,             11.2477,                   0,              0.1397
       175,       187,      1.00,              4.5726,                   0,              0.0956
       175,       188,      1.00,             32.2581,                   0,              1.5438
       175,       189,      1.00,              8.5938,                   0,              0.3529
       175,       190,      1.00,              8.8952,                   0,              0.3749
       175,       191,      1.00,              1.8305,                   0,              0.2058
       175,       192,      1.00,              6.1899,                   0,              0.2941
       175,       193,      1.00,              2.0584,                   0,              0.0515
       175,       194,      1.00,              0.0515,                   0,              0.0956
       175,       195,      1.00,             10.5493,                   0,              0.2720
       175,       196,      1.00,              2.7568,                   0,              0.1911
       175,       197,      1.00,              1.1101,                   0,              0.0735
       175,       198,      1.00,              1.3600,                   0,              0.0956
       175,       199,      1.00,              0.3896,                   0,              0.0221
       175,       200,      1.00,              0.6469,                   0,              0.0956
       175,       201,      1.00,              4.1021,                   0,              0.1250
       175,       202,      1.00,              1.3821,                   0,              0.0588
       175,       203,      1.00,              1.0366,                   0,              0.0588
       175,       204,      1.00,              0.0294,                   0,              0.1029
       175,       205,      1.00,              0.1397,                   0,              0.1397
       175,       206,      1.00,              0.2132,                   0,              0.0441
       175,       207,      1.00,              1.2644,                   0,              0.1250
       175,       208,      1.00,              0.0735,                   0,              0.0074
       175,       209,      1.00,              0.0882,                   0,              0.0441
       175,       210,      1.00,              0.2058,                   0,              0.0074
       175,       211,      1.00,              1.8232,                   0,              0.2205
       175,       212,      1.00,              5.2857,                   0,              0.4705
       175,       213,      1.00,              6.3884,                   0,              0.1764
       175,       214,      1.00,              0.3088,                   0,              0.0221
       175,       224,      1.00,                   0,                   0,              0.0368
       175,       226,      1.00,                   0,                   0,              0.0294
       175,       227,      1.00,              0.0147,                   0,              0.0515
       175,       228,      1.00,              0.0074,                   0,              0.0515
       175,       229,      1.00,                   0,                   0,              0.0074
       176,         8,      1.00,              0.0074,                   0,                   0
       176,        11,      1.00,              0.0147,                   0,                   0
       176,        12,      1.00,              0.0147,                   0,                   0
       176,        13,      1.00,              0.0147,                   0,                   0
       176,        15,      1.00,              0.0515,                   0,                   0
       176,        17,      1.00,              0.1397,                   0,                   0
       176,        22,      1.00,              0.0515,                   0,                   0
       176,        23,      1.00,              0.0294,                   0,                   0
       176,        27,      1.00,              0.0147,                   0,                   0
       176,        35,      1.00,              0.0515,                   0,                   0
       176,        37,      1.00,              0.0147,                   0,                   0
       176,        39,      1.00,              0.0221,                   0,                   0
       176,        40,      1.00,              0.0147,                   0,                   0
       176,        41,      1.00,              0.0147,                   0,                   0
       176,        43,      1.00,              0.0147,                   0,                   0
       176,        44,      1.00,              0.0147,                   0,                   0
       176,        58,      1.00,              0.0147,                   0,                   0
       176,        60,      1.00,              0.0147,                   0,                   0
       176,        62,      1.00,              0.1029,                   0,                   0
       176,        63,      1.00,              0.0515,                   0,                   0
       176,        65,      1.00,              0.0147,                   0,                   0
       176,        75,      1.00,              0.0147,                   0,                   0
       176,        76,      1.00,              0.1029,                   0,                   0
       176,        80,      1.00,              0.0147,                   0,                   0
       176,        81,      1.00,              0.0074,                   0,                   0
       176,        82,      1.00,              0.0147,                   0,                   0
       176,        84,      1.00,              0.0368,                   0,                   0
       176,        85,      1.00,              0.0588,                   0,                   0
       176,        86,      1.00,              0.0368,                   0,                   0
       176,        87,      1.00,              0.0147,                   0,                   0
       176,        88,      1.00,              0.0147,                   0,                   0
       176,        90,      1.00,              0.0221,                   0,                   0
       176,        91,      1.00,              0.0441,                   0,                   0
       176,        92,      1.00,              0.0294,                   0,                   0
       176,        95,      1.00,              0.0735,                   0,                   0
       176,       103,      1.00,              0.1029,                   0,                   0
       176,       104,      1.00,              0.0147,                   0,                   0
       176,       106,      1.00,              0.0515,                   0,                   0
       176,       114,      1.00,              0.1838,                   0,              0.0074
       176,       115,      1.00,                   0,                   0,              0.0074
       176,       116,      1.00,                   0,                   0,              0.0074
       176,       117,      1.00,              0.2426,                   0,                   0
       176,       118,      1.00,              0.3749,                   0,                   0
       176,       119,      1.00,              0.0294,                   0,                   0
       176,       121,      1.00,              0.0882,                   0,                   0
       176,       122,      1.00,              0.0221,                   0,                   0
       176,       123,      1.00,              0.1323,                   0,                   0
       176,       125,      1.00,              0.1029,                   0,                   0
       176,       126,      1.00,              0.1103,                   0,              0.0074
       176,       127,      1.00,              0.1323,                   0,                   0
       176,       128,      1.00,              0.1029,                   0,                   0
       176,       129,      1.00,              0.0074,                   0,                   0
       176,       130,      1.00,              0.0441,                   0,                   0
       176,       132,      1.00,              0.0588,                   0,                   0
       176,       134,      1.00,              0.1397,                   0,                   0
       176,       135,      1.00,              0.3970,                   0,                   0
       176,       136,      1.00,              0.5514,                   0,                   0
       176,       137,      1.00,              0.1470,                   0,                   0
       176,       138,      1.00,              0.3088,                   0,                   0
       176,       140,      1.00,              0.2058,                   0,              0.0074
       176,       141,      1.00,              0.1103,                   0,              0.0074
       176,       142,      1.00,              0.1617,                   0,              0.0074
       176,       143,      1.00,              0.1029,                   0,              0.0074
       176,       146,      1.00,              0.3014,                   0,              0.0074
       176,       147,      1.00,              0.1029,                   0,                   0
       176,       148,      1.00,              0.1029,                   0,              0.0074
       176,       149,      1.00,              0.4925,                   0,              0.0294
       176,       150,      1.00,                   0,                   0,              0.0074
       176,       151,      1.00,              0.0368,                   0,              0.0147
       176,       152,      1.00,              0.2058,                   0,              0.0074
       176,       153,      1.00,              0.0294,                   0,              0.0074
       176,       154,      1.00,              0.1397,                   0,              0.0147
       176,       155,      1.00,              0.0074,                   0,              0.0368
       176,       157,      1.00,              0.1911,                   0,              0.0147
       176,       161,      1.00,              0.2205,                   0,              0.0221
       176,       162,      1.00,              0.6837,                   0,              0.0221
       176,       164,      1.00,              0.8895,                   0,              0.0515
       176,       165,      1.00,              0.1470,                   0,              0.0147
       176,       166,      1.00,              0.9263,                   0,              0.0221
       176,       167,      1.00,              0.5881,                   0,              0.0221
       176,       168,      1.00,              0.8528,                   0,              0.0294
       176,       169,      1.00,              0.9924,                   0,              0.0294
       176,       170,      1.00,              1.8599,                   0,              0.0147
       176,       172,      1.00,              4.9696,                   0,              0.0882
       176,       173,      1.00,              2.1540,                   0,              0.0074
       176,       174,      1.00,              6.4472,                   0,              0.0441
       176,       175,      1.00,              1.9922,                   0,              0.0221
       176,       176,      1.00,              1.8673,                   0,              0.0074
       176,       177,      1.00,              1.3012,                   0,              0.0368
       176,       178,      1.00,              0.5293,                   0,              0.0588
       176,       179,      1.00,              0.9483,                   0,              0.1470
       176,       180,      1.00,              0.3455,                   0,              0.0147
       176,       181,      1.00,              2.6539,                   0,              0.0735
       176,       182,      1.00,              4.7490,                   0,              0.2132
       176,       183,      1.00,              5.7268,                   0,              0.0735
       176,       184,      1.00,              4.4476,                   0,              0.2279
       176,       185,      1.00,              8.4248,                   0,              0.0662
       176,       186,      1.00,              2.5583,                   0,              0.0074
       176,       187,      1.00,              0.8160,                   0,              0.0368
       176,       188,      1.00,              4.4550,                   0,              0.1985
       176,       189,      1.00,              0.5514,                   0,              0.0074
       176,       190,      1.00,              1.1027,                   0,              0.0441
       176,       191,      1.00,                   0,                   0,              0.0221
       176,       192,      1.00,              0.7793,                   0,              0.1617
       176,       193,      1.00,              0.2867,                   0,              0.0221
       176,       194,      1.00,              0.0074,                   0,              0.0221
       176,       195,      1.00,              1.6100,                   0,              0.1029
       176,       196,      1.00,              0.3014,                   0,              0.0588
       176,       197,      1.00,              0.1250,                   0,              0.0588
       176,       198,      1.00,              0.3455,                   0,              0.0221
       176,       199,      1.00,              0.0809,                   0,              0.0074
       176,       200,      1.00,                   0,                   0,              0.0147
       176,       201,      1.00,              0.5293,                   0,              0.0441
       176,       202,      1.00,              0.1911,                   0,              0.0147
       176,       203,      1.00,              0.3235,                   0,              0.0147
       176,       204,      1.00,                   0,                   0,              0.0368
       176,       205,      1.00,                   0,                   0,              0.0662
       176,       206,      1.00,                   0,                   0,              0.0074
       176,       207,      1.00,              0.3308,                   0,              0.0515
       176,       211,      1.00,              0.0074,                   0,              0.0074
       176,       212,      1.00,              0.1250,                   0,              0.0074
       176,       213,      1.00,              0.0515,                   0,              0.0074
       176,       228,      1.00,                   0,                   0,              0.0074
       177,         1,      1.00,              0.0074,                   0,                   0
       177,         2,      1.00,              0.0515,                   0,                   0
       177,         3,      1.00,              0.0221,                   0,                   0
       177,         6,      1.00,              0.2499,                   0,                   0
       177,         7,      1.00,              0.2205,                   0,                   0
       177,         8,      1.00,              0.1250,                   0,              0.0074
       177,        11,      1.00,              0.0147,                   0,                   0
       177,        12,      1.00,              0.1397,                   0,                   0
       177,        13,      1.00,              0.1323,                   0,              0.0074
       177,        14,      1.00,              0.4117,                   0,              0.0074
       177,        15,      1.00,              0.4484,                   0,              0.0074
       177,        19,      1.00,              0.0662,                   0,                   0
       177,        21,      1.00,                   0,                   0,              0.0074
       177,        22,      1.00,              0.4117,                   0,                   0
       177,        23,      1.00,              0.0294,                   0,              0.0074
       177,        24,      1.00,              0.0515,                   0,              0.0074
       177,        25,      1.00,              0.0221,                   0,                   0
       177,        26,      1.00,              0.0588,                   0,                   0
       177,        27,      1.00,              0.0515,                   0,                   0
       177,        28,      1.00,              0.0662,                   0,              0.0294
       177,        29,      1.00,              0.3088,                   0,              0.0074
       177,        30,      1.00,              0.3088,                   0,              0.0074
       177,        31,      1.00,              0.3088,                   0,              0.0074
       177,        32,      1.00,              0.1029,                   0,              0.0074
       177,        33,      1.00,              0.6249,                   0,              0.0147
       177,        34,      1.00,              0.0147,                   0,                   0
       177,        35,      1.00,              0.1029,                   0,                   0
       177,        36,      1.00,              0.0294,                   0,              0.0074
       177,        37,      1.00,              0.0515,                   0,                   0
       177,        38,      1.00,              0.0515,                   0,                   0
       177,        39,      1.00,              0.0809,                   0,              0.0074
       177,        40,      1.00,                   0,                   0,              0.0074
       177,        41,      1.00,              0.1323,                   0,              0.0221
       177,        42,      1.00,              0.0368,                   0,                   0
       177,        43,      1.00,                   0,                   0,              0.0147
       177,        44,      1.00,              0.0882,                   0,              0.0294
       177,        45,      1.00,              0.4043,                   0,              0.0588
       177,        46,      1.00,              0.0662,                   0,              0.0515
       177,        47,      1.00,              0.0221,                   0,              0.0074
       177,        48,      1.00,                   0,                   0,              0.0074
       177,        49,      1.00,              0.0368,                   0,              0.0074
       177,        50,      1.00,                   0,                   0,              0.0441
       177,        52,      1.00,              0.0809,                   0,              0.0074
       177,        54,      1.00,              0.0515,                   0,                   0
       177,        55,      1.00,                   0,                   0,              0.0147
       177,        56,      1.00,              0.1250,                   0,              0.0147
       177,        57,      1.00,              0.0074,                   0,                   0
       177,        58,      1.00,                   0,                   0,              0.0221
       177,        59,      1.00,              0.0294,                   0,              0.0074
       177,        60,      1.00,              0.0294,                   0,              0.0074
       177,        61,      1.00,              0.2720,                   0,              0.0147
       177,        62,      1.00,              0.2058,                   0,              0.0074
       177,        63,      1.00,              0.0074,                   0,              0.0147
       177,        64,      1.00,              0.1103,                   0,              0.0147
       177,        65,      1.00,              0.0662,                   0,              0.0074
       177,        66,      1.00,              0.0662,                   0,              0.0074
       177,        67,      1.00,              0.0074,                   0,              0.0147
       177,        68,      1.00,                   0,                   0,              0.0074
       177,        69,      1.00,              0.0515,                   0,              0.0074
       177,        71,      1.00,              0.0294,                   0,              0.0074
       177,        72,      1.00,                   0,                   0,              0.0074
       177,        73,      1.00,              0.0074,                   0,              0.0074
       177,        74,      1.00,              0.0294,                   0,              0.0074
       177,        75,      1.00,              0.1176,                   0,              0.0294
       177,        76,      1.00,              0.2058,                   0,              0.0147
       177,        77,      1.00,                   0,                   0,              0.0074
       177,        78,      1.00,                   0,                   0,              0.0147
       177,        79,      1.00,              0.0074,                   0,              0.0147
       177,        80,      1.00,              0.0441,                   0,              0.0147
       177,        81,      1.00,              0.1397,                   0,              0.0147
       177,        82,      1.00,              0.0294,                   0,              0.0074
       177,        83,      1.00,              0.1397,                   0,              0.0368
       177,        84,      1.00,              0.3235,                   0,              0.0882
       177,        85,      1.00,              0.1911,                   0,              0.0515
       177,        86,      1.00,              0.1250,                   0,              0.0368
       177,        87,      1.00,              0.0294,                   0,                   0
       177,        89,      1.00,              0.4117,                   0,              0.0147
       177,        90,      1.00,              0.0882,                   0,              0.0294
       177,        91,      1.00,              0.1176,                   0,              0.0221
       177,        92,      1.00,              0.6028,                   0,              0.0735
       177,        93,      1.00,              0.1103,                   0,              0.0147
       177,        94,      1.00,              0.0368,                   0,              0.0294
       177,        95,      1.00,              0.7425,                   0,              0.0956
       177,        96,      1.00,              0.2058,                   0,              0.0221
       177,        97,      1.00,              0.0956,                   0,              0.0147
       177,        98,      1.00,              0.3823,                   0,              0.0147
       177,        99,      1.00,              0.1029,                   0,              0.0147
       177,       100,      1.00,              1.0145,                   0,              0.2132
       177,       101,      1.00,              0.1838,                   0,              0.0441
       177,       102,      1.00,              0.0074,                   0,              0.0515
       177,       103,      1.00,              0.8381,                   0,              0.0221
       177,       104,      1.00,              0.0809,                   0,              0.0368
       177,       105,      1.00,              0.2205,                   0,              0.0368
       177,       106,      1.00,              0.4778,                   0,              0.0147
       177,       107,      1.00,              0.3161,                   0,              0.0221
       177,       108,      1.00,              0.0074,                   0,              0.0074
       177,       109,      1.00,              0.2132,                   0,              0.0147
       177,       111,      1.00,              0.1029,                   0,                   0
       177,       112,      1.00,              0.1176,                   0,              0.0074
       177,       114,      1.00,              1.0439,                   0,              0.2499
       177,       115,      1.00,                   0,                   0,              0.1176
       177,       116,      1.00,              1.5732,                   0,              0.1029
       177,       117,      1.00,              4.3006,                   0,              0.1691
       177,       118,      1.00,              2.2863,                   0,              0.0735
       177,       119,      1.00,              0.8454,                   0,              0.1250
       177,       120,      1.00,              0.2720,                   0,              0.0441
       177,       121,      1.00,              0.8234,                   0,              0.0956
       177,       122,      1.00,              0.7866,                   0,              0.0735
       177,       123,      1.00,              0.8748,                   0,              0.0662
       177,       124,      1.00,              1.0807,                   0,              0.1397
       177,       125,      1.00,              2.4260,                   0,              0.0882
       177,       126,      1.00,              1.9261,                   0,              0.2058
       177,       127,      1.00,              2.6465,                   0,              0.1985
       177,       128,      1.00,              1.4041,                   0,              0.1029
       177,       129,      1.00,              0.4484,                   0,              0.0588
       177,       130,      1.00,              0.5587,                   0,              0.0294
       177,       131,      1.00,              0.0147,                   0,              0.0515
       177,       132,      1.00,              0.6984,                   0,              0.0368
       177,       133,      1.00,              0.0147,                   0,              0.0294
       177,       134,      1.00,              1.8820,                   0,              0.0294
       177,       135,      1.00,              6.2340,                   0,              0.1250
       177,       136,      1.00,              4.9402,                   0,              0.2426
       177,       137,      1.00,              2.4995,                   0,              0.1250
       177,       138,      1.00,              6.0061,                   0,              0.3161
       177,       139,      1.00,              1.1248,                   0,              0.0441
       177,       140,      1.00,              5.8003,                   0,              0.2573
       177,       141,      1.00,              3.3082,                   0,              0.1764
       177,       142,      1.00,              2.4701,                   0,              0.1544
       177,       143,      1.00,              3.3376,                   0,              0.3676
       177,       144,      1.00,              1.2571,                   0,              0.0368
       177,       145,      1.00,              1.4703,                   0,              0.1176
       177,       146,      1.00,              5.7268,                   0,              0.3529
       177,       147,      1.00,              7.2338,                   0,              0.1617
       177,       148,      1.00,              7.2044,                   0,              0.2720
       177,       149,      1.00,              6.4252,                   0,              0.3823
       177,       150,      1.00,              3.5949,                   0,              0.1985
       177,       151,      1.00,              5.2636,                   0,              0.6102
       177,       152,      1.00,              2.0805,                   0,              0.1617
       177,       153,      1.00,              2.0658,                   0,              0.2132
       177,       154,      1.00,              7.5573,                   0,              0.3308
       177,       155,      1.00,              7.1897,                   0,              0.5220
       177,       156,      1.00,              2.6098,                   0,              0.0294
       177,       157,      1.00,              4.0653,                   0,              0.3235
       177,       158,      1.00,                   0,                   0,              0.1176
       177,       159,      1.00,              0.6396,                   0,              0.0368
       177,       160,      1.00,              4.9034,                   0,              0.1250
       177,       161,      1.00,             11.3065,                   0,              0.3235
       177,       162,      1.00,             12.6886,                   0,              0.7278
       177,       163,      1.00,              0.0441,                   0,              0.0221
       177,       164,      1.00,             18.5551,                   0,              1.0807
       177,       165,      1.00,              7.5499,                   0,              0.3308
       177,       166,      1.00,             12.6812,                   0,              0.6543
       177,       167,      1.00,             17.8787,                   0,              2.2054
       177,       168,      1.00,             38.7348,                   0,              0.6469
       177,       169,      1.00,             28.9206,                   0,              0.5514
       177,       170,      1.00,             28.5898,                   0,              0.6028
       177,       171,      1.00,                   0,                   0,              0.0588
       177,       172,      1.00,             35.5075,                   0,              2.1172
       177,       173,      1.00,              2.1981,                   0,              0.0515
       177,       174,      1.00,             18.1213,                   0,              0.5587
       177,       175,      1.00,             40.4330,                   0,              1.1248
       177,       176,      1.00,              1.9849,                   0,              0.0368
       177,       177,      1.00,             97.6419,                   0,              0.8160
       177,       178,      1.00,             14.9381,                   0,              0.4264
       177,       179,      1.00,             41.9621,                   0,              1.6688
       177,       180,      1.00,              4.4623,                   0,              0.1470
       177,       181,      1.00,             38.8083,                   0,              0.6469
       177,       182,      1.00,             31.4054,                   0,              3.7492
       177,       183,      1.00,              8.9467,                   0,              0.1470
       177,       184,      1.00,             12.5783,                   0,              0.5514
       177,       185,      1.00,             12.3725,                   0,              0.1029
       177,       186,      1.00,              2.4921,                   0,              0.0441
       177,       187,      1.00,              3.4625,                   0,              0.0221
       177,       188,      1.00,              9.1158,                   0,              0.3014
       177,       189,      1.00,              1.6982,                   0,              0.0294
       177,       190,      1.00,              3.4184,                   0,              0.0809
       177,       191,      1.00,              0.5220,                   0,              0.0441
       177,       192,      1.00,              4.7711,                   0,              0.1397
       177,       193,      1.00,              0.5367,                   0,              0.0294
       177,       194,      1.00,              0.0221,                   0,              0.0147
       177,       195,      1.00,              6.3369,                   0,              0.2279
       177,       196,      1.00,              0.8381,                   0,              0.1103
       177,       197,      1.00,              1.1395,                   0,              0.0294
       177,       198,      1.00,              0.6910,                   0,              0.0515
       177,       199,      1.00,              0.2058,                   0,              0.0074
       177,       200,      1.00,              0.6322,                   0,              0.0515
       177,       201,      1.00,              1.4262,                   0,              0.0662
       177,       202,      1.00,              0.7351,                   0,              0.0221
       177,       203,      1.00,              0.2720,                   0,              0.0294
       177,       204,      1.00,              0.2205,                   0,              0.0515
       177,       205,      1.00,              0.2720,                   0,              0.0221
       177,       206,      1.00,              0.4117,                   0,              0.0074
       177,       207,      1.00,              1.1468,                   0,              0.0588
       177,       208,      1.00,              0.0588,                   0,              0.0147
       177,       209,      1.00,              0.0588,                   0,              0.0588
       177,       210,      1.00,              0.0294,                   0,              0.0221
       177,       211,      1.00,              1.2277,                   0,              0.1838
       177,       212,      1.00,              6.6090,                   0,              0.4117
       177,       213,      1.00,              1.2718,                   0,              0.1544
       177,       214,      1.00,              0.0515,                   0,              0.0294
       177,       224,      1.00,                   0,                   0,              0.0221
       177,       226,      1.00,                   0,                   0,              0.0147
       177,       227,      1.00,              0.0074,                   0,              0.0221
       177,       228,      1.00,              0.0074,                   0,              0.0294
       177,       229,      1.00,                   0,                   0,              0.0074
       178,         1,      1.00,              0.0221,                   0,                   0
       178,         2,      1.00,              0.0735,                   0,                   0
       178,         3,      1.00,              0.0515,                   0,                   0
       178,         4,      1.00,              0.1029,                   0,                   0
       178,         5,      1.00,              0.0074,                   0,              0.0074
       178,         6,      1.00,              0.1911,                   0,              0.0074
       178,         7,      1.00,              0.1250,                   0,              0.0147
       178,         8,      1.00,              0.1985,                   0,              0.0147
       178,         9,      1.00,              0.3235,                   0,              0.0074
       178,        11,      1.00,              0.0662,                   0,              0.0074
       178,        12,      1.00,              0.0882,                   0,              0.0147
       178,        13,      1.00,              0.2867,                   0,              0.0147
       178,        14,      1.00,              0.2279,                   0,              0.0074
       178,        15,      1.00,              0.2573,                   0,              0.0294
       178,        17,      1.00,              0.0441,                   0,                   0
       178,        18,      1.00,              0.0441,                   0,                   0
       178,        19,      1.00,              0.0662,                   0,              0.0074
       178,        21,      1.00,              0.0221,                   0,              0.0074
       178,        23,      1.00,              0.0662,                   0,              0.0074
       178,        24,      1.00,              0.0515,                   0,              0.0074
       178,        25,      1.00,              0.0294,                   0,                   0
       178,        26,      1.00,              0.0882,                   0,              0.0074
       178,        27,      1.00,              0.1176,                   0,              0.0074
       178,        28,      1.00,              0.1397,                   0,              0.0368
       178,        29,      1.00,              0.0294,                   0,              0.0074
       178,        30,      1.00,              0.1029,                   0,              0.0074
       178,        31,      1.00,              0.2058,                   0,              0.0074
       178,        32,      1.00,              0.1397,                   0,              0.0294
       178,        33,      1.00,              0.0515,                   0,              0.0221
       178,        34,      1.00,                   0,                   0,              0.0074
       178,        35,      1.00,              0.1838,                   0,              0.0147
       178,        36,      1.00,              0.1029,                   0,              0.0221
       178,        37,      1.00,              0.0294,                   0,              0.0074
       178,        38,      1.00,              0.0294,                   0,              0.0074
       178,        39,      1.00,              0.1323,                   0,              0.0294
       178,        40,      1.00,              0.0294,                   0,              0.0147
       178,        41,      1.00,              0.0956,                   0,              0.0368
       178,        42,      1.00,              0.0294,                   0,              0.0074
       178,        43,      1.00,                   0,                   0,              0.0147
       178,        44,      1.00,              0.0588,                   0,              0.0515
       178,        45,      1.00,              0.2941,                   0,              0.1250
       178,        46,      1.00,              0.1544,                   0,              0.0882
       178,        47,      1.00,              0.0294,                   0,              0.0147
       178,        48,      1.00,              0.0074,                   0,              0.0221
       178,        49,      1.00,              0.0294,                   0,              0.0368
       178,        50,      1.00,              0.0221,                   0,              0.1176
       178,        52,      1.00,              0.1029,                   0,              0.0221
       178,        54,      1.00,              0.0294,                   0,              0.0074
       178,        55,      1.00,              0.0809,                   0,              0.0221
       178,        56,      1.00,              0.1323,                   0,              0.0368
       178,        57,      1.00,              0.0074,                   0,                   0
       178,        58,      1.00,              0.1250,                   0,              0.0294
       178,        59,      1.00,              0.0515,                   0,              0.0221
       178,        60,      1.00,              0.0294,                   0,              0.0147
       178,        61,      1.00,              0.0735,                   0,              0.0294
       178,        62,      1.00,              0.1617,                   0,              0.0147
       178,        63,      1.00,              0.1029,                   0,              0.0294
       178,        64,      1.00,              0.1176,                   0,              0.0368
       178,        65,      1.00,              0.0735,                   0,              0.0147
       178,        66,      1.00,              0.0294,                   0,              0.0147
       178,        67,      1.00,              0.1103,                   0,              0.0441
       178,        68,      1.00,              0.0294,                   0,              0.0147
       178,        69,      1.00,              0.1323,                   0,              0.0368
       178,        70,      1.00,              0.0809,                   0,              0.0074
       178,        71,      1.00,              0.1323,                   0,              0.0221
       178,        72,      1.00,                   0,                   0,              0.0147
       178,        73,      1.00,              0.0294,                   0,              0.0221
       178,        74,      1.00,              0.0588,                   0,              0.0147
       178,        75,      1.00,              0.0882,                   0,              0.0956
       178,        76,      1.00,              0.1470,                   0,              0.0588
       178,        77,      1.00,              0.0809,                   0,              0.0515
       178,        79,      1.00,              0.2205,                   0,              0.0294
       178,        80,      1.00,              0.1617,                   0,              0.0294
       178,        81,      1.00,              0.3823,                   0,              0.0368
       178,        82,      1.00,              0.0588,                   0,              0.0147
       178,        83,      1.00,              0.3088,                   0,              0.1103
       178,        84,      1.00,              0.4558,                   0,              0.1617
       178,        85,      1.00,              0.3308,                   0,              0.1103
       178,        86,      1.00,              0.2205,                   0,              0.0956
       178,        87,      1.00,              0.1470,                   0,              0.0074
       178,        88,      1.00,              0.1176,                   0,              0.0074
       178,        89,      1.00,              0.0588,                   0,              0.0147
       178,        90,      1.00,              0.2205,                   0,              0.0662
       178,        91,      1.00,              0.1397,                   0,              0.0515
       178,        92,      1.00,              1.3527,                   0,              0.1764
       178,        93,      1.00,              0.2720,                   0,              0.0441
       178,        94,      1.00,              0.1911,                   0,              0.0735
       178,        95,      1.00,              1.4188,                   0,              0.1838
       178,        96,      1.00,              0.1176,                   0,              0.0515
       178,        97,      1.00,              0.0221,                   0,              0.0074
       178,        98,      1.00,              0.0221,                   0,              0.0074
       178,        99,      1.00,              0.6175,                   0,              0.0074
       178,       100,      1.00,              0.0074,                   0,              0.0368
       178,       101,      1.00,              0.3161,                   0,              0.0294
       178,       102,      1.00,                   0,                   0,              0.0221
       178,       103,      1.00,              0.3455,                   0,              0.0735
       178,       104,      1.00,              0.3382,                   0,              0.0809
       178,       105,      1.00,              0.0074,                   0,              0.0294
       178,       106,      1.00,              0.2647,                   0,              0.0515
       178,       107,      1.00,              0.3235,                   0,              0.0368
       178,       108,      1.00,                   0,                   0,              0.0147
       178,       109,      1.00,              0.1544,                   0,              0.0294
       178,       110,      1.00,              0.0368,                   0,              0.0147
       178,       111,      1.00,              0.1029,                   0,              0.0074
       178,       112,      1.00,              0.1691,                   0,              0.0368
       178,       113,      1.00,              0.0221,                   0,                   0
       178,       114,      1.00,              0.2132,                   0,              0.0662
       178,       115,      1.00,                   0,                   0,              0.0368
       178,       116,      1.00,              0.2132,                   0,              0.0588
       178,       117,      1.00,              2.2422,                   0,              0.0809
       178,       118,      1.00,              1.6026,                   0,              0.1250
       178,       119,      1.00,              1.5365,                   0,              0.2426
       178,       120,      1.00,              0.4411,                   0,              0.1029
       178,       121,      1.00,              1.6761,                   0,              0.2058
       178,       122,      1.00,              1.0807,                   0,              0.1176
       178,       123,      1.00,              1.1983,                   0,              0.1250
       178,       124,      1.00,              1.6614,                   0,              0.1617
       178,       125,      1.00,              0.2279,                   0,              0.0368
       178,       126,      1.00,              3.3376,                   0,              0.3602
       178,       127,      1.00,              5.4695,                   0,              0.4631
       178,       128,      1.00,              2.3157,                   0,              0.2205
       178,       129,      1.00,              0.8969,                   0,              0.0735
       178,       130,      1.00,              0.7425,                   0,              0.0662
       178,       131,      1.00,              0.5367,                   0,              0.0809
       178,       132,      1.00,              1.2644,                   0,              0.0662
       178,       133,      1.00,              0.6616,                   0,              0.0441
       178,       134,      1.00,              1.1395,                   0,              0.0441
       178,       135,      1.00,              1.8673,                   0,              0.0588
       178,       136,      1.00,              2.9553,                   0,              0.0882
       178,       137,      1.00,              1.4776,                   0,              0.0441
       178,       138,      1.00,              2.9847,                   0,              0.1103
       178,       139,      1.00,              0.3161,                   0,              0.0221
       178,       140,      1.00,              4.4917,                   0,              0.2132
       178,       141,      1.00,              5.7488,                   0,              0.4264
       178,       142,      1.00,              5.6312,                   0,              0.3308
       178,       143,      1.00,              5.3224,                   0,              0.4852
       178,       144,      1.00,              1.6394,                   0,              0.0956
       178,       145,      1.00,              2.6833,                   0,              0.3529
       178,       146,      1.00,              5.9326,                   0,              0.4484
       178,       147,      1.00,              7.3073,                   0,              0.1985
       178,       148,      1.00,             15.4160,                   0,              2.9112
       178,       149,      1.00,              9.4760,                   0,              0.4558
       178,       150,      1.00,              7.6749,                   0,              0.6616
       178,       151,      1.00,             14.7544,                   0,              0.6690
       178,       152,      1.00,              7.1603,                   0,              0.2794
       178,       153,      1.00,             12.0784,                   0,              0.3235
       178,       154,      1.00,             13.6590,                   0,              0.7646
       178,       155,      1.00,             13.8060,                   0,              0.7572
       178,       156,      1.00,              5.9253,                   0,              0.1176
       178,       157,      1.00,              1.2056,                   0,              0.0368
       178,       158,      1.00,                   0,                   0,              0.0294
       178,       159,      1.00,              0.2132,                   0,              0.0147
       178,       160,      1.00,              4.1830,                   0,              0.0956
       178,       161,      1.00,              7.1088,                   0,              0.2867
       178,       162,      1.00,              2.3745,                   0,              0.2794
       178,       163,      1.00,              0.0074,                   0,              0.0074
       178,       164,      1.00,              4.6829,                   0,              0.4043
       178,       165,      1.00,             19.5475,                   0,              1.1468
       178,       166,      1.00,             38.1393,                   0,              1.0954
       178,       167,      1.00,             18.2536,                   0,              0.5293
       178,       168,      1.00,             10.7258,                   0,              0.2720
       178,       169,      1.00,              5.7415,                   0,              0.1764
       178,       170,      1.00,              7.3073,                   0,              0.1985
       178,       172,      1.00,             12.1225,                   0,              0.2573
       178,       173,      1.00,              0.9042,                   0,              0.0588
       178,       174,      1.00,              5.9914,                   0,              0.1323
       178,       175,      1.00,              7.4250,                   0,              0.2058
       178,       176,      1.00,              0.7719,                   0,              0.0588
       178,       177,      1.00,             13.0929,                   0,              0.4264
       178,       178,      1.00,             55.6210,                   0,              0.5808
       178,       179,      1.00,             39.3596,                   0,              0.8895
       178,       180,      1.00,              4.5285,                   0,              0.1103
       178,       181,      1.00,              8.8438,                   0,              0.3823
       178,       182,      1.00,             32.3905,                   0,              0.6910
       178,       183,      1.00,              4.8667,                   0,              0.1544
       178,       184,      1.00,              4.1756,                   0,              0.3382
       178,       185,      1.00,              4.5064,                   0,              0.2941
       178,       186,      1.00,              1.4776,                   0,              0.0735
       178,       187,      1.00,              1.3453,                   0,              0.0221
       178,       188,      1.00,              4.7049,                   0,              0.2941
       178,       189,      1.00,              1.1395,                   0,              0.0956
       178,       190,      1.00,              1.2644,                   0,              0.0882
       178,       191,      1.00,              0.2058,                   0,              0.0074
       178,       192,      1.00,              1.9555,                   0,              0.0809
       178,       193,      1.00,              0.0809,                   0,              0.0147
       178,       194,      1.00,              0.0074,                   0,              0.0147
       178,       195,      1.00,              2.3819,                   0,              0.0662
       178,       196,      1.00,              1.1395,                   0,              0.0588
       178,       197,      1.00,              1.0292,                   0,              0.0147
       178,       198,      1.00,              0.4778,                   0,              0.0294
       178,       199,      1.00,              0.1176,                   0,              0.0074
       178,       200,      1.00,              0.0074,                   0,              0.0294
       178,       201,      1.00,              0.1323,                   0,              0.0368
       178,       202,      1.00,              0.3235,                   0,              0.0147
       178,       203,      1.00,              0.0074,                   0,              0.0147
       178,       204,      1.00,                   0,                   0,              0.0294
       178,       205,      1.00,                   0,                   0,              0.0147
       178,       206,      1.00,              0.2058,                   0,              0.0074
       178,       207,      1.00,              0.2058,                   0,              0.0294
       178,       208,      1.00,              0.0662,                   0,              0.0294
       178,       209,      1.00,              0.1911,                   0,              0.0956
       178,       210,      1.00,              0.2205,                   0,              0.0441
       178,       211,      1.00,              0.4411,                   0,              0.0809
       178,       212,      1.00,              0.9410,                   0,              0.2352
       178,       213,      1.00,              0.7940,                   0,              0.0515
       178,       214,      1.00,              0.0074,                   0,              0.0147
       178,       218,      1.00,                   0,                   0,              0.0074
       178,       219,      1.00,                   0,                   0,              0.0074
       178,       224,      1.00,                   0,                   0,              0.0221
       178,       226,      1.00,                   0,                   0,              0.0147
       178,       227,      1.00,                   0,                   0,              0.0147
       178,       228,      1.00,                   0,                   0,              0.0147
       179,         1,      1.00,              0.0221,                   0,                   0
       179,         2,      1.00,              0.0441,                   0,                   0
       179,         3,      1.00,              0.0956,                   0,                   0
       179,         4,      1.00,              0.0441,                   0,                   0
       179,         5,      1.00,              0.0809,                   0,              0.0074
       179,         6,      1.00,              0.2426,                   0,              0.0074
       179,         7,      1.00,              0.2205,                   0,              0.0147
       179,         8,      1.00,              0.3823,                   0,              0.0221
       179,         9,      1.00,              0.3235,                   0,              0.0074
       179,        11,      1.00,              0.0515,                   0,              0.0074
       179,        12,      1.00,              0.2205,                   0,              0.0147
       179,        13,      1.00,              0.3602,                   0,              0.0147
       179,        14,      1.00,              0.2352,                   0,              0.0147
       179,        15,      1.00,              0.4117,                   0,              0.0221
       179,        16,      1.00,              0.0515,                   0,                   0
       179,        17,      1.00,              0.0441,                   0,              0.0074
       179,        18,      1.00,              0.0515,                   0,                   0
       179,        19,      1.00,              0.0809,                   0,              0.0074
       179,        20,      1.00,              0.0515,                   0,                   0
       179,        21,      1.00,              0.2058,                   0,              0.0074
       179,        22,      1.00,              0.0221,                   0,                   0
       179,        23,      1.00,              0.0882,                   0,              0.0147
       179,        24,      1.00,              0.1029,                   0,              0.0074
       179,        25,      1.00,              0.0368,                   0,                   0
       179,        26,      1.00,              0.1544,                   0,                   0
       179,        27,      1.00,              0.1470,                   0,              0.0074
       179,        28,      1.00,              0.0809,                   0,              0.0368
       179,        29,      1.00,              0.0515,                   0,              0.0074
       179,        30,      1.00,                   0,                   0,              0.0147
       179,        31,      1.00,                   0,                   0,              0.0147
       179,        32,      1.00,              0.0882,                   0,              0.0074
       179,        33,      1.00,              0.0074,                   0,              0.0221
       179,        35,      1.00,              0.1838,                   0,              0.0147
       179,        36,      1.00,              0.2720,                   0,              0.0221
       179,        37,      1.00,              0.1103,                   0,              0.0074
       179,        38,      1.00,              0.0074,                   0,              0.0074
       179,        39,      1.00,              0.0588,                   0,              0.0147
       179,        40,      1.00,              0.0221,                   0,              0.0147
       179,        41,      1.00,              0.2279,                   0,              0.0515
       179,        42,      1.00,              0.0147,                   0,              0.0074
       179,        43,      1.00,              0.0515,                   0,              0.0221
       179,        44,      1.00,              0.1617,                   0,              0.0515
       179,        45,      1.00,              0.3088,                   0,              0.0956
       179,        46,      1.00,              0.1544,                   0,              0.0882
       179,        47,      1.00,              0.0294,                   0,              0.0147
       179,        48,      1.00,                   0,                   0,              0.0221
       179,        49,      1.00,              0.0882,                   0,              0.0221
       179,        50,      1.00,                   0,                   0,              0.1397
       179,        52,      1.00,              0.0368,                   0,              0.0294
       179,        54,      1.00,              0.0294,                   0,              0.0074
       179,        55,      1.00,              0.0735,                   0,              0.0368
       179,        56,      1.00,              0.0588,                   0,              0.0368
       179,        58,      1.00,              0.2352,                   0,              0.0588
       179,        59,      1.00,              0.0515,                   0,              0.0221
       179,        60,      1.00,              0.1029,                   0,              0.0147
       179,        61,      1.00,              0.2132,                   0,              0.0221
       179,        62,      1.00,              0.0956,                   0,              0.0147
       179,        63,      1.00,              0.4190,                   0,              0.0221
       179,        64,      1.00,              0.2132,                   0,              0.0147
       179,        65,      1.00,              0.1103,                   0,              0.0147
       179,        66,      1.00,              0.1103,                   0,              0.0147
       179,        67,      1.00,              0.1764,                   0,              0.0441
       179,        68,      1.00,              0.0515,                   0,              0.0147
       179,        69,      1.00,              0.0809,                   0,              0.0368
       179,        70,      1.00,              0.0515,                   0,              0.0074
       179,        71,      1.00,              0.1617,                   0,              0.0294
       179,        72,      1.00,                   0,                   0,              0.0147
       179,        73,      1.00,              0.0074,                   0,              0.0294
       179,        74,      1.00,              0.0074,                   0,              0.0147
       179,        75,      1.00,              0.1985,                   0,              0.0809
       179,        76,      1.00,              0.1176,                   0,              0.0515
       179,        77,      1.00,              0.1029,                   0,              0.0221
       179,        78,      1.00,                   0,                   0,              0.0074
       179,        79,      1.00,              0.1691,                   0,              0.0368
       179,        80,      1.00,              0.1911,                   0,              0.0441
       179,        81,      1.00,              0.3896,                   0,              0.0294
       179,        82,      1.00,              0.0735,                   0,              0.0147
       179,        83,      1.00,              0.2132,                   0,              0.1029
       179,        84,      1.00,              0.6910,                   0,              0.1544
       179,        85,      1.00,              0.6028,                   0,              0.1176
       179,        86,      1.00,              0.1838,                   0,              0.0882
       179,        87,      1.00,              0.0588,                   0,              0.0074
       179,        88,      1.00,              0.1323,                   0,              0.0074
       179,        89,      1.00,              0.0662,                   0,              0.0147
       179,        90,      1.00,              0.2647,                   0,              0.0662
       179,        91,      1.00,              0.2205,                   0,              0.0515
       179,        92,      1.00,              1.0586,                   0,              0.1911
       179,        93,      1.00,              0.2720,                   0,              0.0441
       179,        94,      1.00,              0.1470,                   0,              0.0662
       179,        95,      1.00,              1.6467,                   0,              0.2205
       179,        96,      1.00,              0.0956,                   0,              0.0588
       179,        97,      1.00,              0.2426,                   0,              0.0147
       179,        98,      1.00,              0.7940,                   0,              0.0147
       179,        99,      1.00,              0.6175,                   0,              0.0074
       179,       100,      1.00,              0.6396,                   0,              0.1544
       179,       101,      1.00,              0.8381,                   0,              0.0368
       179,       102,      1.00,              0.4117,                   0,              0.0515
       179,       103,      1.00,              0.8307,                   0,              0.0588
       179,       104,      1.00,              0.3529,                   0,              0.0809
       179,       105,      1.00,              0.2205,                   0,              0.0294
       179,       106,      1.00,              0.5072,                   0,              0.0441
       179,       107,      1.00,              0.5072,                   0,              0.0441
       179,       108,      1.00,              0.0074,                   0,              0.0074
       179,       109,      1.00,              0.3014,                   0,              0.0294
       179,       110,      1.00,              0.0882,                   0,              0.0147
       179,       111,      1.00,              0.1323,                   0,              0.0147
       179,       112,      1.00,              0.1250,                   0,              0.0221
       179,       114,      1.00,              1.6173,                   0,              0.1544
       179,       115,      1.00,                   0,                   0,              0.0956
       179,       116,      1.00,              0.6028,                   0,              0.1176
       179,       117,      1.00,              5.3224,                   0,              0.1323
       179,       118,      1.00,              3.3008,                   0,              0.1397
       179,       119,      1.00,              1.5144,                   0,              0.2499
       179,       120,      1.00,              0.4190,                   0,              0.1029
       179,       121,      1.00,              1.4776,                   0,              0.2058
       179,       122,      1.00,              0.8748,                   0,              0.1544
       179,       123,      1.00,              1.7717,                   0,              0.1544
       179,       124,      1.00,              3.0067,                   0,              0.3308
       179,       125,      1.00,              1.6173,                   0,              0.0735
       179,       126,      1.00,              4.0653,                   0,              0.3970
       179,       127,      1.00,              5.9106,                   0,              0.4558
       179,       128,      1.00,              3.0582,                   0,              0.2352
       179,       129,      1.00,              1.2424,                   0,              0.0882
       179,       130,      1.00,              1.4335,                   0,              0.0662
       179,       131,      1.00,              0.6322,                   0,              0.1323
       179,       132,      1.00,              1.5806,                   0,              0.0662
       179,       133,      1.00,              1.1615,                   0,              0.0882
       179,       134,      1.00,              3.3670,                   0,              0.1470
       179,       135,      1.00,              7.3000,                   0,              0.1691
       179,       136,      1.00,              5.3445,                   0,              0.2426
       179,       137,      1.00,              2.7641,                   0,              0.1029
       179,       138,      1.00,              7.4911,                   0,              0.3014
       179,       139,      1.00,              0.6396,                   0,              0.0441
       179,       140,      1.00,             11.4756,                   0,              0.5808
       179,       141,      1.00,              6.3443,                   0,              0.4778
       179,       142,      1.00,              6.7413,                   0,              0.3970
       179,       143,      1.00,              6.6898,                   0,              0.5514
       179,       144,      1.00,              2.6686,                   0,              0.0588
       179,       145,      1.00,              3.0435,                   0,              0.1838
       179,       146,      1.00,              9.7186,                   0,              0.7866
       179,       147,      1.00,             17.3862,                   0,              0.5514
       179,       148,      1.00,             16.8348,                   0,              0.7940
       179,       149,      1.00,             16.1805,                   0,              0.7131
       179,       150,      1.00,              7.7117,                   0,              0.5220
       179,       151,      1.00,             10.0274,                   0,              1.1689
       179,       152,      1.00,              4.6020,                   0,              0.3382
       179,       153,      1.00,              6.2561,                   0,              0.4117
       179,       154,      1.00,             16.6363,                   0,              0.9924
       179,       155,      1.00,             15.9600,                   0,              0.9116
       179,       156,      1.00,              8.9173,                   0,              0.0809
       179,       157,      1.00,              2.9847,                   0,              0.1029
       179,       158,      1.00,                   0,                   0,              0.0956
       179,       159,      1.00,              0.0221,                   0,              0.0441
       179,       160,      1.00,              9.0717,                   0,              0.3308
       179,       161,      1.00,             17.4082,                   0,              0.7131
       179,       162,      1.00,              8.6527,                   0,              0.7646
       179,       163,      1.00,              0.3235,                   0,              0.0221
       179,       164,      1.00,             13.6884,                   0,              1.1836
       179,       165,      1.00,             13.6810,                   0,              0.8087
       179,       166,      1.00,             35.1473,                   0,              1.1027
       179,       167,      1.00,             44.3145,                   0,              1.6688
       179,       168,      1.00,             33.0006,                   0,              1.5585
       179,       169,      1.00,             16.2982,                   0,              1.0880
       179,       170,      1.00,             20.3856,                   0,              0.4705
       179,       171,      1.00,              0.3014,                   0,              0.0074
       179,       172,      1.00,             28.3913,                   0,              0.7719
       179,       173,      1.00,              0.8381,                   0,              0.1544
       179,       174,      1.00,             12.3431,                   0,              0.5146
       179,       175,      1.00,             21.4956,                   0,              1.1836
       179,       176,      1.00,              0.8969,                   0,              0.1470
       179,       177,      1.00,             56.7091,                   0,              1.6688
       179,       178,      1.00,             53.6582,                   0,              0.8895
       179,       179,      1.00,            130.1574,                   0,              2.3672
       179,       180,      1.00,             12.1666,                   0,              0.2941
       179,       181,      1.00,             29.5308,                   0,              1.0219
       179,       182,      1.00,             72.7940,                   0,              2.3966
       179,       183,      1.00,             12.4901,                   0,              0.3896
       179,       184,      1.00,             14.6661,                   0,              0.9557
       179,       185,      1.00,             14.2765,                   0,              0.7572
       179,       186,      1.00,              3.8375,                   0,              0.2499
       179,       187,      1.00,              4.1536,                   0,              0.0441
       179,       188,      1.00,             12.1372,                   0,              0.8748
       179,       189,      1.00,              2.9847,                   0,              0.2794
       179,       190,      1.00,              1.9481,                   0,              0.2647
       179,       191,      1.00,              0.7351,                   0,              0.0147
       179,       192,      1.00,              5.0578,                   0,              0.1985
       179,       193,      1.00,              0.7351,                   0,              0.0368
       179,       194,      1.00,              0.6322,                   0,              0.0368
       179,       195,      1.00,              8.1086,                   0,              0.3014
       179,       196,      1.00,              0.7057,                   0,              0.1323
       179,       197,      1.00,              1.3453,                   0,              0.0515
       179,       198,      1.00,              2.4774,                   0,              0.0662
       179,       199,      1.00,              0.2794,                   0,              0.0147
       179,       200,      1.00,              0.5293,                   0,              0.0662
       179,       201,      1.00,              1.0807,                   0,              0.0809
       179,       202,      1.00,              0.8895,                   0,              0.0368
       179,       203,      1.00,              0.4043,                   0,              0.0368
       179,       204,      1.00,              1.0366,                   0,              0.0662
       179,       205,      1.00,              0.0074,                   0,              0.0294
       179,       206,      1.00,              0.2058,                   0,              0.0147
       179,       207,      1.00,              0.2794,                   0,              0.0735
       179,       208,      1.00,              0.1176,                   0,              0.0294
       179,       209,      1.00,              0.2279,                   0,              0.1029
       179,       210,      1.00,              0.0809,                   0,              0.0515
       179,       211,      1.00,              0.4778,                   0,              0.2426
       179,       212,      1.00,              2.9553,                   0,              0.6910
       179,       213,      1.00,              1.5659,                   0,              0.1250
       179,       214,      1.00,              0.3896,                   0,              0.0221
       179,       218,      1.00,                   0,                   0,              0.0074
       179,       219,      1.00,                   0,                   0,              0.0074
       179,       224,      1.00,                   0,                   0,              0.0221
       179,       226,      1.00,                   0,                   0,              0.0221
       179,       227,      1.00,                   0,                   0,              0.0294
       179,       228,      1.00,                   0,                   0,              0.0368
       179,       229,      1.00,                   0,                   0,              0.0074
       180,         2,      1.00,              0.0515,                   0,                   0
       180,         6,      1.00,              0.0074,                   0,                   0
       180,         7,      1.00,              0.0147,                   0,                   0
       180,         9,      1.00,              0.0441,                   0,                   0
       180,        10,      1.00,              0.0221,                   0,                   0
       180,        11,      1.00,              0.0221,                   0,                   0
       180,        13,      1.00,              0.0515,                   0,                   0
       180,        14,      1.00,              0.0735,                   0,                   0
       180,        15,      1.00,              0.0368,                   0,                   0
       180,        17,      1.00,              0.0221,                   0,                   0
       180,        18,      1.00,              0.0515,                   0,                   0
       180,        22,      1.00,              0.0221,                   0,                   0
       180,        23,      1.00,              0.0515,                   0,                   0
       180,        30,      1.00,              0.2058,                   0,                   0
       180,        35,      1.00,              0.0809,                   0,                   0
       180,        36,      1.00,              0.0294,                   0,                   0
       180,        44,      1.00,              0.0147,                   0,                   0
       180,        45,      1.00,              0.0147,                   0,              0.0147
       180,        46,      1.00,              0.0368,                   0,              0.0074
       180,        50,      1.00,                   0,                   0,              0.0147
       180,        54,      1.00,              0.0147,                   0,                   0
       180,        56,      1.00,              0.0294,                   0,                   0
       180,        58,      1.00,              0.0441,                   0,                   0
       180,        59,      1.00,              0.0294,                   0,                   0
       180,        62,      1.00,              0.0147,                   0,                   0
       180,        67,      1.00,              0.0147,                   0,                   0
       180,        68,      1.00,              0.0147,                   0,                   0
       180,        69,      1.00,              0.0368,                   0,                   0
       180,        74,      1.00,              0.0294,                   0,                   0
       180,        75,      1.00,              0.0294,                   0,              0.0074
       180,        76,      1.00,                   0,                   0,              0.0074
       180,        79,      1.00,              0.0147,                   0,                   0
       180,        80,      1.00,              0.0515,                   0,                   0
       180,        81,      1.00,              0.0515,                   0,              0.0074
       180,        83,      1.00,              0.0074,                   0,              0.0074
       180,        84,      1.00,              0.0809,                   0,              0.0147
       180,        85,      1.00,              0.0588,                   0,              0.0074
       180,        86,      1.00,              0.0441,                   0,              0.0074
       180,        87,      1.00,              0.0294,                   0,                   0
       180,        88,      1.00,              0.0147,                   0,                   0
       180,        89,      1.00,              0.0294,                   0,                   0
       180,        90,      1.00,              0.0441,                   0,              0.0074
       180,        91,      1.00,              0.0294,                   0,                   0
       180,        92,      1.00,              0.1985,                   0,              0.0147
       180,        93,      1.00,                   0,                   0,              0.0074
       180,        94,      1.00,              0.0074,                   0,              0.0074
       180,        95,      1.00,              0.3161,                   0,              0.0147
       180,        96,      1.00,                   0,                   0,              0.0074
       180,       100,      1.00,              0.2132,                   0,              0.0221
       180,       102,      1.00,                   0,                   0,              0.0074
       180,       103,      1.00,              0.0294,                   0,              0.0074
       180,       104,      1.00,                   0,                   0,              0.0074
       180,       105,      1.00,              0.2058,                   0,                   0
       180,       107,      1.00,              0.0588,                   0,              0.0074
       180,       110,      1.00,              0.0294,                   0,                   0
       180,       112,      1.00,              0.0294,                   0,                   0
       180,       114,      1.00,              0.6175,                   0,              0.0221
       180,       115,      1.00,                   0,                   0,              0.0147
       180,       116,      1.00,              0.0074,                   0,              0.0147
       180,       117,      1.00,              1.6541,                   0,              0.0147
       180,       118,      1.00,              0.5661,                   0,              0.0074
       180,       119,      1.00,              0.2867,                   0,              0.0294
       180,       120,      1.00,              0.1544,                   0,              0.0074
       180,       121,      1.00,              0.2499,                   0,              0.0221
       180,       122,      1.00,              0.1397,                   0,              0.0147
       180,       123,      1.00,              0.0515,                   0,              0.0147
       180,       124,      1.00,              0.1838,                   0,              0.0441
       180,       125,      1.00,              0.1103,                   0,              0.0074
       180,       126,      1.00,              0.7057,                   0,              0.0368
       180,       127,      1.00,              0.7866,                   0,              0.0441
       180,       128,      1.00,              0.3970,                   0,              0.0294
       180,       129,      1.00,              0.2058,                   0,              0.0074
       180,       130,      1.00,              0.0441,                   0,              0.0074
       180,       131,      1.00,              0.0588,                   0,              0.0147
       180,       132,      1.00,              0.1764,                   0,              0.0074
       180,       133,      1.00,              0.0441,                   0,              0.0147
       180,       134,      1.00,              0.3749,                   0,              0.0221
       180,       135,      1.00,              0.1103,                   0,              0.0221
       180,       136,      1.00,              0.9630,                   0,              0.0294
       180,       137,      1.00,              0.0809,                   0,              0.0147
       180,       138,      1.00,              0.6910,                   0,              0.0368
       180,       139,      1.00,              0.0074,                   0,              0.0074
       180,       140,      1.00,              1.5659,                   0,              0.0735
       180,       141,      1.00,              0.9410,                   0,              0.0588
       180,       142,      1.00,              0.9630,                   0,              0.0368
       180,       143,      1.00,              0.8160,                   0,              0.0662
       180,       144,      1.00,              0.2573,                   0,              0.0147
       180,       145,      1.00,              0.3455,                   0,              0.0294
       180,       146,      1.00,              1.1468,                   0,              0.1103
       180,       147,      1.00,              1.8746,                   0,              0.0515
       180,       148,      1.00,              3.1170,                   0,              0.0662
       180,       149,      1.00,              1.7864,                   0,              0.0588
       180,       150,      1.00,              0.9557,                   0,              0.0956
       180,       151,      1.00,              0.9998,                   0,              0.0882
       180,       152,      1.00,              0.5440,                   0,              0.0441
       180,       153,      1.00,              1.0586,                   0,              0.0441
       180,       154,      1.00,              2.6833,                   0,              0.1176
       180,       155,      1.00,              0.9042,                   0,              0.0882
       180,       156,      1.00,              1.1468,                   0,              0.0147
       180,       157,      1.00,              0.0074,                   0,              0.0294
       180,       158,      1.00,                   0,                   0,              0.0147
       180,       159,      1.00,                   0,                   0,              0.0074
       180,       160,      1.00,              1.1689,                   0,              0.0368
       180,       161,      1.00,              2.6171,                   0,              0.0809
       180,       162,      1.00,              0.6616,                   0,              0.0956
       180,       164,      1.00,              1.5438,                   0,              0.1544
       180,       165,      1.00,              2.4848,                   0,              0.0735
       180,       166,      1.00,              4.2050,                   0,              0.1176
       180,       167,      1.00,              5.3151,                   0,              0.1250
       180,       168,      1.00,              3.4405,                   0,              0.0882
       180,       169,      1.00,              2.4701,                   0,              0.0515
       180,       170,      1.00,              1.1248,                   0,              0.0588
       180,       171,      1.00,              0.1470,                   0,                   0
       180,       172,      1.00,              4.3227,                   0,              0.1470
       180,       173,      1.00,              0.1103,                   0,              0.0147
       180,       174,      1.00,              3.0509,                   0,              0.0588
       180,       175,      1.00,              2.3966,                   0,              0.1103
       180,       176,      1.00,              0.1029,                   0,              0.0147
       180,       177,      1.00,              7.7484,                   0,              0.1470
       180,       178,      1.00,              5.4327,                   0,              0.1103
       180,       179,      1.00,             14.9161,                   0,              0.2941
       180,       180,      1.00,              2.6906,                   0,              0.0221
       180,       181,      1.00,             10.1744,                   0,              0.1323
       180,       182,      1.00,             15.7468,                   0,              0.3676
       180,       183,      1.00,              4.8887,                   0,              0.0515
       180,       184,      1.00,              4.4182,                   0,              0.0809
       180,       185,      1.00,              4.6241,                   0,              0.0662
       180,       186,      1.00,              2.1760,                   0,              0.0221
       180,       187,      1.00,              1.5512,                   0,              0.0074
       180,       188,      1.00,              2.4701,                   0,              0.0882
       180,       189,      1.00,              0.9336,                   0,              0.0221
       180,       190,      1.00,              0.9557,                   0,              0.0368
       180,       191,      1.00,              0.0588,                   0,                   0
       180,       192,      1.00,              0.9410,                   0,              0.0294
       180,       193,      1.00,              0.1617,                   0,              0.0074
       180,       194,      1.00,              0.0074,                   0,                   0
       180,       195,      1.00,              1.8232,                   0,              0.0221
       180,       196,      1.00,              0.6249,                   0,              0.0221
       180,       197,      1.00,              0.2058,                   0,              0.0074
       180,       198,      1.00,              0.4117,                   0,              0.0074
       180,       199,      1.00,              0.1397,                   0,                   0
       180,       200,      1.00,              0.0074,                   0,              0.0074
       180,       201,      1.00,              0.3602,                   0,              0.0147
       180,       202,      1.00,              0.4852,                   0,              0.0074
       180,       203,      1.00,              0.0074,                   0,              0.0074
       180,       204,      1.00,              0.2132,                   0,              0.0147
       180,       205,      1.00,              0.0662,                   0,              0.0074
       180,       207,      1.00,              0.0074,                   0,              0.0147
       180,       208,      1.00,              0.0368,                   0,                   0
       180,       209,      1.00,              0.0221,                   0,              0.0074
       180,       211,      1.00,              0.0147,                   0,              0.0294
       180,       212,      1.00,              0.3602,                   0,              0.0882
       180,       213,      1.00,              0.4190,                   0,              0.0147
       180,       228,      1.00,                   0,                   0,              0.0074
       181,         1,      1.00,              0.0147,                   0,                   0
       181,         2,      1.00,              0.0221,                   0,                   0
       181,         3,      1.00,              0.0221,                   0,                   0
       181,         6,      1.00,              0.0662,                   0,                   0
       181,         7,      1.00,              0.3455,                   0,                   0
       181,         8,      1.00,              0.1176,                   0,              0.0074
       181,         9,      1.00,              0.1176,                   0,                   0
       181,        11,      1.00,              0.0735,                   0,                   0
       181,        12,      1.00,              0.1176,                   0,                   0
       181,        13,      1.00,              0.1029,                   0,                   0
       181,        14,      1.00,              0.1029,                   0,                   0
       181,        15,      1.00,              0.4117,                   0,                   0
       181,        19,      1.00,              0.2058,                   0,                   0
       181,        20,      1.00,              0.2058,                   0,                   0
       181,        21,      1.00,              0.2058,                   0,              0.0074
       181,        22,      1.00,              0.2058,                   0,                   0
       181,        23,      1.00,              0.0368,                   0,                   0
       181,        24,      1.00,              0.0368,                   0,                   0
       181,        25,      1.00,              0.0147,                   0,                   0
       181,        26,      1.00,              0.2058,                   0,                   0
       181,        28,      1.00,              0.0662,                   0,              0.0221
       181,        30,      1.00,              0.0074,                   0,              0.0074
       181,        31,      1.00,              0.2058,                   0,              0.0074
       181,        33,      1.00,              0.0074,                   0,              0.0074
       181,        34,      1.00,              0.0294,                   0,                   0
       181,        35,      1.00,              0.0368,                   0,                   0
       181,        36,      1.00,              0.0515,                   0,              0.0074
       181,        37,      1.00,              0.0588,                   0,                   0
       181,        38,      1.00,              0.0515,                   0,                   0
       181,        39,      1.00,              0.0441,                   0,              0.0074
       181,        40,      1.00,              0.0294,                   0,                   0
       181,        41,      1.00,              0.0294,                   0,              0.0074
       181,        42,      1.00,              0.0294,                   0,                   0
       181,        44,      1.00,              0.0294,                   0,              0.0147
       181,        45,      1.00,              0.1250,                   0,              0.0809
       181,        46,      1.00,              0.0441,                   0,              0.0368
       181,        47,      1.00,              0.0147,                   0,                   0
       181,        48,      1.00,                   0,                   0,              0.0147
       181,        49,      1.00,              0.0294,                   0,              0.0074
       181,        50,      1.00,                   0,                   0,              0.0662
       181,        52,      1.00,              0.0147,                   0,              0.0074
       181,        54,      1.00,              0.0147,                   0,                   0
       181,        55,      1.00,              0.0441,                   0,              0.0074
       181,        56,      1.00,              0.0294,                   0,              0.0074
       181,        58,      1.00,              0.0515,                   0,              0.0074
       181,        59,      1.00,              0.0294,                   0,              0.0074
       181,        60,      1.00,              0.0294,                   0,              0.0074
       181,        61,      1.00,              0.2132,                   0,              0.0147
       181,        62,      1.00,              0.2058,                   0,              0.0074
       181,        63,      1.00,              0.4190,                   0,              0.0147
       181,        64,      1.00,              0.2132,                   0,              0.0074
       181,        65,      1.00,              0.0441,                   0,              0.0074
       181,        66,      1.00,              0.0368,                   0,                   0
       181,        67,      1.00,              0.0074,                   0,              0.0074
       181,        69,      1.00,              0.1470,                   0,              0.0074
       181,        71,      1.00,              0.0147,                   0,                   0
       181,        73,      1.00,              0.0074,                   0,                   0
       181,        74,      1.00,              0.0662,                   0,                   0
       181,        75,      1.00,              0.1103,                   0,              0.0147
       181,        76,      1.00,                   0,                   0,              0.0074
       181,        77,      1.00,                   0,                   0,              0.0074
       181,        78,      1.00,                   0,                   0,              0.0074
       181,        79,      1.00,              0.6249,                   0,              0.0074
       181,        80,      1.00,              0.1103,                   0,              0.0074
       181,        81,      1.00,              0.0809,                   0,              0.0294
       181,        82,      1.00,              0.0147,                   0,                   0
       181,        83,      1.00,              0.1323,                   0,              0.0294
       181,        84,      1.00,              0.2720,                   0,              0.0809
       181,        85,      1.00,              0.1838,                   0,              0.0294
       181,        86,      1.00,              0.1250,                   0,              0.0221
       181,        87,      1.00,              0.0515,                   0,                   0
       181,        90,      1.00,              0.0956,                   0,              0.0147
       181,        91,      1.00,              0.1176,                   0,              0.0147
       181,        92,      1.00,              0.5440,                   0,              0.0662
       181,        93,      1.00,              0.0294,                   0,              0.0147
       181,        94,      1.00,              0.0735,                   0,              0.0294
       181,        95,      1.00,              0.7204,                   0,              0.0588
       181,        96,      1.00,              0.2058,                   0,              0.0074
       181,        97,      1.00,                   0,                   0,              0.0074
       181,        98,      1.00,              0.0074,                   0,              0.0074
       181,        99,      1.00,              0.2132,                   0,              0.0074
       181,       100,      1.00,              0.6469,                   0,              0.1691
       181,       101,      1.00,              0.4337,                   0,              0.0221
       181,       102,      1.00,              0.2132,                   0,              0.0294
       181,       103,      1.00,              0.1250,                   0,              0.0074
       181,       104,      1.00,              0.1176,                   0,              0.0074
       181,       105,      1.00,              0.2279,                   0,              0.0147
       181,       106,      1.00,              0.7278,                   0,                   0
       181,       107,      1.00,              0.4190,                   0,              0.0074
       181,       108,      1.00,              0.2132,                   0,                   0
       181,       109,      1.00,              0.2132,                   0,              0.0074
       181,       112,      1.00,              0.0588,                   0,              0.0074
       181,       114,      1.00,              1.1101,                   0,              0.1617
       181,       115,      1.00,                   0,                   0,              0.0956
       181,       116,      1.00,              1.3306,                   0,              0.0956
       181,       117,      1.00,              5.5283,                   0,              0.0735
       181,       118,      1.00,              2.6980,                   0,              0.0368
       181,       119,      1.00,              0.4337,                   0,              0.1764
       181,       120,      1.00,              0.3382,                   0,              0.0294
       181,       121,      1.00,              0.5072,                   0,              0.0809
       181,       122,      1.00,              0.3823,                   0,              0.0368
       181,       123,      1.00,              0.7646,                   0,              0.0441
       181,       124,      1.00,              0.7719,                   0,              0.0735
       181,       125,      1.00,              1.4041,                   0,              0.0294
       181,       126,      1.00,              1.3747,                   0,              0.2279
       181,       127,      1.00,              2.4921,                   0,              0.1617
       181,       128,      1.00,              1.1909,                   0,              0.0882
       181,       129,      1.00,              0.4337,                   0,              0.0368
       181,       130,      1.00,              0.7278,                   0,              0.0221
       181,       131,      1.00,              0.4264,                   0,              0.0147
       181,       132,      1.00,              0.5734,                   0,              0.0294
       181,       133,      1.00,              0.2205,                   0,              0.0147
       181,       134,      1.00,              0.9410,                   0,              0.0147
       181,       135,      1.00,              4.0653,                   0,              0.0515
       181,       136,      1.00,              4.7564,                   0,              0.1470
       181,       137,      1.00,              1.8011,                   0,              0.0662
       181,       138,      1.00,              4.0874,                   0,              0.2058
       181,       139,      1.00,              0.4337,                   0,              0.0294
       181,       140,      1.00,              4.6902,                   0,              0.1617
       181,       141,      1.00,              2.1466,                   0,              0.1764
       181,       142,      1.00,              2.3892,                   0,              0.1397
       181,       143,      1.00,              2.6245,                   0,              0.3823
       181,       144,      1.00,              0.7204,                   0,              0.0294
       181,       145,      1.00,              1.3233,                   0,              0.1176
       181,       146,      1.00,              3.1244,                   0,              0.2867
       181,       147,      1.00,              3.3302,                   0,              0.1470
       181,       148,      1.00,              5.5945,                   0,              0.2426
       181,       149,      1.00,              4.6535,                   0,              0.3676
       181,       150,      1.00,              2.6539,                   0,              0.2426
       181,       151,      1.00,              2.6318,                   0,              0.3529
       181,       152,      1.00,              1.9187,                   0,              0.1470
       181,       153,      1.00,              2.4407,                   0,              0.1838
       181,       154,      1.00,              6.4840,                   0,              0.3749
       181,       155,      1.00,              5.3739,                   0,              0.3382
       181,       156,      1.00,              2.7053,                   0,              0.0515
       181,       157,      1.00,              2.4627,                   0,              0.2058
       181,       158,      1.00,                   0,                   0,              0.0735
       181,       159,      1.00,              0.0294,                   0,              0.0221
       181,       160,      1.00,              2.8965,                   0,              0.0809
       181,       161,      1.00,              6.7854,                   0,              0.2794
       181,       162,      1.00,              8.5497,                   0,              0.5146
       181,       163,      1.00,              0.1103,                   0,              0.0147
       181,       164,      1.00,             11.8799,                   0,              0.9557
       181,       165,      1.00,              5.0063,                   0,              0.2352
       181,       166,      1.00,              8.1454,                   0,              0.3823
       181,       167,      1.00,             11.3653,                   0,              1.0292
       181,       168,      1.00,             13.4678,                   0,              0.3602
       181,       169,      1.00,              7.8219,                   0,              0.2573
       181,       170,      1.00,             18.4889,                   0,              0.3529
       181,       171,      1.00,              0.3014,                   0,              0.0221
       181,       172,      1.00,             41.4548,                   0,              1.1395
       181,       173,      1.00,              6.3222,                   0,              0.0809
       181,       174,      1.00,             38.6760,                   0,              0.4705
       181,       175,      1.00,             28.9353,                   0,              0.5661
       181,       176,      1.00,              4.1242,                   0,              0.0735
       181,       177,      1.00,             41.6606,                   0,              0.6469
       181,       178,      1.00,             11.3653,                   0,              0.3823
       181,       179,      1.00,             25.5095,                   0,              1.0219
       181,       180,      1.00,              5.9032,                   0,              0.1323
       181,       181,      1.00,             71.5663,                   0,              0.7498
       181,       182,      1.00,             61.0464,                   0,              2.5068
       181,       183,      1.00,             26.7887,                   0,              0.4043
       181,       184,      1.00,             23.7672,                   0,              0.9557
       181,       185,      1.00,             21.1942,                   0,              0.4190
       181,       186,      1.00,              4.1609,                   0,              0.1323
       181,       187,      1.00,              5.4621,                   0,              0.0294
       181,       188,      1.00,             24.1421,                   0,              0.4999
       181,       189,      1.00,              5.3298,                   0,              0.1323
       181,       190,      1.00,              4.7270,                   0,              0.2132
       181,       191,      1.00,              0.8454,                   0,              0.0368
       181,       192,      1.00,              6.9618,                   0,              0.1838
       181,       193,      1.00,              1.1027,                   0,              0.0368
       181,       194,      1.00,              0.0441,                   0,              0.0294
       181,       195,      1.00,             13.4678,                   0,              0.3235
       181,       196,      1.00,              3.3523,                   0,              0.1470
       181,       197,      1.00,              1.7202,                   0,              0.0515
       181,       198,      1.00,              2.2422,                   0,              0.0735
       181,       199,      1.00,              0.5440,                   0,              0.0074
       181,       200,      1.00,              0.5440,                   0,              0.0662
       181,       201,      1.00,              3.8669,                   0,              0.0882
       181,       202,      1.00,              1.7055,                   0,              0.0294
       181,       203,      1.00,              1.0071,                   0,              0.0368
       181,       204,      1.00,              0.3382,                   0,              0.0735
       181,       205,      1.00,              0.2205,                   0,              0.0294
       181,       206,      1.00,              0.3161,                   0,              0.0074
       181,       207,      1.00,              1.7790,                   0,              0.0735
       181,       208,      1.00,              0.0294,                   0,              0.0074
       181,       209,      1.00,              0.0735,                   0,              0.0368
       181,       210,      1.00,              0.0147,                   0,              0.0074
       181,       211,      1.00,              0.9777,                   0,              0.1470
       181,       212,      1.00,              1.3527,                   0,              0.2941
       181,       213,      1.00,              1.7129,                   0,              0.0809
       181,       214,      1.00,              0.1397,                   0,              0.0147
       181,       224,      1.00,                   0,                   0,              0.0221
       181,       226,      1.00,                   0,                   0,              0.0147
       181,       227,      1.00,                   0,                   0,              0.0221
       181,       228,      1.00,              0.0074,                   0,              0.0441
       181,       229,      1.00,                   0,                   0,              0.0074
       182,         3,      1.00,              0.0294,                   0,                   0
       182,         4,      1.00,              0.0294,                   0,                   0
       182,         5,      1.00,              0.0221,                   0,                   0
       182,         6,      1.00,              0.3161,                   0,                   0
       182,         7,      1.00,              0.1985,                   0,              0.0074
       182,         8,      1.00,              0.4117,                   0,              0.0074
       182,         9,      1.00,              0.2205,                   0,              0.0074
       182,        11,      1.00,              0.0515,                   0,                   0
       182,        12,      1.00,              0.0294,                   0,              0.0074
       182,        13,      1.00,              0.4043,                   0,              0.0074
       182,        14,      1.00,              0.3161,                   0,              0.0074
       182,        15,      1.00,              0.5367,                   0,              0.0294
       182,        17,      1.00,              0.1764,                   0,                   0
       182,        18,      1.00,              0.0368,                   0,                   0
       182,        19,      1.00,              0.1103,                   0,                   0
       182,        20,      1.00,              0.0221,                   0,                   0
       182,        21,      1.00,              0.1029,                   0,              0.0074
       182,        22,      1.00,              0.0515,                   0,                   0
       182,        23,      1.00,              0.1029,                   0,                   0
       182,        24,      1.00,              0.0882,                   0,                   0
       182,        27,      1.00,              0.0809,                   0,              0.0074
       182,        28,      1.00,              0.1985,                   0,              0.0221
       182,        29,      1.00,              0.1103,                   0,              0.0074
       182,        30,      1.00,              0.1397,                   0,              0.0515
       182,        31,      1.00,              0.0515,                   0,              0.0735
       182,        32,      1.00,              0.0515,                   0,              0.0074
       182,        33,      1.00,              0.1617,                   0,              0.0882
       182,        34,      1.00,              0.0147,                   0,                   0
       182,        35,      1.00,              0.1838,                   0,              0.0074
       182,        36,      1.00,                   0,                   0,              0.0147
       182,        37,      1.00,              0.0588,                   0,                   0
       182,        38,      1.00,              0.0809,                   0,                   0
       182,        39,      1.00,              0.1103,                   0,              0.0147
       182,        40,      1.00,              0.0588,                   0,              0.0074
       182,        41,      1.00,              0.3749,                   0,              0.0147
       182,        43,      1.00,              0.1029,                   0,              0.0074
       182,        44,      1.00,              0.0956,                   0,              0.0221
       182,        45,      1.00,              0.2352,                   0,              0.1323
       182,        46,      1.00,              0.0882,                   0,              0.0588
       182,        47,      1.00,              0.0368,                   0,              0.0074
       182,        48,      1.00,              0.0074,                   0,              0.0221
       182,        49,      1.00,              0.0588,                   0,              0.0147
       182,        50,      1.00,              0.0221,                   0,              0.1323
       182,        51,      1.00,              0.0074,                   0,                   0
       182,        52,      1.00,              0.2058,                   0,              0.0074
       182,        54,      1.00,              0.0074,                   0,                   0
       182,        55,      1.00,              0.1323,                   0,              0.0147
       182,        56,      1.00,              0.0809,                   0,              0.0147
       182,        58,      1.00,              0.1911,                   0,              0.0147
       182,        59,      1.00,              0.1323,                   0,              0.0074
       182,        60,      1.00,                   0,                   0,              0.0074
       182,        61,      1.00,              0.2352,                   0,              0.0588
       182,        62,      1.00,              0.0662,                   0,              0.0588
       182,        63,      1.00,              0.1323,                   0,              0.0368
       182,        64,      1.00,              0.1470,                   0,              0.0441
       182,        65,      1.00,              0.1176,                   0,              0.0074
       182,        66,      1.00,              0.0882,                   0,              0.0074
       182,        67,      1.00,              0.2058,                   0,              0.0368
       182,        68,      1.00,              0.0735,                   0,              0.0221
       182,        69,      1.00,              0.0588,                   0,              0.0221
       182,        71,      1.00,              0.0515,                   0,              0.0147
       182,        72,      1.00,              0.0515,                   0,                   0
       182,        73,      1.00,              0.0074,                   0,              0.0147
       182,        74,      1.00,              0.0588,                   0,              0.0074
       182,        75,      1.00,              0.3896,                   0,              0.0735
       182,        76,      1.00,              0.1617,                   0,              0.0588
       182,        77,      1.00,              0.0515,                   0,              0.0662
       182,        78,      1.00,              0.2058,                   0,              0.0147
       182,        79,      1.00,              0.2058,                   0,              0.0368
       182,        80,      1.00,              0.1176,                   0,              0.0221
       182,        81,      1.00,              0.3455,                   0,              0.0441
       182,        82,      1.00,              0.0074,                   0,              0.0074
       182,        83,      1.00,              0.2867,                   0,              0.0735
       182,        84,      1.00,              0.4631,                   0,              0.1103
       182,        85,      1.00,              0.4337,                   0,              0.0515
       182,        86,      1.00,              0.3529,                   0,              0.0441
       182,        87,      1.00,              0.1176,                   0,              0.0074
       182,        88,      1.00,              0.0956,                   0,              0.0074
       182,        89,      1.00,              0.0662,                   0,              0.0074
       182,        90,      1.00,              0.1544,                   0,              0.0294
       182,        91,      1.00,              0.1544,                   0,              0.0221
       182,        92,      1.00,              0.8381,                   0,              0.1250
       182,        93,      1.00,              0.1323,                   0,              0.0221
       182,        94,      1.00,              0.1103,                   0,              0.0515
       182,        95,      1.00,              1.3380,                   0,              0.1103
       182,        96,      1.00,              0.1323,                   0,              0.0368
       182,        97,      1.00,              0.0662,                   0,              0.0368
       182,        98,      1.00,                   0,                   0,              0.0294
       182,        99,      1.00,              0.8822,                   0,              0.0221
       182,       100,      1.00,              1.2497,                   0,              0.1911
       182,       101,      1.00,              1.1027,                   0,              0.0956
       182,       102,      1.00,                   0,                   0,              0.0441
       182,       103,      1.00,              0.5955,                   0,              0.0588
       182,       104,      1.00,              0.3382,                   0,              0.0735
       182,       105,      1.00,              0.4484,                   0,              0.0735
       182,       106,      1.00,              0.3749,                   0,              0.0368
       182,       107,      1.00,              0.3602,                   0,              0.0515
       182,       108,      1.00,              0.0074,                   0,              0.0368
       182,       109,      1.00,              0.1764,                   0,              0.0294
       182,       110,      1.00,              0.0515,                   0,              0.0074
       182,       111,      1.00,              0.1691,                   0,              0.0074
       182,       112,      1.00,              0.1764,                   0,              0.0147
       182,       114,      1.00,              1.5144,                   0,              0.2426
       182,       115,      1.00,                   0,                   0,              0.1103
       182,       116,      1.00,              0.5367,                   0,              0.1029
       182,       117,      1.00,              3.1317,                   0,              0.2279
       182,       118,      1.00,              2.1760,                   0,              0.2205
       182,       119,      1.00,              1.5585,                   0,              0.3382
       182,       120,      1.00,              0.7498,                   0,              0.0588
       182,       121,      1.00,              1.5217,                   0,              0.1544
       182,       122,      1.00,              1.0513,                   0,              0.0735
       182,       123,      1.00,              1.0880,                   0,              0.0956
       182,       124,      1.00,              1.9555,                   0,              0.4778
       182,       125,      1.00,              1.0733,                   0,              0.0882
       182,       126,      1.00,              3.9698,                   0,              0.3896
       182,       127,      1.00,              5.3739,                   0,              0.3088
       182,       128,      1.00,              2.6906,                   0,              0.1691
       182,       129,      1.00,              0.5955,                   0,              0.0515
       182,       130,      1.00,              0.7057,                   0,              0.0294
       182,       131,      1.00,              0.6469,                   0,              0.0735
       182,       132,      1.00,              1.2939,                   0,              0.0441
       182,       133,      1.00,              1.2130,                   0,              0.2132
       182,       134,      1.00,              1.3086,                   0,              0.2279
       182,       135,      1.00,              4.5138,                   0,              0.1617
       182,       136,      1.00,              4.1242,                   0,              0.2132
       182,       137,      1.00,              1.9555,                   0,              0.1103
       182,       138,      1.00,              3.2420,                   0,              0.2647
       182,       139,      1.00,              1.2056,                   0,              0.0368
       182,       140,      1.00,              8.3292,                   0,              0.9263
       182,       141,      1.00,              4.9769,                   0,              0.3602
       182,       142,      1.00,              5.0431,                   0,              0.2794
       182,       143,      1.00,              5.4180,                   0,              0.5514
       182,       144,      1.00,              1.7643,                   0,              0.0662
       182,       145,      1.00,              2.1613,                   0,              0.2499
       182,       146,      1.00,              6.2487,                   0,              1.2350
       182,       147,      1.00,              6.3149,                   0,              0.3308
       182,       148,      1.00,             13.2767,                   0,              0.4484
       182,       149,      1.00,              8.4689,                   0,              0.4484
       182,       150,      1.00,              6.0355,                   0,              0.7646
       182,       151,      1.00,              7.6602,                   0,              0.5734
       182,       152,      1.00,              3.8448,                   0,              0.2720
       182,       153,      1.00,              8.6159,                   0,              0.3455
       182,       154,      1.00,             15.7909,                   0,              0.8969
       182,       155,      1.00,             16.5481,                   0,              0.6837
       182,       156,      1.00,              8.4909,                   0,              0.1029
       182,       157,      1.00,              2.9038,                   0,              0.3676
       182,       158,      1.00,                   0,                   0,              0.1029
       182,       159,      1.00,              0.2205,                   0,              0.0294
       182,       160,      1.00,              4.7637,                   0,              0.3455
       182,       161,      1.00,              8.8805,                   0,              0.5734
       182,       162,      1.00,             11.4756,                   0,              0.6175
       182,       163,      1.00,              0.0147,                   0,              0.0221
       182,       164,      1.00,              9.1746,                   0,              1.0145
       182,       165,      1.00,             11.8799,                   0,              0.5146
       182,       166,      1.00,             26.5902,                   0,              0.9116
       182,       167,      1.00,             21.1648,                   0,              1.0513
       182,       168,      1.00,             24.0833,                   0,              1.7349
       182,       169,      1.00,             14.3941,                   0,              1.0513
       182,       170,      1.00,             15.3131,                   0,              0.6984
       182,       171,      1.00,              0.1470,                   0,              0.0515
       182,       172,      1.00,             41.9694,                   0,              2.0143
       182,       173,      1.00,              6.9471,                   0,              0.2132
       182,       174,      1.00,             34.1475,                   0,              0.5955
       182,       175,      1.00,             22.7160,                   0,              1.4482
       182,       176,      1.00,              5.9326,                   0,              0.2132
       182,       177,      1.00,             36.8087,                   0,              3.7492
       182,       178,      1.00,             37.4409,                   0,              0.6910
       182,       179,      1.00,             67.0819,                   0,              2.3966
       182,       180,      1.00,             13.2547,                   0,              0.3676
       182,       181,      1.00,             64.6780,                   0,              2.5068
       182,       182,      1.00,            174.3910,                   0,              1.7349
       182,       183,      1.00,             33.3829,                   0,              0.5293
       182,       184,      1.00,             39.3229,                   0,              1.0660
       182,       185,      1.00,             32.0303,                   0,              1.0954
       182,       186,      1.00,              9.4540,                   0,              0.3529
       182,       187,      1.00,              7.1088,                   0,              0.2352
       182,       188,      1.00,             25.8771,                   0,              1.4115
       182,       189,      1.00,              7.2044,                   0,              0.4043
       182,       190,      1.00,              6.8883,                   0,              0.4558
       182,       191,      1.00,              0.8895,                   0,              0.0735
       182,       192,      1.00,              7.1162,                   0,              0.8675
       182,       193,      1.00,              2.4554,                   0,              0.0515
       182,       194,      1.00,              0.7572,                   0,              0.1397
       182,       195,      1.00,             17.9816,                   0,              0.3602
       182,       196,      1.00,              2.0216,                   0,              0.2279
       182,       197,      1.00,              0.7351,                   0,              0.1103
       182,       198,      1.00,              2.5877,                   0,              0.1029
       182,       199,      1.00,              0.3823,                   0,              0.0221
       182,       200,      1.00,              1.1101,                   0,              0.0956
       182,       201,      1.00,              4.1462,                   0,              0.1250
       182,       202,      1.00,              1.1836,                   0,              0.0588
       182,       203,      1.00,              1.9849,                   0,              0.0588
       182,       204,      1.00,              0.0221,                   0,              0.1103
       182,       205,      1.00,              0.0735,                   0,              0.0956
       182,       206,      1.00,              0.0074,                   0,              0.0221
       182,       207,      1.00,              2.2422,                   0,              0.1323
       182,       208,      1.00,              0.0588,                   0,              0.0147
       182,       209,      1.00,              0.1250,                   0,              0.0441
       182,       210,      1.00,              0.1250,                   0,              0.0147
       182,       211,      1.00,              0.4705,                   0,              0.1544
       182,       212,      1.00,              1.0145,                   0,              0.4190
       182,       213,      1.00,              1.5070,                   0,              0.1250
       182,       214,      1.00,              0.0147,                   0,              0.0221
       182,       218,      1.00,                   0,                   0,              0.0074
       182,       219,      1.00,                   0,                   0,              0.0074
       182,       224,      1.00,                   0,                   0,              0.0221
       182,       226,      1.00,                   0,                   0,              0.0221
       182,       227,      1.00,                   0,                   0,              0.0221
       182,       228,      1.00,              0.0074,                   0,              0.0515
       182,       229,      1.00,                   0,                   0,              0.0074
       183,         4,      1.00,              0.0441,                   0,                   0
       183,         6,      1.00,              0.0294,                   0,                   0
       183,         7,      1.00,              0.1764,                   0,                   0
       183,         8,      1.00,              0.0588,                   0,              0.0074
       183,         9,      1.00,              0.2058,                   0,                   0
       183,        11,      1.00,              0.0221,                   0,                   0
       183,        12,      1.00,              0.0735,                   0,                   0
       183,        13,      1.00,              0.0368,                   0,                   0
       183,        15,      1.00,              0.2058,                   0,                   0
       183,        18,      1.00,              0.2058,                   0,                   0
       183,        20,      1.00,              0.1029,                   0,                   0
       183,        21,      1.00,              0.3088,                   0,                   0
       183,        22,      1.00,              0.2058,                   0,                   0
       183,        23,      1.00,              0.0294,                   0,                   0
       183,        25,      1.00,              0.0147,                   0,                   0
       183,        28,      1.00,              0.4117,                   0,              0.0074
       183,        31,      1.00,                   0,                   0,              0.0074
       183,        33,      1.00,                   0,                   0,              0.0074
       183,        36,      1.00,              0.0294,                   0,                   0
       183,        37,      1.00,              0.0368,                   0,                   0
       183,        39,      1.00,              0.0294,                   0,                   0
       183,        41,      1.00,                   0,                   0,              0.0074
       183,        43,      1.00,              0.0294,                   0,                   0
       183,        44,      1.00,              0.0662,                   0,              0.0074
       183,        45,      1.00,              0.0294,                   0,              0.0074
       183,        46,      1.00,              0.0441,                   0,              0.0074
       183,        47,      1.00,              0.0074,                   0,                   0
       183,        54,      1.00,              0.0294,                   0,                   0
       183,        55,      1.00,              0.0074,                   0,                   0
       183,        56,      1.00,              0.0294,                   0,              0.0074
       183,        58,      1.00,                   0,                   0,              0.0074
       183,        59,      1.00,              0.0515,                   0,                   0
       183,        60,      1.00,              0.0294,                   0,                   0
       183,        61,      1.00,                   0,                   0,              0.0074
       183,        62,      1.00,              0.4117,                   0,              0.0074
       183,        63,      1.00,                   0,                   0,              0.0074
       183,        64,      1.00,              0.2132,                   0,              0.0074
       183,        65,      1.00,              0.0294,                   0,              0.0074
       183,        66,      1.00,              0.0294,                   0,                   0
       183,        67,      1.00,              0.0074,                   0,              0.0074
       183,        69,      1.00,              0.0294,                   0,                   0
       183,        71,      1.00,              0.0882,                   0,                   0
       183,        72,      1.00,              0.1029,                   0,                   0
       183,        73,      1.00,              0.0294,                   0,                   0
       183,        74,      1.00,              0.0294,                   0,                   0
       183,        75,      1.00,              0.0441,                   0,              0.0074
       183,        77,      1.00,              0.2058,                   0,                   0
       183,        79,      1.00,              0.2132,                   0,              0.0074
       183,        80,      1.00,              0.1323,                   0,                   0
       183,        81,      1.00,              0.0368,                   0,                   0
       183,        83,      1.00,              0.0441,                   0,              0.0074
       183,        84,      1.00,              0.1176,                   0,              0.0074
       183,        85,      1.00,              0.0809,                   0,              0.0074
       183,        86,      1.00,              0.0809,                   0,              0.0074
       183,        90,      1.00,              0.0515,                   0,              0.0074
       183,        91,      1.00,              0.0441,                   0,                   0
       183,        92,      1.00,              0.2352,                   0,              0.0147
       183,        93,      1.00,              0.0809,                   0,                   0
       183,        94,      1.00,              0.0074,                   0,                   0
       183,        95,      1.00,              0.3088,                   0,              0.0074
       183,        97,      1.00,              0.0515,                   0,                   0
       183,        98,      1.00,              0.0588,                   0,                   0
       183,        99,      1.00,              0.2058,                   0,                   0
       183,       100,      1.00,              0.4264,                   0,              0.0221
       183,       101,      1.00,              0.2132,                   0,              0.0074
       183,       102,      1.00,                   0,                   0,              0.0074
       183,       103,      1.00,              0.6249,                   0,              0.0074
       183,       105,      1.00,              0.4190,                   0,              0.0074
       183,       106,      1.00,              0.6175,                   0,                   0
       183,       107,      1.00,              0.4190,                   0,                   0
       183,       110,      1.00,              0.2058,                   0,                   0
       183,       112,      1.00,              0.0294,                   0,                   0
       183,       114,      1.00,              0.9336,                   0,              0.0294
       183,       116,      1.00,              0.4852,                   0,              0.0441
       183,       117,      1.00,              2.3598,                   0,              0.0221
       183,       118,      1.00,              1.3453,                   0,              0.0147
       183,       119,      1.00,              0.4411,                   0,              0.0147
       183,       120,      1.00,              0.0956,                   0,              0.0074
       183,       121,      1.00,              0.2941,                   0,              0.0074
       183,       122,      1.00,              0.1838,                   0,              0.0074
       183,       123,      1.00,              0.4925,                   0,              0.0221
       183,       124,      1.00,              1.1542,                   0,              0.0147
       183,       125,      1.00,              2.1025,                   0,              0.0074
       183,       126,      1.00,              0.9483,                   0,              0.0588
       183,       127,      1.00,              0.8601,                   0,              0.0368
       183,       128,      1.00,              0.6249,                   0,              0.0294
       183,       129,      1.00,              0.1838,                   0,                   0
       183,       130,      1.00,              0.0809,                   0,                   0
       183,       131,      1.00,              0.2132,                   0,                   0
       183,       132,      1.00,              0.3088,                   0,                   0
       183,       133,      1.00,              0.2132,                   0,                   0
       183,       134,      1.00,              0.2132,                   0,                   0
       183,       135,      1.00,              4.4403,                   0,              0.0147
       183,       136,      1.00,              2.5068,                   0,              0.0441
       183,       137,      1.00,              1.0439,                   0,              0.0147
       183,       138,      1.00,              1.2644,                   0,              0.0294
       183,       139,      1.00,              0.0074,                   0,              0.0074
       183,       140,      1.00,              2.4995,                   0,              0.0294
       183,       141,      1.00,              1.3380,                   0,              0.0515
       183,       142,      1.00,              1.5217,                   0,              0.0588
       183,       143,      1.00,              1.1836,                   0,              0.0515
       183,       144,      1.00,              0.5661,                   0,              0.0074
       183,       145,      1.00,              0.6616,                   0,              0.0221
       183,       146,      1.00,              1.1836,                   0,              0.0441
       183,       147,      1.00,              1.0586,                   0,              0.0294
       183,       148,      1.00,              2.4995,                   0,              0.0441
       183,       149,      1.00,              1.3600,                   0,              0.0662
       183,       150,      1.00,              1.8746,                   0,              0.0441
       183,       151,      1.00,              1.3894,                   0,              0.1029
       183,       152,      1.00,              0.5367,                   0,              0.0515
       183,       153,      1.00,              1.7717,                   0,              0.0662
       183,       154,      1.00,              5.0431,                   0,              0.1397
       183,       155,      1.00,              3.9257,                   0,              0.1103
       183,       156,      1.00,              1.3453,                   0,              0.0221
       183,       157,      1.00,              2.6906,                   0,              0.0221
       183,       159,      1.00,              0.0147,                   0,              0.0074
       183,       160,      1.00,              1.4629,                   0,              0.0147
       183,       161,      1.00,              1.9040,                   0,              0.1103
       183,       162,      1.00,              5.3371,                   0,              0.1617
       183,       163,      1.00,              0.1985,                   0,              0.0074
       183,       164,      1.00,              8.1381,                   0,              0.2794
       183,       165,      1.00,              2.2422,                   0,              0.0735
       183,       166,      1.00,              4.8373,                   0,              0.1176
       183,       167,      1.00,              5.3739,                   0,              0.1323
       183,       168,      1.00,              7.0280,                   0,              0.0882
       183,       169,      1.00,              3.8448,                   0,              0.0735
       183,       170,      1.00,              8.1748,                   0,              0.0956
       183,       171,      1.00,              0.0735,                   0,              0.0074
       183,       172,      1.00,             35.1546,                   0,              0.3235
       183,       173,      1.00,             10.2112,                   0,              0.0662
       183,       174,      1.00,             40.9402,                   0,              0.2426
       183,       175,      1.00,             15.4086,                   0,              0.1397
       183,       176,      1.00,              8.6747,                   0,              0.0735
       183,       177,      1.00,             14.0633,                   0,              0.1470
       183,       178,      1.00,              5.9988,                   0,              0.1544
       183,       179,      1.00,             13.9751,                   0,              0.3896
       183,       180,      1.00,              1.2718,                   0,              0.0515
       183,       181,      1.00,             28.6412,                   0,              0.4043
       183,       182,      1.00,             36.4852,                   0,              0.5293
       183,       183,      1.00,             80.2337,                   0,              0.2058
       183,       184,      1.00,             37.3159,                   0,              0.5514
       183,       185,      1.00,             45.9906,                   0,              0.3823
       183,       186,      1.00,             11.9976,                   0,              0.1470
       183,       187,      1.00,              8.1381,                   0,              0.0294
       183,       188,      1.00,             35.9559,                   0,              0.4999
       183,       189,      1.00,              7.1897,                   0,              0.0956
       183,       190,      1.00,              6.5428,                   0,              0.1985
       183,       191,      1.00,              0.9189,                   0,              0.0294
       183,       192,      1.00,             15.5336,                   0,              0.1323
       183,       193,      1.00,              3.7566,                   0,              0.0221
       183,       194,      1.00,              0.4411,                   0,              0.0294
       183,       195,      1.00,             19.2240,                   0,              0.3235
       183,       196,      1.00,              3.4552,                   0,              0.0882
       183,       197,      1.00,              1.9261,                   0,              0.0515
       183,       198,      1.00,              4.0801,                   0,              0.0441
       183,       199,      1.00,              0.8601,                   0,              0.0074
       183,       200,      1.00,              0.7351,                   0,              0.0441
       183,       201,      1.00,              8.4689,                   0,              0.0588
       183,       202,      1.00,              2.7053,                   0,              0.0221
       183,       203,      1.00,              0.8601,                   0,              0.0221
       183,       204,      1.00,              1.3527,                   0,              0.0441
       183,       205,      1.00,              0.4190,                   0,              0.0221
       183,       206,      1.00,              1.4041,                   0,              0.0074
       183,       207,      1.00,              1.6247,                   0,              0.0515
       183,       209,      1.00,              0.0588,                   0,              0.0074
       183,       210,      1.00,              0.0588,                   0,                   0
       183,       211,      1.00,              0.4484,                   0,              0.0441
       183,       212,      1.00,              1.1468,                   0,              0.1250
       183,       213,      1.00,              0.7057,                   0,              0.0147
       183,       214,      1.00,              0.2352,                   0,              0.0074
       183,       224,      1.00,                   0,                   0,              0.0074
       183,       226,      1.00,                   0,                   0,              0.0074
       183,       227,      1.00,                   0,                   0,              0.0074
       183,       228,      1.00,              0.0074,                   0,              0.0221
       183,       229,      1.00,                   0,                   0,              0.0074
       184,         1,      1.00,              0.0662,                   0,                   0
       184,         2,      1.00,              0.0147,                   0,                   0
       184,         7,      1.00,              0.2058,                   0,                   0
       184,         8,      1.00,              0.1691,                   0,                   0
       184,         9,      1.00,              0.6469,                   0,                   0
       184,        11,      1.00,              0.0588,                   0,                   0
       184,        12,      1.00,              0.1323,                   0,                   0
       184,        13,      1.00,              0.1250,                   0,                   0
       184,        15,      1.00,              0.6175,                   0,                   0
       184,        19,      1.00,              0.2058,                   0,                   0
       184,        23,      1.00,              0.0074,                   0,                   0
       184,        28,      1.00,              0.2058,                   0,                   0
       184,        32,      1.00,              0.2058,                   0,                   0
       184,        34,      1.00,              0.0221,                   0,                   0
       184,        35,      1.00,              0.0882,                   0,                   0
       184,        36,      1.00,              0.0294,                   0,                   0
       184,        38,      1.00,              0.0294,                   0,                   0
       184,        39,      1.00,              0.0294,                   0,                   0
       184,        40,      1.00,              0.0515,                   0,                   0
       184,        41,      1.00,              0.0294,                   0,                   0
       184,        43,      1.00,              0.0294,                   0,                   0
       184,        45,      1.00,              0.0882,                   0,              0.0441
       184,        46,      1.00,              0.0221,                   0,              0.0074
       184,        47,      1.00,              0.0221,                   0,                   0
       184,        48,      1.00,              0.0074,                   0,                   0
       184,        49,      1.00,              0.0515,                   0,                   0
       184,        50,      1.00,              0.0221,                   0,                   0
       184,        52,      1.00,              0.0515,                   0,                   0
       184,        54,      1.00,              0.0074,                   0,                   0
       184,        55,      1.00,              0.0809,                   0,                   0
       184,        56,      1.00,              0.0294,                   0,                   0
       184,        58,      1.00,              0.0294,                   0,                   0
       184,        59,      1.00,              0.1103,                   0,                   0
       184,        60,      1.00,              0.0735,                   0,                   0
       184,        61,      1.00,              0.0074,                   0,              0.0074
       184,        62,      1.00,              0.0588,                   0,                   0
       184,        63,      1.00,              0.1029,                   0,              0.0074
       184,        64,      1.00,              0.0074,                   0,                   0
       184,        65,      1.00,              0.0735,                   0,                   0
       184,        67,      1.00,              0.2647,                   0,                   0
       184,        68,      1.00,              0.0515,                   0,                   0
       184,        75,      1.00,              0.0809,                   0,              0.0074
       184,        76,      1.00,              0.2058,                   0,                   0
       184,        78,      1.00,                   0,                   0,              0.0074
       184,        79,      1.00,              0.2132,                   0,              0.0074
       184,        80,      1.00,              0.0735,                   0,              0.0074
       184,        81,      1.00,              0.0221,                   0,              0.0147
       184,        83,      1.00,              0.1103,                   0,              0.0074
       184,        84,      1.00,              0.1103,                   0,              0.0147
       184,        85,      1.00,              0.1691,                   0,              0.0074
       184,        86,      1.00,              0.0809,                   0,              0.0074
       184,        87,      1.00,              0.0294,                   0,                   0
       184,        88,      1.00,              0.0368,                   0,                   0
       184,        90,      1.00,              0.1029,                   0,                   0
       184,        91,      1.00,              0.0515,                   0,                   0
       184,        92,      1.00,              0.5220,                   0,              0.0221
       184,        93,      1.00,              0.0809,                   0,                   0
       184,        94,      1.00,              0.0588,                   0,              0.0074
       184,        95,      1.00,              0.5734,                   0,              0.0147
       184,        99,      1.00,              0.4117,                   0,                   0
       184,       100,      1.00,              0.3235,                   0,              0.0147
       184,       101,      1.00,              0.0074,                   0,              0.0074
       184,       102,      1.00,                   0,                   0,              0.0147
       184,       103,      1.00,              0.3161,                   0,                   0
       184,       104,      1.00,              0.0882,                   0,                   0
       184,       105,      1.00,              0.0074,                   0,              0.0074
       184,       106,      1.00,              0.6175,                   0,                   0
       184,       107,      1.00,              0.0074,                   0,              0.0074
       184,       108,      1.00,              0.2132,                   0,                   0
       184,       109,      1.00,              0.0074,                   0,                   0
       184,       112,      1.00,              0.0735,                   0,                   0
       184,       114,      1.00,              0.6249,                   0,              0.1029
       184,       115,      1.00,                   0,                   0,              0.0441
       184,       116,      1.00,              0.4337,                   0,              0.0735
       184,       117,      1.00,              3.0803,                   0,              0.0294
       184,       118,      1.00,              0.7278,                   0,              0.0147
       184,       119,      1.00,              0.3382,                   0,              0.1029
       184,       120,      1.00,              0.1838,                   0,              0.0074
       184,       121,      1.00,              0.4631,                   0,              0.0221
       184,       122,      1.00,              0.2794,                   0,              0.0147
       184,       123,      1.00,              0.3749,                   0,              0.0294
       184,       124,      1.00,              0.0294,                   0,              0.0221
       184,       125,      1.00,              0.4484,                   0,              0.0147
       184,       126,      1.00,              0.7131,                   0,              0.1544
       184,       127,      1.00,              1.2277,                   0,              0.0368
       184,       128,      1.00,              0.5072,                   0,              0.0368
       184,       129,      1.00,              0.1323,                   0,              0.0074
       184,       130,      1.00,              0.3088,                   0,                   0
       184,       131,      1.00,              0.2132,                   0,                   0
       184,       132,      1.00,              0.2720,                   0,              0.0074
       184,       133,      1.00,              0.0074,                   0,              0.0074
       184,       134,      1.00,              0.3161,                   0,                   0
       184,       135,      1.00,              1.4703,                   0,              0.0147
       184,       136,      1.00,              1.5585,                   0,              0.0515
       184,       137,      1.00,              0.8454,                   0,              0.0221
       184,       138,      1.00,              1.8746,                   0,              0.0588
       184,       139,      1.00,              0.2132,                   0,              0.0147
       184,       140,      1.00,              1.8526,                   0,              0.0662
       184,       141,      1.00,              1.0366,                   0,              0.0662
       184,       142,      1.00,              1.6614,                   0,              0.0662
       184,       143,      1.00,              1.0880,                   0,              0.1764
       184,       144,      1.00,              0.9704,                   0,              0.0074
       184,       145,      1.00,              0.7572,                   0,              0.0662
       184,       146,      1.00,              1.5585,                   0,              0.0956
       184,       147,      1.00,              1.7864,                   0,              0.0588
       184,       148,      1.00,              3.1244,                   0,              0.0809
       184,       149,      1.00,              1.9996,                   0,              0.2205
       184,       150,      1.00,              1.2644,                   0,              0.1250
       184,       151,      1.00,              2.4995,                   0,              0.1911
       184,       152,      1.00,              0.9336,                   0,              0.0956
       184,       153,      1.00,              1.0733,                   0,              0.1470
       184,       154,      1.00,              4.1683,                   0,              0.2205
       184,       155,      1.00,              2.8744,                   0,              0.2132
       184,       156,      1.00,              1.2424,                   0,              0.0294
       184,       157,      1.00,              2.1393,                   0,              0.0441
       184,       159,      1.00,              0.0147,                   0,              0.0074
       184,       160,      1.00,              0.3382,                   0,              0.0294
       184,       161,      1.00,              1.7276,                   0,              0.1764
       184,       162,      1.00,              2.8083,                   0,              0.1911
       184,       163,      1.00,              0.1985,                   0,              0.0074
       184,       164,      1.00,              5.2195,                   0,              0.3382
       184,       165,      1.00,              2.5951,                   0,              0.1029
       184,       166,      1.00,              3.5949,                   0,              0.1838
       184,       167,      1.00,              5.0284,                   0,              0.3970
       184,       168,      1.00,              5.1093,                   0,              0.2647
       184,       169,      1.00,              2.9773,                   0,              0.1985
       184,       170,      1.00,              8.6012,                   0,              0.1470
       184,       171,      1.00,                   0,                   0,              0.0294
       184,       172,      1.00,             28.3472,                   0,              0.8528
       184,       173,      1.00,              5.5430,                   0,              0.1985
       184,       174,      1.00,             23.2747,                   0,              0.3676
       184,       175,      1.00,             11.9535,                   0,              0.1764
       184,       176,      1.00,              4.1903,                   0,              0.2279
       184,       177,      1.00,             12.8062,                   0,              0.5514
       184,       178,      1.00,              4.6094,                   0,              0.3382
       184,       179,      1.00,             10.7846,                   0,              0.9557
       184,       180,      1.00,              2.9185,                   0,              0.0809
       184,       181,      1.00,             21.7970,                   0,              0.9557
       184,       182,      1.00,             31.6994,                   0,              1.0660
       184,       183,      1.00,             29.0162,                   0,              0.5514
       184,       184,      1.00,            119.3066,                   0,              1.2203
       184,       185,      1.00,             85.4679,                   0,              1.2497
       184,       186,      1.00,             13.4678,                   0,              0.3602
       184,       187,      1.00,             25.2743,                   0,              0.4778
       184,       188,      1.00,             44.2557,                   0,              1.5953
       184,       189,      1.00,              8.7188,                   0,              0.3235
       184,       190,      1.00,             11.7035,                   0,              0.5220
       184,       191,      1.00,              1.6614,                   0,              0.0809
       184,       192,      1.00,             22.3557,                   0,              1.4041
       184,       193,      1.00,              4.6755,                   0,              0.0662
       184,       194,      1.00,              1.8526,                   0,              0.2499
       184,       195,      1.00,             51.1367,                   0,              0.8087
       184,       196,      1.00,              5.8076,                   0,              0.3088
       184,       197,      1.00,              2.8377,                   0,              0.1691
       184,       198,      1.00,              6.9839,                   0,              0.1323
       184,       199,      1.00,              0.4484,                   0,              0.0294
       184,       200,      1.00,              1.2792,                   0,              0.1250
       184,       201,      1.00,              9.3216,                   0,              0.1617
       184,       202,      1.00,              1.2865,                   0,              0.0809
       184,       203,      1.00,              5.2048,                   0,              0.0882
       184,       204,      1.00,              1.8893,                   0,              0.1470
       184,       205,      1.00,              0.7425,                   0,              0.1617
       184,       206,      1.00,              1.5512,                   0,              0.0368
       184,       207,      1.00,              3.8080,                   0,              0.1985
       184,       208,      1.00,              0.0662,                   0,                   0
       184,       209,      1.00,              0.0368,                   0,              0.0074
       184,       210,      1.00,              0.0294,                   0,                   0
       184,       211,      1.00,              0.7278,                   0,              0.0441
       184,       212,      1.00,              0.5661,                   0,              0.0956
       184,       213,      1.00,              0.9630,                   0,              0.0368
       184,       214,      1.00,              0.2352,                   0,              0.0074
       184,       224,      1.00,                   0,                   0,              0.0147
       184,       226,      1.00,                   0,                   0,              0.0074
       184,       227,      1.00,                   0,                   0,              0.0147
       184,       228,      1.00,              0.0074,                   0,              0.0515
       184,       229,      1.00,                   0,                   0,              0.0074
       185,         1,      1.00,              0.0294,                   0,                   0
       185,         2,      1.00,              0.0221,                   0,                   0
       185,         6,      1.00,              0.0294,                   0,                   0
       185,         7,      1.00,              0.1764,                   0,                   0
       185,         8,      1.00,              0.2132,                   0,                   0
       185,         9,      1.00,              0.0588,                   0,                   0
       185,        11,      1.00,              0.0809,                   0,                   0
       185,        12,      1.00,              0.0956,                   0,                   0
       185,        13,      1.00,              0.2132,                   0,                   0
       185,        14,      1.00,              0.4117,                   0,                   0
       185,        15,      1.00,              0.5734,                   0,                   0
       185,        21,      1.00,              0.4117,                   0,              0.0074
       185,        23,      1.00,              0.0368,                   0,                   0
       185,        28,      1.00,              0.2058,                   0,                   0
       185,        35,      1.00,              0.0221,                   0,                   0
       185,        36,      1.00,              0.0956,                   0,                   0
       185,        39,      1.00,              0.0294,                   0,                   0
       185,        41,      1.00,              0.0809,                   0,                   0
       185,        44,      1.00,              0.1029,                   0,                   0
       185,        45,      1.00,              0.1397,                   0,              0.0074
       185,        46,      1.00,              0.0956,                   0,              0.0074
       185,        48,      1.00,              0.0074,                   0,                   0
       185,        49,      1.00,              0.0294,                   0,                   0
       185,        50,      1.00,              0.0441,                   0,                   0
       185,        52,      1.00,              0.1029,                   0,                   0
       185,        54,      1.00,              0.4117,                   0,                   0
       185,        55,      1.00,              0.0147,                   0,                   0
       185,        56,      1.00,              0.0294,                   0,                   0
       185,        58,      1.00,              0.0368,                   0,                   0
       185,        60,      1.00,              0.2058,                   0,                   0
       185,        61,      1.00,              0.2132,                   0,              0.0074
       185,        62,      1.00,              0.2058,                   0,                   0
       185,        63,      1.00,                   0,                   0,              0.0074
       185,        64,      1.00,              0.0074,                   0,                   0
       185,        65,      1.00,              0.2058,                   0,                   0
       185,        67,      1.00,              0.1176,                   0,                   0
       185,        68,      1.00,              0.0956,                   0,                   0
       185,        72,      1.00,              0.2058,                   0,                   0
       185,        76,      1.00,              0.2058,                   0,                   0
       185,        79,      1.00,              0.4117,                   0,              0.0074
       185,        81,      1.00,              0.0294,                   0,                   0
       185,        83,      1.00,              0.1103,                   0,                   0
       185,        84,      1.00,              0.1911,                   0,              0.0074
       185,        85,      1.00,              0.1838,                   0,              0.0074
       185,        86,      1.00,              0.0809,                   0,              0.0074
       185,        90,      1.00,              0.0956,                   0,                   0
       185,        91,      1.00,              0.0515,                   0,                   0
       185,        92,      1.00,              0.3676,                   0,              0.0221
       185,        94,      1.00,              0.0294,                   0,                   0
       185,        95,      1.00,              0.3014,                   0,              0.0074
       185,        98,      1.00,              0.1029,                   0,                   0
       185,        99,      1.00,              0.2647,                   0,                   0
       185,       100,      1.00,              0.6322,                   0,                   0
       185,       101,      1.00,              0.4190,                   0,                   0
       185,       102,      1.00,              0.0662,                   0,              0.0074
       185,       103,      1.00,              0.2132,                   0,                   0
       185,       104,      1.00,              0.4117,                   0,                   0
       185,       105,      1.00,              0.4190,                   0,                   0
       185,       106,      1.00,              0.2720,                   0,                   0
       185,       107,      1.00,              0.4190,                   0,                   0
       185,       108,      1.00,              0.0074,                   0,                   0
       185,       109,      1.00,              0.2132,                   0,                   0
       185,       112,      1.00,              0.1103,                   0,                   0
       185,       114,      1.00,              1.2424,                   0,              0.0368
       185,       115,      1.00,                   0,                   0,              0.0074
       185,       116,      1.00,              0.3308,                   0,              0.0735
       185,       117,      1.00,              3.3670,                   0,              0.0147
       185,       118,      1.00,              1.5512,                   0,              0.0147
       185,       119,      1.00,              0.3749,                   0,              0.0221
       185,       120,      1.00,              0.1323,                   0,              0.0074
       185,       121,      1.00,              0.5661,                   0,              0.0147
       185,       122,      1.00,              0.3014,                   0,              0.0147
       185,       123,      1.00,              0.6543,                   0,              0.0294
       185,       124,      1.00,              0.4411,                   0,                   0
       185,       125,      1.00,              1.3306,                   0,                   0
       185,       126,      1.00,              0.9704,                   0,              0.0441
       185,       127,      1.00,              1.3306,                   0,              0.0147
       185,       128,      1.00,              0.5514,                   0,              0.0294
       185,       129,      1.00,              0.1691,                   0,                   0
       185,       130,      1.00,              0.2426,                   0,                   0
       185,       131,      1.00,              0.0074,                   0,                   0
       185,       132,      1.00,              0.3308,                   0,                   0
       185,       133,      1.00,              0.0074,                   0,                   0
       185,       134,      1.00,              0.2132,                   0,                   0
       185,       135,      1.00,              3.3376,                   0,                   0
       185,       136,      1.00,              4.1977,                   0,              0.0147
       185,       137,      1.00,              1.6026,                   0,              0.0074
       185,       138,      1.00,              2.6098,                   0,                   0
       185,       139,      1.00,              0.0147,                   0,                   0
       185,       140,      1.00,              2.1025,                   0,              0.0147
       185,       141,      1.00,              1.3894,                   0,              0.0588
       185,       142,      1.00,              1.1762,                   0,              0.0735
       185,       143,      1.00,              1.2865,                   0,              0.0441
       185,       144,      1.00,              0.5440,                   0,              0.0074
       185,       145,      1.00,              0.6175,                   0,              0.0147
       185,       146,      1.00,              1.7423,                   0,              0.0368
       185,       147,      1.00,              1.3968,                   0,              0.0221
       185,       148,      1.00,              1.9334,                   0,              0.0515
       185,       149,      1.00,              3.1097,                   0,              0.0956
       185,       150,      1.00,              2.4113,                   0,              0.0662
       185,       151,      1.00,              0.8528,                   0,              0.1176
       185,       152,      1.00,              0.6396,                   0,              0.0588
       185,       153,      1.00,              1.1101,                   0,              0.0735
       185,       154,      1.00,              2.7935,                   0,              0.1544
       185,       155,      1.00,              2.9112,                   0,              0.1323
       185,       156,      1.00,              1.4115,                   0,              0.0294
       185,       157,      1.00,              2.1834,                   0,              0.0368
       185,       159,      1.00,              0.2205,                   0,                   0
       185,       160,      1.00,              1.2644,                   0,              0.0074
       185,       161,      1.00,              2.4039,                   0,              0.1691
       185,       162,      1.00,              6.6825,                   0,              0.1103
       185,       163,      1.00,              0.1985,                   0,                   0
       185,       164,      1.00,             11.2845,                   0,              0.1544
       185,       165,      1.00,              2.0952,                   0,              0.0735
       185,       166,      1.00,              4.6608,                   0,              0.1176
       185,       167,      1.00,              4.1021,                   0,              0.1029
       185,       168,      1.00,              5.5136,                   0,              0.0956
       185,       169,      1.00,              4.3447,                   0,              0.0956
       185,       170,      1.00,              9.9171,                   0,              0.0956
       185,       171,      1.00,                   0,                   0,              0.0147
       185,       172,      1.00,             53.7097,                   0,              0.7351
       185,       173,      1.00,              8.3586,                   0,              0.0662
       185,       174,      1.00,             53.5479,                   0,              0.4558
       185,       175,      1.00,             18.9373,                   0,              0.2132
       185,       176,      1.00,              7.2191,                   0,              0.0662
       185,       177,      1.00,             12.7033,                   0,              0.1029
       185,       178,      1.00,              4.4844,                   0,              0.2941
       185,       179,      1.00,              7.9910,                   0,              0.7572
       185,       180,      1.00,              2.1613,                   0,              0.0662
       185,       181,      1.00,             16.2614,                   0,              0.4190
       185,       182,      1.00,             24.7156,                   0,              1.0954
       185,       183,      1.00,             36.8896,                   0,              0.3823
       185,       184,      1.00,             84.6004,                   0,              1.2497
       185,       185,      1.00,            145.7792,                   0,              0.9336
       185,       186,      1.00,             25.1125,                   0,              0.3014
       185,       187,      1.00,             28.1781,                   0,              0.4411
       185,       188,      1.00,             69.9049,                   0,              1.6247
       185,       189,      1.00,             18.9667,                   0,              0.1985
       185,       190,      1.00,             20.9590,                   0,              0.5367
       185,       191,      1.00,              2.9553,                   0,              0.1691
       185,       192,      1.00,             31.4201,                   0,              1.4997
       185,       193,      1.00,              5.3077,                   0,              0.1617
       185,       194,      1.00,              2.6612,                   0,              0.2352
       185,       195,      1.00,             51.8130,                   0,              0.9998
       185,       196,      1.00,              6.9618,                   0,              0.5440
       185,       197,      1.00,              3.6831,                   0,              0.3823
       185,       198,      1.00,              6.6972,                   0,              0.2132
       185,       199,      1.00,              0.8234,                   0,              0.0588
       185,       200,      1.00,              1.8967,                   0,              0.1764
       185,       201,      1.00,             12.3210,                   0,              0.3308
       185,       202,      1.00,              2.5951,                   0,              0.1544
       185,       203,      1.00,              6.0870,                   0,              0.1397
       185,       204,      1.00,              1.3747,                   0,              0.2720
       185,       205,      1.00,              1.1542,                   0,              0.3749
       185,       206,      1.00,              0.2132,                   0,              0.1029
       185,       207,      1.00,              3.1905,                   0,              0.4484
       185,       208,      1.00,              0.0294,                   0,                   0
       185,       209,      1.00,              0.1323,                   0,              0.0074
       185,       211,      1.00,              0.4631,                   0,              0.0074
       185,       212,      1.00,              0.7204,                   0,              0.0588
       185,       213,      1.00,              0.7572,                   0,              0.0294
       185,       214,      1.00,              0.2352,                   0,                   0
       185,       224,      1.00,                   0,                   0,              0.0147
       185,       226,      1.00,                   0,                   0,              0.0147
       185,       227,      1.00,                   0,                   0,              0.0147
       185,       228,      1.00,              0.0147,                   0,              0.0515
       185,       229,      1.00,                   0,                   0,              0.0074
       186,        15,      1.00,              0.2058,                   0,                   0
       186,        32,      1.00,              0.0588,                   0,                   0
       186,        35,      1.00,              0.1029,                   0,                   0
       186,        42,      1.00,              0.2058,                   0,                   0
       186,        46,      1.00,              0.2058,                   0,                   0
       186,        59,      1.00,              0.1029,                   0,                   0
       186,        61,      1.00,                   0,                   0,              0.0074
       186,        62,      1.00,              0.4117,                   0,                   0
       186,        63,      1.00,                   0,                   0,              0.0074
       186,        68,      1.00,              0.2058,                   0,                   0
       186,        78,      1.00,              0.2058,                   0,                   0
       186,        79,      1.00,              0.2720,                   0,              0.0074
       186,        81,      1.00,              0.0147,                   0,                   0
       186,        84,      1.00,              0.0515,                   0,                   0
       186,        85,      1.00,              0.0294,                   0,                   0
       186,        86,      1.00,              0.1029,                   0,                   0
       186,        92,      1.00,              0.1029,                   0,              0.0074
       186,        95,      1.00,              0.2132,                   0,                   0
       186,       100,      1.00,              0.1103,                   0,              0.0074
       186,       101,      1.00,              0.0662,                   0,              0.0074
       186,       103,      1.00,              0.2132,                   0,              0.0074
       186,       105,      1.00,              0.0074,                   0,              0.0074
       186,       106,      1.00,              0.0074,                   0,                   0
       186,       107,      1.00,              0.0074,                   0,                   0
       186,       109,      1.00,              0.1103,                   0,                   0
       186,       114,      1.00,              0.0074,                   0,              0.0221
       186,       116,      1.00,              0.4264,                   0,              0.0441
       186,       117,      1.00,              1.3747,                   0,              0.0074
       186,       118,      1.00,              1.1321,                   0,              0.0074
       186,       119,      1.00,              0.0809,                   0,              0.0074
       186,       120,      1.00,              0.1103,                   0,                   0
       186,       121,      1.00,              0.1103,                   0,              0.0074
       186,       122,      1.00,              0.1029,                   0,              0.0074
       186,       123,      1.00,              0.2132,                   0,              0.0147
       186,       124,      1.00,              0.3235,                   0,                   0
       186,       125,      1.00,              0.4264,                   0,                   0
       186,       126,      1.00,              0.3970,                   0,              0.0221
       186,       127,      1.00,              0.3970,                   0,              0.0074
       186,       128,      1.00,              0.2205,                   0,              0.0147
       186,       129,      1.00,              0.0809,                   0,                   0
       186,       131,      1.00,              0.3088,                   0,                   0
       186,       132,      1.00,              0.2058,                   0,                   0
       186,       135,      1.00,              0.4852,                   0,                   0
       186,       136,      1.00,              0.6175,                   0,              0.0147
       186,       137,      1.00,              0.6543,                   0,              0.0074
       186,       138,      1.00,              1.3159,                   0,              0.0074
       186,       139,      1.00,              0.1103,                   0,                   0
       186,       140,      1.00,              1.3600,                   0,              0.0074
       186,       141,      1.00,              0.4631,                   0,              0.0221
       186,       142,      1.00,              0.5661,                   0,              0.0294
       186,       143,      1.00,              0.5293,                   0,              0.0147
       186,       144,      1.00,              0.1764,                   0,                   0
       186,       145,      1.00,              0.6175,                   0,              0.0074
       186,       146,      1.00,              0.8234,                   0,              0.0221
       186,       147,      1.00,              0.0221,                   0,              0.0074
       186,       148,      1.00,              2.3451,                   0,              0.0147
       186,       149,      1.00,              0.8381,                   0,              0.0368
       186,       150,      1.00,              0.6910,                   0,              0.0294
       186,       151,      1.00,              0.0294,                   0,              0.0441
       186,       152,      1.00,              0.4190,                   0,              0.0221
       186,       153,      1.00,              0.6249,                   0,              0.0294
       186,       154,      1.00,              1.2644,                   0,              0.0662
       186,       155,      1.00,              0.3014,                   0,              0.0515
       186,       156,      1.00,              0.9263,                   0,              0.0074
       186,       157,      1.00,              2.3451,                   0,              0.0441
       186,       159,      1.00,              0.2132,                   0,                   0
       186,       160,      1.00,              0.4264,                   0,                   0
       186,       161,      1.00,              1.1468,                   0,              0.0735
       186,       162,      1.00,              6.2120,                   0,              0.0735
       186,       163,      1.00,              0.0074,                   0,                   0
       186,       164,      1.00,              7.5205,                   0,              0.1323
       186,       165,      1.00,              1.0586,                   0,              0.0294
       186,       166,      1.00,              0.7351,                   0,              0.0441
       186,       167,      1.00,              1.7864,                   0,              0.0368
       186,       168,      1.00,              1.4409,                   0,              0.0441
       186,       169,      1.00,              1.0880,                   0,              0.0368
       186,       170,      1.00,              7.7337,                   0,              0.1029
       186,       171,      1.00,              1.0366,                   0,              0.0147
       186,       172,      1.00,             59.0468,                   0,              0.7940
       186,       173,      1.00,              3.2787,                   0,              0.0074
       186,       174,      1.00,             46.4832,                   0,              0.2132
       186,       175,      1.00,             16.5702,                   0,              0.1397
       186,       176,      1.00,              2.4186,                   0,              0.0074
       186,       177,      1.00,              4.9769,                   0,              0.0441
       186,       178,      1.00,              3.5507,                   0,              0.0735
       186,       179,      1.00,              4.6388,                   0,              0.2499
       186,       180,      1.00,              0.8381,                   0,              0.0221
       186,       181,      1.00,             10.5714,                   0,              0.1323
       186,       182,      1.00,             11.8799,                   0,              0.3529
       186,       183,      1.00,             14.0927,                   0,              0.1470
       186,       184,      1.00,             17.1068,                   0,              0.3602
       186,       185,      1.00,             29.7292,                   0,              0.3014
       186,       186,      1.00,             32.0450,                   0,              0.1544
       186,       187,      1.00,              6.9839,                   0,              0.1544
       186,       188,      1.00,             47.6153,                   0,              0.9851
       186,       189,      1.00,             21.0178,                   0,              0.1250
       186,       190,      1.00,             13.0121,                   0,              0.2867
       186,       191,      1.00,              1.4041,                   0,              0.1176
       186,       192,      1.00,             13.7251,                   0,              0.6984
       186,       193,      1.00,              2.7421,                   0,              0.1029
       186,       194,      1.00,              0.2426,                   0,              0.0882
       186,       195,      1.00,             15.0558,                   0,              0.6763
       186,       196,      1.00,              4.4256,                   0,              0.4043
       186,       197,      1.00,              2.4186,                   0,              0.3235
       186,       198,      1.00,              3.4699,                   0,              0.1397
       186,       199,      1.00,              0.5220,                   0,              0.0441
       186,       200,      1.00,              0.3308,                   0,              0.1103
       186,       201,      1.00,              5.9326,                   0,              0.2132
       186,       202,      1.00,              1.6026,                   0,              0.1103
       186,       203,      1.00,              2.1099,                   0,              0.0956
       186,       204,      1.00,              0.2279,                   0,              0.1911
       186,       205,      1.00,              0.2132,                   0,              0.2426
       186,       206,      1.00,              1.0292,                   0,              0.0662
       186,       207,      1.00,              1.4262,                   0,              0.3455
       186,       211,      1.00,              0.6396,                   0,                   0
       186,       212,      1.00,              1.2130,                   0,              0.0074
       186,       213,      1.00,              0.8013,                   0,              0.0294
       186,       214,      1.00,              0.0074,                   0,                   0
       186,       224,      1.00,                   0,                   0,              0.0074
       186,       226,      1.00,                   0,                   0,              0.0074
       186,       227,      1.00,                   0,                   0,              0.0147
       186,       228,      1.00,              0.0074,                   0,              0.0294
       186,       229,      1.00,                   0,                   0,              0.0074
       187,         6,      1.00,              0.0294,                   0,                   0
       187,         7,      1.00,              0.1764,                   0,                   0
       187,        15,      1.00,              0.2058,                   0,                   0
       187,        19,      1.00,              0.2058,                   0,                   0
       187,        28,      1.00,              0.2058,                   0,                   0
       187,        37,      1.00,              0.2058,                   0,                   0
       187,        41,      1.00,              0.2058,                   0,                   0
       187,        43,      1.00,              0.0588,                   0,                   0
       187,        49,      1.00,              0.1029,                   0,                   0
       187,        53,      1.00,              0.2058,                   0,                   0
       187,        54,      1.00,              0.2058,                   0,                   0
       187,        58,      1.00,              0.2058,                   0,                   0
       187,        60,      1.00,              0.1029,                   0,                   0
       187,        61,      1.00,              0.2058,                   0,                   0
       187,        65,      1.00,              0.0588,                   0,                   0
       187,        81,      1.00,              0.0074,                   0,                   0
       187,        84,      1.00,              0.0147,                   0,                   0
       187,        85,      1.00,              0.0515,                   0,                   0
       187,        86,      1.00,              0.1029,                   0,                   0
       187,        91,      1.00,              0.0294,                   0,                   0
       187,        92,      1.00,              0.1250,                   0,                   0
       187,        93,      1.00,              0.0294,                   0,                   0
       187,        95,      1.00,              0.3088,                   0,                   0
       187,        97,      1.00,              0.0956,                   0,                   0
       187,        98,      1.00,              0.1103,                   0,                   0
       187,        99,      1.00,              0.2058,                   0,                   0
       187,       105,      1.00,              0.2058,                   0,                   0
       187,       114,      1.00,              0.2058,                   0,                   0
       187,       116,      1.00,              0.2132,                   0,              0.0294
       187,       117,      1.00,              0.8307,                   0,              0.0074
       187,       118,      1.00,              0.3676,                   0,              0.0074
       187,       119,      1.00,              0.3455,                   0,                   0
       187,       120,      1.00,              0.0221,                   0,                   0
       187,       121,      1.00,              0.1617,                   0,                   0
       187,       122,      1.00,              0.2058,                   0,                   0
       187,       123,      1.00,                   0,                   0,              0.0074
       187,       124,      1.00,              0.0074,                   0,                   0
       187,       125,      1.00,              0.6249,                   0,                   0
       187,       126,      1.00,              0.2573,                   0,              0.0147
       187,       127,      1.00,              0.2647,                   0,                   0
       187,       128,      1.00,              0.1103,                   0,              0.0074
       187,       129,      1.00,              0.0515,                   0,                   0
       187,       132,      1.00,              0.0588,                   0,                   0
       187,       134,      1.00,              0.2058,                   0,                   0
       187,       135,      1.00,              0.2132,                   0,                   0
       187,       136,      1.00,              0.5881,                   0,              0.0074
       187,       137,      1.00,              0.1397,                   0,              0.0074
       187,       138,      1.00,              0.4778,                   0,                   0
       187,       140,      1.00,              0.4190,                   0,              0.0074
       187,       141,      1.00,              0.2941,                   0,              0.0221
       187,       142,      1.00,              0.2058,                   0,              0.0221
       187,       143,      1.00,              0.5440,                   0,              0.0147
       187,       145,      1.00,                   0,                   0,              0.0074
       187,       146,      1.00,              0.5881,                   0,              0.0147
       187,       147,      1.00,              0.0074,                   0,              0.0147
       187,       148,      1.00,              0.2132,                   0,              0.0221
       187,       149,      1.00,              0.1103,                   0,              0.0147
       187,       150,      1.00,              0.2132,                   0,              0.0221
       187,       151,      1.00,              0.0735,                   0,              0.0294
       187,       152,      1.00,              0.4117,                   0,              0.0147
       187,       153,      1.00,              0.3308,                   0,              0.0147
       187,       154,      1.00,              1.2424,                   0,              0.0515
       187,       155,      1.00,              0.6322,                   0,              0.0588
       187,       156,      1.00,              0.2058,                   0,              0.0368
       187,       157,      1.00,              0.4190,                   0,              0.0221
       187,       160,      1.00,              0.1103,                   0,                   0
       187,       161,      1.00,              0.1691,                   0,              0.0441
       187,       162,      1.00,              1.0660,                   0,              0.0294
       187,       164,      1.00,              2.4407,                   0,              0.0294
       187,       165,      1.00,              0.1103,                   0,              0.0221
       187,       166,      1.00,              0.7866,                   0,              0.0294
       187,       167,      1.00,              0.9483,                   0,              0.0221
       187,       168,      1.00,              1.1321,                   0,              0.0221
       187,       169,      1.00,              0.9483,                   0,              0.0147
       187,       170,      1.00,              1.5659,                   0,              0.0515
       187,       171,      1.00,                   0,                   0,              0.0074
       187,       172,      1.00,              9.2261,                   0,              0.2794
       187,       173,      1.00,              0.7425,                   0,              0.0368
       187,       174,      1.00,              6.4693,                   0,              0.2205
       187,       175,      1.00,              2.4774,                   0,              0.0956
       187,       176,      1.00,              0.7057,                   0,              0.0368
       187,       177,      1.00,              1.2644,                   0,              0.0221
       187,       178,      1.00,              1.2424,                   0,              0.0221
       187,       179,      1.00,              2.8156,                   0,              0.0441
       187,       180,      1.00,              0.4190,                   0,              0.0074
       187,       181,      1.00,              2.7053,                   0,              0.0294
       187,       182,      1.00,              3.4919,                   0,              0.2352
       187,       183,      1.00,              4.7637,                   0,              0.0294
       187,       184,      1.00,             21.8191,                   0,              0.4778
       187,       185,      1.00,             24.0686,                   0,              0.4411
       187,       186,      1.00,              3.0803,                   0,              0.1544
       187,       187,      1.00,             42.8736,                   0,              0.1323
       187,       188,      1.00,             35.9265,                   0,              0.4117
       187,       189,      1.00,              2.9406,                   0,              0.0662
       187,       190,      1.00,              7.6455,                   0,              0.1691
       187,       191,      1.00,              1.3453,                   0,              0.0294
       187,       192,      1.00,             18.4007,                   0,              0.3970
       187,       193,      1.00,              2.7862,                   0,              0.0441
       187,       194,      1.00,              6.5281,                   0,              0.0882
       187,       195,      1.00,             38.9406,                   0,              0.3676
       187,       196,      1.00,              2.3966,                   0,              0.1617
       187,       197,      1.00,              1.5365,                   0,              0.0662
       187,       198,      1.00,              3.7419,                   0,              0.0735
       187,       199,      1.00,              0.5367,                   0,              0.0147
       187,       200,      1.00,              1.1542,                   0,              0.0809
       187,       201,      1.00,              6.0796,                   0,              0.0956
       187,       202,      1.00,              1.6982,                   0,              0.0515
       187,       203,      1.00,              3.5655,                   0,              0.0515
       187,       204,      1.00,              0.0221,                   0,              0.0735
       187,       205,      1.00,              0.2794,                   0,              0.1029
       187,       206,      1.00,              0.3161,                   0,              0.0221
       187,       207,      1.00,              2.5142,                   0,              0.1176
       187,       211,      1.00,              0.1103,                   0,                   0
       187,       212,      1.00,              0.0294,                   0,              0.0074
       187,       213,      1.00,              0.2132,                   0,              0.0074
       187,       224,      1.00,                   0,                   0,              0.0074
       187,       226,      1.00,                   0,                   0,              0.0074
       187,       227,      1.00,                   0,                   0,              0.0074
       187,       228,      1.00,              0.0074,                   0,              0.0294
       187,       229,      1.00,                   0,                   0,              0.0074
       188,         6,      1.00,              0.0294,                   0,                   0
       188,         7,      1.00,              0.2794,                   0,                   0
       188,         8,      1.00,              0.1838,                   0,                   0
       188,        11,      1.00,              0.0221,                   0,                   0
       188,        14,      1.00,              0.0588,                   0,              0.0074
       188,        15,      1.00,              0.1029,                   0,              0.0074
       188,        17,      1.00,              0.5146,                   0,                   0
       188,        21,      1.00,              0.4117,                   0,              0.0147
       188,        22,      1.00,              0.4117,                   0,                   0
       188,        28,      1.00,              0.2058,                   0,              0.0074
       188,        29,      1.00,              0.7204,                   0,              0.0074
       188,        30,      1.00,                   0,                   0,              0.0074
       188,        31,      1.00,              0.2058,                   0,              0.0074
       188,        32,      1.00,                   0,                   0,              0.0074
       188,        33,      1.00,              0.2058,                   0,              0.0147
       188,        36,      1.00,              0.4117,                   0,                   0
       188,        38,      1.00,              0.2647,                   0,                   0
       188,        39,      1.00,                   0,                   0,              0.0074
       188,        40,      1.00,              0.2647,                   0,                   0
       188,        41,      1.00,                   0,                   0,              0.0074
       188,        44,      1.00,              0.2058,                   0,              0.0074
       188,        45,      1.00,              0.8234,                   0,              0.0074
       188,        46,      1.00,                   0,                   0,              0.0074
       188,        49,      1.00,              0.2058,                   0,              0.0074
       188,        52,      1.00,              0.0588,                   0,              0.0074
       188,        54,      1.00,              0.1029,                   0,                   0
       188,        55,      1.00,              0.2058,                   0,              0.0074
       188,        56,      1.00,              0.1029,                   0,              0.0074
       188,        58,      1.00,                   0,                   0,              0.0074
       188,        59,      1.00,              0.1029,                   0,              0.0074
       188,        60,      1.00,              0.2058,                   0,              0.0074
       188,        61,      1.00,              0.4190,                   0,              0.0147
       188,        62,      1.00,              0.6175,                   0,              0.0074
       188,        63,      1.00,              0.0074,                   0,              0.0147
       188,        64,      1.00,              0.0074,                   0,              0.0294
       188,        65,      1.00,              0.4117,                   0,              0.0074
       188,        66,      1.00,              0.2058,                   0,              0.0074
       188,        67,      1.00,              0.1176,                   0,              0.0147
       188,        68,      1.00,              0.5072,                   0,              0.0074
       188,        69,      1.00,              0.4117,                   0,              0.0074
       188,        73,      1.00,              0.0074,                   0,              0.0368
       188,        75,      1.00,              0.0074,                   0,              0.0147
       188,        76,      1.00,              0.2058,                   0,              0.0074
       188,        77,      1.00,              0.3088,                   0,              0.0074
       188,        78,      1.00,              0.2058,                   0,                   0
       188,        79,      1.00,              0.2132,                   0,              0.0147
       188,        80,      1.00,                   0,                   0,              0.0221
       188,        81,      1.00,              0.0515,                   0,              0.0074
       188,        82,      1.00,                   0,                   0,              0.0074
       188,        83,      1.00,              0.1103,                   0,              0.0147
       188,        84,      1.00,              0.3161,                   0,              0.0147
       188,        85,      1.00,              0.1470,                   0,              0.0147
       188,        86,      1.00,              0.0074,                   0,              0.0147
       188,        87,      1.00,              0.1029,                   0,                   0
       188,        89,      1.00,              0.2058,                   0,              0.0074
       188,        90,      1.00,              0.2132,                   0,              0.0074
       188,        91,      1.00,              0.0588,                   0,              0.0074
       188,        92,      1.00,              0.6249,                   0,              0.0294
       188,        93,      1.00,              0.0515,                   0,              0.0074
       188,        94,      1.00,              0.0074,                   0,              0.0074
       188,        95,      1.00,              0.4190,                   0,              0.0221
       188,        97,      1.00,              0.3235,                   0,              0.0074
       188,        98,      1.00,              0.7719,                   0,              0.0074
       188,        99,      1.00,              1.1321,                   0,              0.0221
       188,       100,      1.00,              1.5659,                   0,              0.2352
       188,       101,      1.00,              1.1689,                   0,              0.0294
       188,       102,      1.00,                   0,                   0,              0.0147
       188,       103,      1.00,              0.4264,                   0,              0.0221
       188,       104,      1.00,              0.0662,                   0,              0.0074
       188,       105,      1.00,              0.2205,                   0,              0.0221
       188,       106,      1.00,              1.0586,                   0,              0.0147
       188,       107,      1.00,              0.2205,                   0,              0.0147
       188,       108,      1.00,              0.0074,                   0,              0.0074
       188,       109,      1.00,              0.0147,                   0,              0.0074
       188,       112,      1.00,                   0,                   0,              0.0074
       188,       114,      1.00,              1.1027,                   0,              0.0441
       188,       115,      1.00,              0.0074,                   0,              0.0074
       188,       116,      1.00,              0.6690,                   0,              0.1911
       188,       117,      1.00,              3.6022,                   0,              0.1323
       188,       118,      1.00,              1.2056,                   0,              0.0588
       188,       119,      1.00,              0.5440,                   0,              0.0368
       188,       120,      1.00,              0.2720,                   0,              0.0147
       188,       121,      1.00,              0.4558,                   0,              0.0294
       188,       122,      1.00,              0.4190,                   0,              0.0221
       188,       123,      1.00,              0.0074,                   0,              0.0515
       188,       124,      1.00,              0.0294,                   0,              0.0368
       188,       125,      1.00,              0.9630,                   0,              0.0441
       188,       126,      1.00,              1.1983,                   0,              0.0882
       188,       127,      1.00,              1.5365,                   0,              0.0441
       188,       128,      1.00,              0.7498,                   0,              0.0588
       188,       129,      1.00,              0.2058,                   0,              0.0147
       188,       130,      1.00,                   0,                   0,              0.0074
       188,       131,      1.00,              0.2720,                   0,              0.0074
       188,       132,      1.00,              0.4117,                   0,              0.0074
       188,       133,      1.00,              0.0074,                   0,              0.0147
       188,       134,      1.00,              0.2132,                   0,              0.0147
       188,       135,      1.00,              1.5365,                   0,              0.0515
       188,       136,      1.00,              2.6245,                   0,              0.1250
       188,       137,      1.00,              1.1248,                   0,              0.1029
       188,       138,      1.00,              1.5512,                   0,              0.0588
       188,       139,      1.00,              0.0147,                   0,              0.0074
       188,       140,      1.00,              2.3745,                   0,              0.0735
       188,       141,      1.00,              1.5585,                   0,              0.1250
       188,       142,      1.00,              1.7129,                   0,              0.1470
       188,       143,      1.00,              1.2424,                   0,              0.0882
       188,       144,      1.00,              0.4190,                   0,              0.0147
       188,       145,      1.00,              0.8234,                   0,              0.0368
       188,       146,      1.00,              2.7788,                   0,              0.1250
       188,       147,      1.00,              1.4482,                   0,              0.0735
       188,       148,      1.00,              1.8599,                   0,              0.1176
       188,       149,      1.00,              0.4411,                   0,              0.2279
       188,       150,      1.00,              1.1689,                   0,              0.1397
       188,       151,      1.00,              0.5587,                   0,              0.2132
       188,       152,      1.00,              1.2203,                   0,              0.1029
       188,       153,      1.00,              1.7276,                   0,              0.1250
       188,       154,      1.00,              3.4625,                   0,              0.3161
       188,       155,      1.00,              1.0733,                   0,              0.3161
       188,       156,      1.00,              0.1103,                   0,              0.0588
       188,       157,      1.00,              6.2708,                   0,              0.1838
       188,       158,      1.00,              0.1029,                   0,              0.0147
       188,       159,      1.00,              0.0221,                   0,              0.0074
       188,       160,      1.00,              1.6394,                   0,              0.0368
       188,       161,      1.00,              1.8305,                   0,              0.2794
       188,       162,      1.00,              8.5571,                   0,              0.5955
       188,       163,      1.00,              0.0147,                   0,              0.0147
       188,       164,      1.00,             13.2767,                   0,              0.9483
       188,       165,      1.00,              2.6171,                   0,              0.1544
       188,       166,      1.00,              2.3084,                   0,              0.2426
       188,       167,      1.00,              3.2052,                   0,              0.1911
       188,       168,      1.00,              4.9255,                   0,              0.2352
       188,       169,      1.00,              3.6978,                   0,              0.2058
       188,       170,      1.00,             13.4458,                   0,              1.1468
       188,       171,      1.00,              1.5438,                   0,              0.0735
       188,       172,      1.00,            275.1279,                   0,              3.7419
       188,       173,      1.00,              4.3741,                   0,              0.1838
       188,       174,      1.00,             55.0109,                   0,              1.4335
       188,       175,      1.00,             15.0852,                   0,              1.5438
       188,       176,      1.00,              4.0948,                   0,              0.1985
       188,       177,      1.00,              7.1236,                   0,              0.3014
       188,       178,      1.00,              3.1464,                   0,              0.2941
       188,       179,      1.00,              5.8885,                   0,              0.8748
       188,       180,      1.00,              1.8746,                   0,              0.0882
       188,       181,      1.00,             11.6741,                   0,              0.4999
       188,       182,      1.00,             12.6077,                   0,              1.4115
       188,       183,      1.00,             21.1207,                   0,              0.4999
       188,       184,      1.00,             26.4064,                   0,              1.5953
       188,       185,      1.00,             59.0395,                   0,              1.6247
       188,       186,      1.00,             26.1859,                   0,              0.9851
       188,       187,      1.00,             32.3464,                   0,              0.4117
       188,       188,      1.00,            618.5727,                   0,              3.7639
       188,       189,      1.00,             57.0178,                   0,              0.6175
       188,       190,      1.00,             79.0354,                   0,              1.2497
       188,       191,      1.00,             12.0049,                   0,              0.3308
       188,       192,      1.00,             88.4600,                   0,              1.5585
       188,       193,      1.00,             10.8728,                   0,              0.2058
       188,       194,      1.00,              3.6463,                   0,              0.2426
       188,       195,      1.00,             53.4744,                   0,              1.4115
       188,       196,      1.00,             11.7403,                   0,              0.6690
       188,       197,      1.00,              5.5062,                   0,              0.2279
       188,       198,      1.00,             22.1426,                   0,              0.3970
       188,       199,      1.00,              2.8450,                   0,              0.0809
       188,       200,      1.00,              5.8003,                   0,              0.3455
       188,       201,      1.00,             27.9575,                   0,              0.4705
       188,       202,      1.00,              8.3806,                   0,              0.2058
       188,       203,      1.00,             14.1589,                   0,              0.2132
       188,       204,      1.00,              3.1758,                   0,              0.3014
       188,       205,      1.00,              1.7055,                   0,              0.3896
       188,       206,      1.00,              5.0725,                   0,              0.1323
       188,       207,      1.00,              8.8879,                   0,              0.7278
       188,       208,      1.00,              0.0588,                   0,                   0
       188,       209,      1.00,                   0,                   0,              0.0074
       188,       210,      1.00,                   0,                   0,              0.0074
       188,       211,      1.00,              0.3308,                   0,              0.0441
       188,       212,      1.00,              1.7790,                   0,              0.1397
       188,       213,      1.00,              0.9851,                   0,              0.1985
       188,       214,      1.00,              0.0147,                   0,              0.0147
       188,       224,      1.00,                   0,                   0,              0.0368
       188,       226,      1.00,                   0,                   0,              0.0294
       188,       227,      1.00,              0.0221,                   0,              0.0809
       188,       228,      1.00,              0.0221,                   0,              0.1176
       188,       229,      1.00,                   0,                   0,              0.0221
       189,         7,      1.00,              0.1029,                   0,                   0
       189,        17,      1.00,              0.2058,                   0,                   0
       189,        21,      1.00,              0.2058,                   0,                   0
       189,        28,      1.00,              0.2058,                   0,                   0
       189,        33,      1.00,              0.0662,                   0,                   0
       189,        45,      1.00,              0.2058,                   0,                   0
       189,        46,      1.00,              0.2058,                   0,                   0
       189,        58,      1.00,              0.2058,                   0,                   0
       189,        79,      1.00,              0.2058,                   0,                   0
       189,        81,      1.00,              0.0147,                   0,                   0
       189,        84,      1.00,              0.0809,                   0,                   0
       189,        85,      1.00,              0.0588,                   0,                   0
       189,        86,      1.00,              0.2058,                   0,                   0
       189,        87,      1.00,              0.2058,                   0,                   0
       189,        91,      1.00,              0.0147,                   0,                   0
       189,        92,      1.00,              0.0809,                   0,                   0
       189,        93,      1.00,              0.0294,                   0,                   0
       189,        95,      1.00,              0.1029,                   0,                   0
       189,        99,      1.00,              0.0588,                   0,              0.0074
       189,       100,      1.00,              0.2132,                   0,                   0
       189,       101,      1.00,              0.0074,                   0,                   0
       189,       103,      1.00,              0.0074,                   0,                   0
       189,       105,      1.00,              0.2132,                   0,                   0
       189,       111,      1.00,              0.2058,                   0,                   0
       189,       112,      1.00,              0.2058,                   0,                   0
       189,       114,      1.00,              0.4190,                   0,              0.0221
       189,       115,      1.00,                   0,                   0,              0.0074
       189,       116,      1.00,              0.2205,                   0,              0.0441
       189,       117,      1.00,              0.7351,                   0,              0.0074
       189,       118,      1.00,              0.2058,                   0,              0.0074
       189,       119,      1.00,              0.1250,                   0,              0.0074
       189,       120,      1.00,              0.0074,                   0,                   0
       189,       121,      1.00,              0.0294,                   0,                   0
       189,       123,      1.00,                   0,                   0,              0.0074
       189,       124,      1.00,              0.0074,                   0,                   0
       189,       125,      1.00,              0.0147,                   0,                   0
       189,       126,      1.00,              0.2205,                   0,              0.0147
       189,       127,      1.00,              0.3014,                   0,                   0
       189,       128,      1.00,              0.1544,                   0,              0.0074
       189,       134,      1.00,              0.2058,                   0,                   0
       189,       135,      1.00,              0.7278,                   0,                   0
       189,       136,      1.00,              0.7425,                   0,              0.0074
       189,       137,      1.00,              0.5146,                   0,              0.0074
       189,       138,      1.00,              0.6910,                   0,              0.0074
       189,       140,      1.00,              0.9336,                   0,              0.0074
       189,       141,      1.00,              0.2720,                   0,              0.0147
       189,       142,      1.00,              0.5367,                   0,              0.0221
       189,       143,      1.00,              0.3602,                   0,              0.0074
       189,       144,      1.00,              0.1323,                   0,                   0
       189,       145,      1.00,              0.0294,                   0,              0.0074
       189,       146,      1.00,              0.4705,                   0,              0.0147
       189,       147,      1.00,              0.3235,                   0,              0.0074
       189,       148,      1.00,              0.2794,                   0,              0.0074
       189,       149,      1.00,              0.4190,                   0,              0.0221
       189,       150,      1.00,              0.6249,                   0,              0.0221
       189,       151,      1.00,              0.6984,                   0,              0.0294
       189,       152,      1.00,              0.4190,                   0,              0.0221
       189,       153,      1.00,              0.4190,                   0,              0.0368
       189,       154,      1.00,              0.8381,                   0,              0.0515
       189,       155,      1.00,              0.0221,                   0,              0.0368
       189,       156,      1.00,                   0,                   0,              0.0074
       189,       157,      1.00,              2.8524,                   0,              0.0515
       189,       158,      1.00,                   0,                   0,              0.0074
       189,       159,      1.00,              0.0074,                   0,                   0
       189,       160,      1.00,              0.6837,                   0,                   0
       189,       161,      1.00,              0.3308,                   0,              0.0588
       189,       162,      1.00,              2.6245,                   0,              0.1250
       189,       163,      1.00,              0.0956,                   0,                   0
       189,       164,      1.00,              4.9696,                   0,              0.2426
       189,       165,      1.00,              0.8307,                   0,              0.0221
       189,       166,      1.00,              0.4190,                   0,              0.0294
       189,       167,      1.00,              1.6100,                   0,              0.0294
       189,       168,      1.00,              1.7129,                   0,              0.0294
       189,       169,      1.00,              0.8822,                   0,              0.0294
       189,       170,      1.00,              4.5432,                   0,              0.2647
       189,       171,      1.00,              0.0074,                   0,              0.0147
       189,       172,      1.00,             68.8169,                   0,              0.9410
       189,       173,      1.00,              0.9042,                   0,                   0
       189,       174,      1.00,             26.9136,                   0,              0.2205
       189,       175,      1.00,              6.8074,                   0,              0.3529
       189,       176,      1.00,              0.8160,                   0,              0.0074
       189,       177,      1.00,              2.1907,                   0,              0.0294
       189,       178,      1.00,              0.4190,                   0,              0.0956
       189,       179,      1.00,              1.1395,                   0,              0.2794
       189,       180,      1.00,              0.6249,                   0,              0.0221
       189,       181,      1.00,              2.6392,                   0,              0.1323
       189,       182,      1.00,              4.1242,                   0,              0.4043
       189,       183,      1.00,              4.1315,                   0,              0.0956
       189,       184,      1.00,              6.6457,                   0,              0.3235
       189,       185,      1.00,             17.7758,                   0,              0.1985
       189,       186,      1.00,             15.3939,                   0,              0.1250
       189,       187,      1.00,              5.1387,                   0,              0.0662
       189,       188,      1.00,             63.0828,                   0,              0.6175
       189,       189,      1.00,             41.6165,                   0,              0.1103
       189,       190,      1.00,             19.2167,                   0,              0.2058
       189,       191,      1.00,              0.1103,                   0,              0.0662
       189,       192,      1.00,              6.9030,                   0,              0.2058
       189,       193,      1.00,              0.9924,                   0,              0.0294
       189,       194,      1.00,              0.4337,                   0,              0.0441
       189,       195,      1.00,              5.2636,                   0,              0.2720
       189,       196,      1.00,              1.1836,                   0,              0.1250
       189,       197,      1.00,              0.3749,                   0,              0.0515
       189,       198,      1.00,              2.6833,                   0,              0.0515
       189,       199,      1.00,              0.2058,                   0,              0.0147
       189,       200,      1.00,              0.2205,                   0,              0.0588
       189,       201,      1.00,              1.8305,                   0,              0.0735
       189,       202,      1.00,              0.6543,                   0,              0.0368
       189,       203,      1.00,              0.4705,                   0,              0.0368
       189,       204,      1.00,              0.4264,                   0,              0.0588
       189,       205,      1.00,              0.3161,                   0,              0.0956
       189,       206,      1.00,                   0,                   0,              0.0221
       189,       207,      1.00,              2.1319,                   0,              0.1029
       189,       211,      1.00,              0.2205,                   0,                   0
       189,       212,      1.00,              0.2499,                   0,              0.0074
       189,       213,      1.00,              0.8748,                   0,              0.0515
       189,       214,      1.00,              0.1176,                   0,                   0
       189,       224,      1.00,                   0,                   0,              0.0074
       189,       226,      1.00,                   0,                   0,              0.0074
       189,       227,      1.00,                   0,                   0,              0.0147
       189,       228,      1.00,              0.0074,                   0,              0.0221
       189,       229,      1.00,                   0,                   0,              0.0074
       190,         6,      1.00,              0.2647,                   0,                   0
       190,         8,      1.00,              0.2058,                   0,                   0
       190,        15,      1.00,              0.5146,                   0,                   0
       190,        21,      1.00,                   0,                   0,              0.0074
       190,        31,      1.00,              0.2058,                   0,                   0
       190,        45,      1.00,              0.1029,                   0,                   0
       190,        61,      1.00,              0.0074,                   0,                   0
       190,        63,      1.00,              0.0074,                   0,              0.0074
       190,        64,      1.00,              0.2132,                   0,                   0
       190,        67,      1.00,              0.0074,                   0,                   0
       190,        75,      1.00,              0.0074,                   0,                   0
       190,        79,      1.00,              0.0074,                   0,                   0
       190,        81,      1.00,              0.0147,                   0,                   0
       190,        83,      1.00,              0.0662,                   0,                   0
       190,        84,      1.00,              0.0147,                   0,                   0
       190,        85,      1.00,              0.0441,                   0,                   0
       190,        86,      1.00,              0.0074,                   0,                   0
       190,        90,      1.00,              0.0074,                   0,                   0
       190,        91,      1.00,              0.0294,                   0,                   0
       190,        92,      1.00,              0.1323,                   0,              0.0074
       190,        94,      1.00,              0.0074,                   0,                   0
       190,        95,      1.00,              0.2132,                   0,              0.0074
       190,        96,      1.00,              0.3088,                   0,                   0
       190,        97,      1.00,              0.0956,                   0,                   0
       190,        98,      1.00,              0.1176,                   0,                   0
       190,        99,      1.00,              0.2058,                   0,                   0
       190,       100,      1.00,              0.1250,                   0,              0.0074
       190,       101,      1.00,              0.0147,                   0,                   0
       190,       102,      1.00,                   0,                   0,              0.0147
       190,       103,      1.00,              0.2205,                   0,                   0
       190,       104,      1.00,              0.1029,                   0,                   0
       190,       105,      1.00,              0.0147,                   0,                   0
       190,       106,      1.00,              0.0074,                   0,                   0
       190,       107,      1.00,              0.0074,                   0,                   0
       190,       108,      1.00,              0.0074,                   0,                   0
       190,       109,      1.00,              0.0074,                   0,                   0
       190,       114,      1.00,              0.1176,                   0,              0.0221
       190,       116,      1.00,              0.1985,                   0,              0.0809
       190,       117,      1.00,              1.1248,                   0,              0.0221
       190,       118,      1.00,              0.6322,                   0,              0.0147
       190,       119,      1.00,              0.1176,                   0,              0.0147
       190,       120,      1.00,              0.0662,                   0,              0.0074
       190,       121,      1.00,              0.2279,                   0,              0.0074
       190,       122,      1.00,              0.0662,                   0,              0.0074
       190,       123,      1.00,              0.0074,                   0,              0.0221
       190,       124,      1.00,              0.2279,                   0,              0.0074
       190,       125,      1.00,              0.4411,                   0,                   0
       190,       126,      1.00,              0.4043,                   0,              0.0368
       190,       127,      1.00,              0.3896,                   0,              0.0147
       190,       128,      1.00,              0.1470,                   0,              0.0294
       190,       129,      1.00,              0.1176,                   0,                   0
       190,       131,      1.00,              0.0074,                   0,                   0
       190,       133,      1.00,              0.0074,                   0,                   0
       190,       134,      1.00,              0.2132,                   0,                   0
       190,       135,      1.00,              1.0586,                   0,              0.0147
       190,       136,      1.00,              1.1248,                   0,              0.0221
       190,       137,      1.00,              0.5808,                   0,              0.0147
       190,       138,      1.00,              0.1397,                   0,              0.0147
       190,       139,      1.00,              0.0074,                   0,                   0
       190,       140,      1.00,              0.0368,                   0,              0.0294
       190,       141,      1.00,              0.2352,                   0,              0.0515
       190,       142,      1.00,              0.2058,                   0,              0.0588
       190,       143,      1.00,              0.3602,                   0,              0.0368
       190,       144,      1.00,              0.1323,                   0,              0.0074
       190,       145,      1.00,              0.0074,                   0,              0.0147
       190,       146,      1.00,              0.8160,                   0,              0.0441
       190,       147,      1.00,              0.4484,                   0,              0.0294
       190,       148,      1.00,              1.3380,                   0,              0.0515
       190,       149,      1.00,              0.2279,                   0,              0.0515
       190,       150,      1.00,              0.4999,                   0,              0.0588
       190,       151,      1.00,              1.3968,                   0,              0.0956
       190,       152,      1.00,              0.4925,                   0,              0.0515
       190,       153,      1.00,              0.0147,                   0,              0.0515
       190,       154,      1.00,              0.9777,                   0,              0.1397
       190,       155,      1.00,              1.3012,                   0,              0.1103
       190,       156,      1.00,              0.2132,                   0,              0.0147
       190,       157,      1.00,              2.7715,                   0,              0.0809
       190,       159,      1.00,              0.0147,                   0,                   0
       190,       160,      1.00,              0.6469,                   0,              0.0074
       190,       161,      1.00,              1.1027,                   0,              0.1323
       190,       162,      1.00,              2.0805,                   0,              0.2132
       190,       163,      1.00,              0.0074,                   0,                   0
       190,       164,      1.00,              2.8156,                   0,              0.3676
       190,       165,      1.00,              1.0071,                   0,              0.0662
       190,       166,      1.00,              0.6469,                   0,              0.0809
       190,       167,      1.00,              1.1174,                   0,              0.0662
       190,       168,      1.00,              1.6614,                   0,              0.0809
       190,       169,      1.00,              1.2497,                   0,              0.0662
       190,       170,      1.00,              4.3006,                   0,              0.2352
       190,       171,      1.00,              0.0074,                   0,              0.0147
       190,       172,      1.00,             57.1575,                   0,              0.9777
       190,       173,      1.00,              1.3968,                   0,              0.0441
       190,       174,      1.00,             14.9455,                   0,              0.5220
       190,       175,      1.00,              6.7413,                   0,              0.3749
       190,       176,      1.00,              1.1395,                   0,              0.0441
       190,       177,      1.00,              3.2126,                   0,              0.0809
       190,       178,      1.00,              1.5291,                   0,              0.0882
       190,       179,      1.00,              2.0511,                   0,              0.2647
       190,       180,      1.00,              0.6469,                   0,              0.0368
       190,       181,      1.00,              4.1462,                   0,              0.2132
       190,       182,      1.00,              6.4766,                   0,              0.4558
       190,       183,      1.00,              7.0941,                   0,              0.1985
       190,       184,      1.00,             13.0635,                   0,              0.5220
       190,       185,      1.00,             25.3919,                   0,              0.5367
       190,       186,      1.00,             12.4754,                   0,              0.2867
       190,       187,      1.00,             10.7258,                   0,              0.1691
       190,       188,      1.00,            107.5664,                   0,              1.2497
       190,       189,      1.00,             22.8998,                   0,              0.2058
       190,       190,      1.00,             56.7899,                   0,              0.4484
       190,       191,      1.00,              1.2277,                   0,              0.0809
       190,       192,      1.00,             17.1583,                   0,              0.5293
       190,       193,      1.00,              3.3670,                   0,              0.0809
       190,       194,      1.00,              1.2203,                   0,              0.1029
       190,       195,      1.00,             14.0266,                   0,              0.5072
       190,       196,      1.00,              5.8518,                   0,              0.3088
       190,       197,      1.00,              1.4262,                   0,              0.0956
       190,       198,      1.00,              6.3149,                   0,              0.1470
       190,       199,      1.00,              0.8307,                   0,              0.0368
       190,       200,      1.00,              1.1027,                   0,              0.1544
       190,       201,      1.00,              8.4615,                   0,              0.1911
       190,       202,      1.00,              2.3819,                   0,              0.0956
       190,       203,      1.00,              3.4625,                   0,              0.0882
       190,       204,      1.00,              0.6690,                   0,              0.1323
       190,       205,      1.00,              0.7057,                   0,              0.1397
       190,       206,      1.00,              1.1468,                   0,              0.0368
       190,       207,      1.00,              4.7858,                   0,              0.2279
       190,       209,      1.00,              0.2058,                   0,                   0
       190,       211,      1.00,              0.2499,                   0,              0.0221
       190,       212,      1.00,              0.5734,                   0,              0.0956
       190,       213,      1.00,              0.2058,                   0,              0.0588
       190,       214,      1.00,              0.0074,                   0,                   0
       190,       224,      1.00,                   0,                   0,              0.0221
       190,       226,      1.00,                   0,                   0,              0.0147
       190,       227,      1.00,              0.0074,                   0,              0.0221
       190,       228,      1.00,              0.0147,                   0,              0.0515
       190,       229,      1.00,                   0,                   0,              0.0074
       191,         6,      1.00,              0.0368,                   0,                   0
       191,         7,      1.00,              0.1691,                   0,                   0
       191,        12,      1.00,              0.0147,                   0,                   0
       191,        15,      1.00,              0.0588,                   0,                   0
       191,        28,      1.00,              0.0588,                   0,                   0
       191,        45,      1.00,              0.0147,                   0,                   0
       191,        50,      1.00,                   0,                   0,              0.0074
       191,        64,      1.00,                   0,                   0,              0.0294
       191,        65,      1.00,              0.0588,                   0,                   0
       191,        67,      1.00,              0.0588,                   0,                   0
       191,        73,      1.00,                   0,                   0,              0.0147
       191,        75,      1.00,                   0,                   0,              0.0147
       191,        76,      1.00,                   0,                   0,              0.0074
       191,        77,      1.00,                   0,                   0,              0.0074
       191,        79,      1.00,              0.2058,                   0,                   0
       191,        80,      1.00,                   0,                   0,              0.0147
       191,        82,      1.00,                   0,                   0,              0.0074
       191,        83,      1.00,              0.0588,                   0,              0.0074
       191,        84,      1.00,              0.0074,                   0,              0.0147
       191,        85,      1.00,              0.0441,                   0,              0.0074
       191,        91,      1.00,              0.0368,                   0,              0.0074
       191,        92,      1.00,                   0,                   0,              0.0147
       191,        93,      1.00,                   0,                   0,              0.0074
       191,        95,      1.00,                   0,                   0,              0.0074
       191,        97,      1.00,              0.0441,                   0,                   0
       191,        98,      1.00,              0.0588,                   0,                   0
       191,        99,      1.00,                   0,                   0,              0.0074
       191,       100,      1.00,                   0,                   0,              0.0588
       191,       101,      1.00,              0.1029,                   0,              0.0074
       191,       102,      1.00,                   0,                   0,              0.0074
       191,       103,      1.00,              0.0588,                   0,                   0
       191,       105,      1.00,                   0,                   0,              0.0147
       191,       116,      1.00,                   0,                   0,              0.0147
       191,       117,      1.00,              0.0588,                   0,              0.0956
       191,       118,      1.00,              0.0588,                   0,              0.0368
       191,       119,      1.00,              0.0956,                   0,              0.0147
       191,       120,      1.00,                   0,                   0,              0.0074
       191,       121,      1.00,              0.0294,                   0,              0.0221
       191,       122,      1.00,                   0,                   0,              0.0074
       191,       123,      1.00,                   0,                   0,              0.0147
       191,       124,      1.00,                   0,                   0,              0.0147
       191,       125,      1.00,              0.2058,                   0,              0.0147
       191,       126,      1.00,              0.0735,                   0,              0.0074
       191,       127,      1.00,              0.0662,                   0,              0.0147
       191,       128,      1.00,              0.0147,                   0,              0.0074
       191,       129,      1.00,              0.0368,                   0,              0.0147
       191,       131,      1.00,                   0,                   0,              0.0074
       191,       136,      1.00,                   0,                   0,              0.0368
       191,       137,      1.00,                   0,                   0,              0.0294
       191,       138,      1.00,              0.2058,                   0,              0.0074
       191,       140,      1.00,              0.0588,                   0,                   0
       191,       141,      1.00,              0.0515,                   0,              0.0074
       191,       142,      1.00,              0.1323,                   0,              0.0074
       191,       143,      1.00,                   0,                   0,              0.0294
       191,       145,      1.00,                   0,                   0,              0.0074
       191,       146,      1.00,              0.0662,                   0,              0.0147
       191,       147,      1.00,                   0,                   0,              0.0074
       191,       148,      1.00,                   0,                   0,              0.0074
       191,       149,      1.00,              0.2058,                   0,              0.0294
       191,       150,      1.00,                   0,                   0,              0.0074
       191,       151,      1.00,              0.2058,                   0,              0.0147
       191,       152,      1.00,                   0,                   0,              0.0074
       191,       153,      1.00,              0.1029,                   0,              0.0074
       191,       154,      1.00,              0.2720,                   0,              0.0147
       191,       155,      1.00,                   0,                   0,              0.0221
       191,       156,      1.00,              0.0588,                   0,                   0
       191,       157,      1.00,              0.2794,                   0,              0.0221
       191,       160,      1.00,              0.1029,                   0,                   0
       191,       161,      1.00,              0.0221,                   0,              0.0147
       191,       162,      1.00,              0.4558,                   0,              0.0368
       191,       163,      1.00,              0.0294,                   0,                   0
       191,       164,      1.00,              1.0071,                   0,              0.0588
       191,       165,      1.00,                   0,                   0,              0.0074
       191,       166,      1.00,              0.2647,                   0,              0.0221
       191,       167,      1.00,              0.0735,                   0,              0.0221
       191,       168,      1.00,              0.0147,                   0,              0.0147
       191,       169,      1.00,              0.0221,                   0,              0.0147
       191,       170,      1.00,              0.5734,                   0,              0.1176
       191,       171,      1.00,              0.7278,                   0,              0.0294
       191,       172,      1.00,              5.7782,                   0,              0.4264
       191,       173,      1.00,              0.1029,                   0,              0.0221
       191,       174,      1.00,              0.8013,                   0,              0.1691
       191,       175,      1.00,              0.3088,                   0,              0.2058
       191,       176,      1.00,                   0,                   0,              0.0221
       191,       177,      1.00,              0.0662,                   0,              0.0441
       191,       178,      1.00,                   0,                   0,              0.0074
       191,       179,      1.00,              0.0074,                   0,              0.0147
       191,       180,      1.00,              0.2647,                   0,                   0
       191,       181,      1.00,              0.1544,                   0,              0.0368
       191,       182,      1.00,              0.7866,                   0,              0.0735
       191,       183,      1.00,              0.9483,                   0,              0.0294
       191,       184,      1.00,              1.0807,                   0,              0.0809
       191,       185,      1.00,              1.6173,                   0,              0.1691
       191,       186,      1.00,              0.2132,                   0,              0.1176
       191,       187,      1.00,              0.7131,                   0,              0.0294
       191,       188,      1.00,              9.7039,                   0,              0.3308
       191,       189,      1.00,              0.2426,                   0,              0.0662
       191,       190,      1.00,              0.9189,                   0,              0.0809
       191,       191,      1.00,              6.0208,                   0,              0.0809
       191,       192,      1.00,              6.1826,                   0,              0.3014
       191,       193,      1.00,              0.1323,                   0,              0.0221
       191,       194,      1.00,              0.0074,                   0,              0.0221
       191,       195,      1.00,              1.5291,                   0,              0.1103
       191,       196,      1.00,              3.1685,                   0,              0.1250
       191,       197,      1.00,              0.3161,                   0,              0.0221
       191,       198,      1.00,              1.6100,                   0,              0.0588
       191,       199,      1.00,              0.4117,                   0,              0.0221
       191,       200,      1.00,              1.7938,                   0,              0.0882
       191,       201,      1.00,              0.9998,                   0,              0.0588
       191,       202,      1.00,              1.1542,                   0,              0.0515
       191,       203,      1.00,              0.0074,                   0,              0.0147
       191,       204,      1.00,              0.4264,                   0,              0.1029
       191,       205,      1.00,              0.1103,                   0,              0.1250
       191,       206,      1.00,              2.5289,                   0,              0.0515
       191,       207,      1.00,              3.1170,                   0,              0.1764
       191,       209,      1.00,              0.0588,                   0,                   0
       191,       211,      1.00,              0.0588,                   0,                   0
       191,       212,      1.00,              0.0662,                   0,              0.0074
       191,       213,      1.00,                   0,                   0,              0.0368
       191,       214,      1.00,              0.0294,                   0,                   0
       191,       227,      1.00,                   0,                   0,              0.0074
       191,       228,      1.00,                   0,                   0,              0.0147
       192,         6,      1.00,              0.0735,                   0,                   0
       192,         7,      1.00,              0.2794,                   0,                   0
       192,         9,      1.00,              0.0662,                   0,                   0
       192,        13,      1.00,              0.2647,                   0,                   0
       192,        28,      1.00,                   0,                   0,              0.0074
       192,        29,      1.00,                   0,                   0,              0.0074
       192,        30,      1.00,                   0,                   0,              0.0074
       192,        31,      1.00,                   0,                   0,              0.0074
       192,        32,      1.00,              0.0588,                   0,              0.0074
       192,        33,      1.00,              0.1029,                   0,              0.0147
       192,        35,      1.00,              0.3088,                   0,                   0
       192,        44,      1.00,                   0,                   0,              0.0074
       192,        45,      1.00,              0.2058,                   0,              0.0074
       192,        46,      1.00,                   0,                   0,              0.0074
       192,        51,      1.00,              0.0074,                   0,                   0
       192,        52,      1.00,              0.1985,                   0,                   0
       192,        58,      1.00,              0.0588,                   0,                   0
       192,        59,      1.00,                   0,                   0,              0.0147
       192,        60,      1.00,              0.2058,                   0,              0.0074
       192,        61,      1.00,                   0,                   0,              0.0147
       192,        62,      1.00,              0.2058,                   0,              0.0074
       192,        63,      1.00,              0.0662,                   0,              0.0147
       192,        64,      1.00,              0.1691,                   0,              0.0588
       192,        65,      1.00,              0.2058,                   0,              0.0074
       192,        67,      1.00,                   0,                   0,              0.0074
       192,        69,      1.00,                   0,                   0,              0.0074
       192,        72,      1.00,              0.2058,                   0,              0.0074
       192,        73,      1.00,                   0,                   0,              0.0221
       192,        75,      1.00,                   0,                   0,              0.0294
       192,        76,      1.00,              0.1029,                   0,              0.0147
       192,        77,      1.00,                   0,                   0,              0.0074
       192,        78,      1.00,              0.2058,                   0,                   0
       192,        79,      1.00,              0.1029,                   0,              0.0147
       192,        80,      1.00,                   0,                   0,              0.0294
       192,        81,      1.00,              0.0074,                   0,                   0
       192,        83,      1.00,                   0,                   0,              0.0147
       192,        84,      1.00,              0.1985,                   0,              0.0074
       192,        85,      1.00,              0.0809,                   0,              0.0147
       192,        86,      1.00,                   0,                   0,              0.0074
       192,        90,      1.00,                   0,                   0,              0.0074
       192,        91,      1.00,                   0,                   0,              0.0074
       192,        92,      1.00,              0.1911,                   0,              0.0147
       192,        93,      1.00,              0.0588,                   0,                   0
       192,        94,      1.00,                   0,                   0,              0.0074
       192,        95,      1.00,              0.2058,                   0,              0.0147
       192,        97,      1.00,                   0,                   0,              0.0074
       192,        98,      1.00,                   0,                   0,              0.0074
       192,        99,      1.00,              0.3088,                   0,              0.0294
       192,       100,      1.00,              0.0074,                   0,              0.1397
       192,       101,      1.00,                   0,                   0,              0.0294
       192,       102,      1.00,                   0,                   0,              0.0221
       192,       103,      1.00,              0.6249,                   0,              0.0221
       192,       104,      1.00,                   0,                   0,              0.0074
       192,       105,      1.00,              0.2132,                   0,              0.0294
       192,       106,      1.00,                   0,                   0,              0.0074
       192,       107,      1.00,                   0,                   0,              0.0147
       192,       108,      1.00,                   0,                   0,              0.0074
       192,       109,      1.00,              0.0074,                   0,              0.0074
       192,       110,      1.00,              0.3088,                   0,                   0
       192,       112,      1.00,              0.2058,                   0,                   0
       192,       114,      1.00,              1.2865,                   0,              0.0221
       192,       116,      1.00,              0.1764,                   0,              0.0882
       192,       117,      1.00,              0.6910,                   0,              0.0515
       192,       118,      1.00,              0.6175,                   0,              0.0294
       192,       119,      1.00,              0.2352,                   0,              0.0221
       192,       120,      1.00,              0.0662,                   0,              0.0074
       192,       121,      1.00,              0.1691,                   0,              0.0147
       192,       122,      1.00,              0.5146,                   0,              0.0147
       192,       123,      1.00,              1.1542,                   0,              0.0221
       192,       124,      1.00,              0.0074,                   0,              0.0221
       192,       125,      1.00,              0.4264,                   0,              0.0221
       192,       126,      1.00,              0.5440,                   0,              0.0515
       192,       127,      1.00,              0.5955,                   0,              0.0294
       192,       128,      1.00,              0.2647,                   0,              0.0368
       192,       129,      1.00,              0.0662,                   0,              0.0074
       192,       130,      1.00,              0.4117,                   0,                   0
       192,       131,      1.00,              0.4117,                   0,              0.0074
       192,       132,      1.00,              0.2058,                   0,              0.0074
       192,       133,      1.00,                   0,                   0,              0.0074
       192,       134,      1.00,              0.0662,                   0,              0.0074
       192,       135,      1.00,              0.7278,                   0,              0.0368
       192,       136,      1.00,              1.1395,                   0,              0.0588
       192,       137,      1.00,              0.3308,                   0,              0.0368
       192,       138,      1.00,              1.4262,                   0,              0.0441
       192,       139,      1.00,              0.4117,                   0,              0.0074
       192,       140,      1.00,              0.6322,                   0,              0.0441
       192,       141,      1.00,              0.7425,                   0,              0.0809
       192,       142,      1.00,              0.6763,                   0,              0.0809
       192,       143,      1.00,              0.3455,                   0,              0.0515
       192,       144,      1.00,              0.0882,                   0,              0.0074
       192,       145,      1.00,              0.1250,                   0,              0.0221
       192,       146,      1.00,              0.5881,                   0,              0.0809
       192,       147,      1.00,              0.0147,                   0,              0.0515
       192,       148,      1.00,              0.8381,                   0,              0.0809
       192,       149,      1.00,              0.6910,                   0,              0.0735
       192,       150,      1.00,              0.5072,                   0,              0.0809
       192,       151,      1.00,              0.4337,                   0,              0.0956
       192,       152,      1.00,              0.6249,                   0,              0.0441
       192,       153,      1.00,              0.0074,                   0,              0.0588
       192,       154,      1.00,              1.8011,                   0,              0.1764
       192,       155,      1.00,              0.7057,                   0,              0.1764
       192,       156,      1.00,                   0,                   0,              0.0809
       192,       157,      1.00,              0.9410,                   0,              0.0735
       192,       159,      1.00,              0.0074,                   0,              0.0074
       192,       160,      1.00,              0.5293,                   0,              0.0294
       192,       161,      1.00,              0.4705,                   0,              0.1323
       192,       162,      1.00,              2.0878,                   0,              0.1617
       192,       163,      1.00,              0.0956,                   0,              0.0074
       192,       164,      1.00,              0.9483,                   0,              0.2279
       192,       165,      1.00,              1.0071,                   0,              0.0735
       192,       166,      1.00,              0.9630,                   0,              0.1176
       192,       167,      1.00,              0.3235,                   0,              0.0809
       192,       168,      1.00,              1.4997,                   0,              0.1103
       192,       169,      1.00,              0.9777,                   0,              0.0735
       192,       170,      1.00,              2.6612,                   0,              0.1985
       192,       171,      1.00,              0.0809,                   0,              0.1103
       192,       172,      1.00,             23.3702,                   0,              1.2277
       192,       173,      1.00,              0.9851,                   0,              0.1470
       192,       174,      1.00,              8.6306,                   0,              0.6910
       192,       175,      1.00,              3.5802,                   0,              0.2941
       192,       176,      1.00,              0.7351,                   0,              0.1617
       192,       177,      1.00,              2.8597,                   0,              0.1397
       192,       178,      1.00,              1.2497,                   0,              0.0809
       192,       179,      1.00,              2.9185,                   0,              0.1985
       192,       180,      1.00,              0.2205,                   0,              0.0294
       192,       181,      1.00,              3.9698,                   0,              0.1838
       192,       182,      1.00,              4.8667,                   0,              0.8675
       192,       183,      1.00,              7.4617,                   0,              0.1323
       192,       184,      1.00,             15.4527,                   0,              1.4041
       192,       185,      1.00,             22.2822,                   0,              1.4997
       192,       186,      1.00,              4.8005,                   0,              0.6984
       192,       187,      1.00,             21.9220,                   0,              0.3970
       192,       188,      1.00,             96.6127,                   0,              1.5585
       192,       189,      1.00,              5.9620,                   0,              0.2058
       192,       190,      1.00,              9.9686,                   0,              0.5293
       192,       191,      1.00,              9.2481,                   0,              0.3014
       192,       192,      1.00,            198.0112,                   0,              1.9040
       192,       193,      1.00,             24.0172,                   0,              0.2426
       192,       194,      1.00,              4.9843,                   0,              0.1838
       192,       195,      1.00,             63.9429,                   0,              1.2939
       192,       196,      1.00,             64.1634,                   0,              1.1983
       192,       197,      1.00,             15.5116,                   0,              0.2867
       192,       198,      1.00,             53.6876,                   0,              0.6249
       192,       199,      1.00,             15.3057,                   0,              0.1617
       192,       200,      1.00,             43.4544,                   0,              0.7425
       192,       201,      1.00,             56.3709,                   0,              0.6102
       192,       202,      1.00,             41.3298,                   0,              0.4484
       192,       203,      1.00,             26.5902,                   0,              0.2058
       192,       204,      1.00,             13.0635,                   0,              0.5587
       192,       205,      1.00,             17.5038,                   0,              0.5146
       192,       206,      1.00,             12.8062,                   0,              0.2499
       192,       207,      1.00,             68.0964,                   0,              1.1248
       192,       208,      1.00,              0.0588,                   0,                   0
       192,       209,      1.00,                   0,                   0,              0.0074
       192,       211,      1.00,              0.1250,                   0,              0.0294
       192,       212,      1.00,              0.6322,                   0,              0.0735
       192,       213,      1.00,              0.2132,                   0,              0.0662
       192,       214,      1.00,              0.1176,                   0,              0.0074
       192,       224,      1.00,                   0,                   0,              0.0147
       192,       226,      1.00,                   0,                   0,              0.0074
       192,       227,      1.00,                   0,                   0,              0.0221
       192,       228,      1.00,              0.0662,                   0,              0.1985
       192,       229,      1.00,              0.0074,                   0,              0.0441
       193,         8,      1.00,              0.1029,                   0,                   0
       193,        11,      1.00,              0.0882,                   0,                   0
       193,        12,      1.00,              0.0809,                   0,                   0
       193,        14,      1.00,              0.1103,                   0,                   0
       193,        33,      1.00,              0.0809,                   0,                   0
       193,        35,      1.00,              0.0809,                   0,                   0
       193,        41,      1.00,              0.0809,                   0,                   0
       193,        42,      1.00,              0.0809,                   0,                   0
       193,        45,      1.00,              0.0809,                   0,                   0
       193,        58,      1.00,              0.0368,                   0,                   0
       193,        65,      1.00,              0.0662,                   0,                   0
       193,        67,      1.00,              0.0441,                   0,                   0
       193,        68,      1.00,              0.0368,                   0,                   0
       193,        69,      1.00,              0.0809,                   0,                   0
       193,        76,      1.00,              0.1103,                   0,                   0
       193,        84,      1.00,              0.0368,                   0,                   0
       193,        85,      1.00,              0.0147,                   0,                   0
       193,        90,      1.00,              0.1103,                   0,                   0
       193,        92,      1.00,              0.0294,                   0,              0.0074
       193,        93,      1.00,              0.0074,                   0,                   0
       193,        95,      1.00,              0.1103,                   0,                   0
       193,        96,      1.00,              0.0368,                   0,                   0
       193,        99,      1.00,              0.0809,                   0,                   0
       193,       100,      1.00,              0.1176,                   0,              0.0074
       193,       102,      1.00,              0.1617,                   0,                   0
       193,       103,      1.00,              0.1103,                   0,              0.0074
       193,       105,      1.00,              0.0809,                   0,                   0
       193,       106,      1.00,              0.1544,                   0,                   0
       193,       107,      1.00,              0.1103,                   0,                   0
       193,       114,      1.00,              0.0809,                   0,                   0
       193,       116,      1.00,                   0,                   0,              0.0147
       193,       117,      1.00,              0.0809,                   0,              0.0147
       193,       118,      1.00,              0.0809,                   0,              0.0074
       193,       119,      1.00,              0.0735,                   0,              0.0074
       193,       120,      1.00,              0.0368,                   0,                   0
       193,       121,      1.00,              0.0809,                   0,              0.0074
       193,       123,      1.00,              0.1323,                   0,              0.0074
       193,       124,      1.00,                   0,                   0,              0.0074
       193,       125,      1.00,              0.0441,                   0,              0.0074
       193,       126,      1.00,              0.1103,                   0,              0.0074
       193,       127,      1.00,              0.1397,                   0,              0.0074
       193,       128,      1.00,              0.0294,                   0,              0.0074
       193,       129,      1.00,              0.0074,                   0,                   0
       193,       135,      1.00,                   0,                   0,              0.0074
       193,       136,      1.00,              0.3382,                   0,              0.0147
       193,       137,      1.00,              0.2426,                   0,              0.0074
       193,       138,      1.00,              0.3161,                   0,              0.0074
       193,       140,      1.00,              0.2279,                   0,              0.0074
       193,       141,      1.00,              0.1103,                   0,              0.0147
       193,       142,      1.00,              0.1691,                   0,              0.0147
       193,       143,      1.00,              0.0662,                   0,              0.0074
       193,       146,      1.00,              0.2132,                   0,              0.0147
       193,       147,      1.00,                   0,                   0,              0.0074
       193,       148,      1.00,              0.0809,                   0,              0.0147
       193,       149,      1.00,              0.0956,                   0,              0.0147
       193,       150,      1.00,              0.1617,                   0,              0.0147
       193,       151,      1.00,              0.0074,                   0,              0.0147
       193,       152,      1.00,              0.1911,                   0,              0.0074
       193,       153,      1.00,                   0,                   0,              0.0074
       193,       154,      1.00,              0.3455,                   0,              0.0294
       193,       155,      1.00,              0.0809,                   0,              0.0221
       193,       157,      1.00,              0.0809,                   0,              0.0147
       193,       160,      1.00,              0.1103,                   0,              0.0074
       193,       161,      1.00,              0.0515,                   0,              0.0221
       193,       162,      1.00,              0.2279,                   0,              0.0294
       193,       164,      1.00,              0.6102,                   0,              0.0441
       193,       165,      1.00,              0.2279,                   0,              0.0147
       193,       166,      1.00,              0.1029,                   0,              0.0221
       193,       167,      1.00,              0.3088,                   0,              0.0147
       193,       168,      1.00,              0.0515,                   0,              0.0221
       193,       169,      1.00,              0.1029,                   0,              0.0147
       193,       170,      1.00,              0.8675,                   0,              0.0368
       193,       172,      1.00,              3.0509,                   0,              0.2058
       193,       173,      1.00,              0.2941,                   0,              0.0221
       193,       174,      1.00,              2.2716,                   0,              0.1103
       193,       175,      1.00,              0.7278,                   0,              0.0515
       193,       176,      1.00,              0.2205,                   0,              0.0221
       193,       177,      1.00,              0.3455,                   0,              0.0294
       193,       178,      1.00,              0.2279,                   0,              0.0147
       193,       179,      1.00,              0.2205,                   0,              0.0368
       193,       180,      1.00,                   0,                   0,              0.0074
       193,       181,      1.00,              0.5367,                   0,              0.0368
       193,       182,      1.00,              0.8234,                   0,              0.0515
       193,       183,      1.00,              0.8895,                   0,              0.0221
       193,       184,      1.00,              2.8230,                   0,              0.0662
       193,       185,      1.00,              3.9183,                   0,              0.1617
       193,       186,      1.00,              0.7351,                   0,              0.1029
       193,       187,      1.00,              3.2640,                   0,              0.0441
       193,       188,      1.00,              8.9247,                   0,              0.2058
       193,       189,      1.00,              0.9263,                   0,              0.0294
       193,       190,      1.00,              1.6173,                   0,              0.0809
       193,       191,      1.00,              0.1323,                   0,              0.0221
       193,       192,      1.00,             22.4293,                   0,              0.2426
       193,       193,      1.00,             12.9312,                   0,              0.0368
       193,       194,      1.00,              0.2794,                   0,              0.0294
       193,       195,      1.00,             18.4742,                   0,              0.1470
       193,       196,      1.00,              4.9328,                   0,              0.1544
       193,       197,      1.00,              2.4554,                   0,              0.0662
       193,       198,      1.00,              6.8736,                   0,              0.0809
       193,       199,      1.00,              0.5661,                   0,              0.0147
       193,       200,      1.00,              1.5585,                   0,              0.0662
       193,       201,      1.00,             28.9941,                   0,              0.1029
       193,       202,      1.00,              1.8452,                   0,              0.0441
       193,       203,      1.00,              6.5207,                   0,              0.0368
       193,       204,      1.00,              0.6469,                   0,              0.0662
       193,       205,      1.00,              0.9630,                   0,              0.0515
       193,       206,      1.00,              0.8675,                   0,              0.0221
       193,       207,      1.00,              3.0509,                   0,              0.0882
       193,       211,      1.00,                   0,                   0,              0.0074
       193,       212,      1.00,              0.1617,                   0,              0.0147
       193,       213,      1.00,              0.0074,                   0,              0.0074
       193,       228,      1.00,              0.0074,                   0,              0.0221
       193,       229,      1.00,                   0,                   0,              0.0074
       194,        15,      1.00,              0.2058,                   0,                   0
       194,        85,      1.00,              0.0294,                   0,                   0
       194,        92,      1.00,              0.0294,                   0,                   0
       194,        93,      1.00,              0.0294,                   0,                   0
       194,       100,      1.00,              0.0074,                   0,                   0
       194,       116,      1.00,              0.1103,                   0,              0.0147
       194,       117,      1.00,              0.2132,                   0,              0.0074
       194,       119,      1.00,              0.0147,                   0,                   0
       194,       121,      1.00,              0.0368,                   0,                   0
       194,       123,      1.00,                   0,                   0,              0.0074
       194,       124,      1.00,              0.0074,                   0,                   0
       194,       125,      1.00,              0.0074,                   0,                   0
       194,       126,      1.00,              0.0515,                   0,              0.0074
       194,       127,      1.00,              0.0441,                   0,                   0
       194,       128,      1.00,              0.0368,                   0,              0.0074
       194,       132,      1.00,              0.1029,                   0,                   0
       194,       134,      1.00,              0.2058,                   0,                   0
       194,       135,      1.00,              0.6249,                   0,                   0
       194,       136,      1.00,              0.5955,                   0,              0.0074
       194,       137,      1.00,              0.3382,                   0,                   0
       194,       138,      1.00,              0.4778,                   0,                   0
       194,       140,      1.00,              0.0074,                   0,              0.0074
       194,       141,      1.00,              0.1103,                   0,              0.0147
       194,       142,      1.00,              0.0221,                   0,              0.0147
       194,       143,      1.00,              0.1103,                   0,              0.0074
       194,       145,      1.00,              0.1029,                   0,                   0
       194,       146,      1.00,              0.1029,                   0,              0.0074
       194,       147,      1.00,              0.0074,                   0,              0.0074
       194,       148,      1.00,              0.2132,                   0,              0.0147
       194,       149,      1.00,              0.0074,                   0,              0.0147
       194,       150,      1.00,              0.0662,                   0,              0.0147
       194,       151,      1.00,              0.0147,                   0,              0.0147
       194,       152,      1.00,              0.2058,                   0,              0.0074
       194,       153,      1.00,                   0,                   0,              0.0074
       194,       154,      1.00,              0.0074,                   0,              0.0294
       194,       155,      1.00,              0.6249,                   0,              0.0294
       194,       156,      1.00,                   0,                   0,              0.0147
       194,       157,      1.00,              0.5220,                   0,              0.0221
       194,       160,      1.00,              0.0074,                   0,                   0
       194,       161,      1.00,              0.0882,                   0,              0.0294
       194,       162,      1.00,              0.0956,                   0,              0.0147
       194,       164,      1.00,              1.0586,                   0,              0.0294
       194,       165,      1.00,              0.0074,                   0,              0.0147
       194,       166,      1.00,              0.4190,                   0,              0.0221
       194,       167,      1.00,              0.0662,                   0,              0.0147
       194,       168,      1.00,              0.4558,                   0,              0.0147
       194,       169,      1.00,              0.2426,                   0,              0.0147
       194,       170,      1.00,              0.5734,                   0,              0.0368
       194,       172,      1.00,              2.9700,                   0,              0.2794
       194,       173,      1.00,              0.0882,                   0,              0.0221
       194,       174,      1.00,              2.1246,                   0,              0.1691
       194,       175,      1.00,              0.7646,                   0,              0.0956
       194,       176,      1.00,              0.1911,                   0,              0.0221
       194,       177,      1.00,              0.8454,                   0,              0.0147
       194,       178,      1.00,              0.0074,                   0,              0.0147
       194,       179,      1.00,              0.3308,                   0,              0.0368
       194,       180,      1.00,              0.0074,                   0,                   0
       194,       181,      1.00,              0.3529,                   0,              0.0294
       194,       182,      1.00,              0.7131,                   0,              0.1397
       194,       183,      1.00,              1.2644,                   0,              0.0294
       194,       184,      1.00,              3.3155,                   0,              0.2499
       194,       185,      1.00,              5.7415,                   0,              0.2352
       194,       186,      1.00,              0.6543,                   0,              0.0882
       194,       187,      1.00,              8.5865,                   0,              0.0882
       194,       188,      1.00,              8.6821,                   0,              0.2426
       194,       189,      1.00,              0.6396,                   0,              0.0441
       194,       190,      1.00,              1.6320,                   0,              0.1029
       194,       191,      1.00,              0.6249,                   0,              0.0221
       194,       192,      1.00,             11.4683,                   0,              0.1838
       194,       193,      1.00,              1.7570,                   0,              0.0294
       194,       194,      1.00,              3.5434,                   0,              0.0221
       194,       195,      1.00,             15.3939,                   0,              0.2720
       194,       196,      1.00,              1.0880,                   0,              0.1029
       194,       197,      1.00,              1.3527,                   0,              0.0368
       194,       198,      1.00,              1.0733,                   0,              0.0515
       194,       199,      1.00,              0.5440,                   0,              0.0147
       194,       200,      1.00,              0.5440,                   0,              0.0515
       194,       201,      1.00,              3.3670,                   0,              0.0662
       194,       202,      1.00,              1.7055,                   0,              0.0368
       194,       203,      1.00,              2.6759,                   0,              0.0368
       194,       204,      1.00,              0.1323,                   0,              0.0515
       194,       205,      1.00,              0.4264,                   0,              0.0441
       194,       206,      1.00,              0.4190,                   0,              0.0147
       194,       207,      1.00,              0.5072,                   0,              0.0662
       194,       211,      1.00,              0.0074,                   0,                   0
       194,       212,      1.00,              0.0294,                   0,              0.0074
       194,       213,      1.00,              0.0074,                   0,              0.0074
       194,       228,      1.00,              0.0074,                   0,              0.0221
       194,       229,      1.00,                   0,                   0,              0.0074
       195,         1,      1.00,              0.2058,                   0,                   0
       195,         6,      1.00,              0.2058,                   0,                   0
       195,         8,      1.00,              0.1838,                   0,                   0
       195,        11,      1.00,              0.0221,                   0,                   0
       195,        15,      1.00,              0.6175,                   0,                   0
       195,        26,      1.00,              0.0588,                   0,                   0
       195,        28,      1.00,              0.2058,                   0,                   0
       195,        36,      1.00,              0.1029,                   0,                   0
       195,        45,      1.00,              0.0588,                   0,              0.0147
       195,        55,      1.00,              0.2058,                   0,                   0
       195,        58,      1.00,              0.2058,                   0,                   0
       195,        59,      1.00,              0.2058,                   0,                   0
       195,        61,      1.00,              0.2058,                   0,                   0
       195,        62,      1.00,              0.1029,                   0,                   0
       195,        63,      1.00,                   0,                   0,              0.0074
       195,        64,      1.00,              0.1029,                   0,                   0
       195,        65,      1.00,              0.2647,                   0,                   0
       195,        69,      1.00,              0.2058,                   0,                   0
       195,        75,      1.00,              0.2058,                   0,                   0
       195,        76,      1.00,              0.2058,                   0,                   0
       195,        78,      1.00,                   0,                   0,              0.0074
       195,        81,      1.00,              0.0074,                   0,              0.0074
       195,        83,      1.00,              0.2058,                   0,                   0
       195,        84,      1.00,              0.1544,                   0,              0.0074
       195,        85,      1.00,              0.0515,                   0,                   0
       195,        86,      1.00,              0.2647,                   0,                   0
       195,        91,      1.00,              0.0368,                   0,                   0
       195,        92,      1.00,              0.3529,                   0,              0.0074
       195,        93,      1.00,              0.0515,                   0,                   0
       195,        95,      1.00,              0.7204,                   0,                   0
       195,        99,      1.00,              0.0588,                   0,                   0
       195,       100,      1.00,              0.3749,                   0,              0.0147
       195,       101,      1.00,              0.4117,                   0,                   0
       195,       102,      1.00,                   0,                   0,              0.0074
       195,       103,      1.00,              0.4190,                   0,                   0
       195,       104,      1.00,              0.2058,                   0,                   0
       195,       105,      1.00,              0.3161,                   0,                   0
       195,       106,      1.00,              0.0074,                   0,                   0
       195,       107,      1.00,              0.2132,                   0,              0.0074
       195,       109,      1.00,              0.0074,                   0,              0.0074
       195,       110,      1.00,              0.1029,                   0,                   0
       195,       111,      1.00,              0.2058,                   0,                   0
       195,       114,      1.00,              0.1103,                   0,              0.0588
       195,       115,      1.00,                   0,                   0,              0.0735
       195,       116,      1.00,              0.3235,                   0,              0.0662
       195,       117,      1.00,              1.2644,                   0,              0.0147
       195,       118,      1.00,              1.3380,                   0,              0.0147
       195,       119,      1.00,              0.2426,                   0,              0.0147
       195,       120,      1.00,              0.0809,                   0,                   0
       195,       121,      1.00,              0.4705,                   0,              0.0074
       195,       122,      1.00,              0.1029,                   0,              0.0074
       195,       123,      1.00,              0.2058,                   0,              0.0147
       195,       124,      1.00,              0.3161,                   0,              0.0074
       195,       125,      1.00,              0.6910,                   0,              0.0074
       195,       126,      1.00,              0.8748,                   0,              0.0588
       195,       127,      1.00,              1.1542,                   0,              0.0074
       195,       128,      1.00,              0.4631,                   0,              0.0221
       195,       129,      1.00,              0.1323,                   0,              0.0074
       195,       130,      1.00,              0.2058,                   0,                   0
       195,       132,      1.00,              0.0588,                   0,                   0
       195,       134,      1.00,              0.2720,                   0,                   0
       195,       135,      1.00,              1.4115,                   0,              0.0147
       195,       136,      1.00,              2.5289,                   0,              0.0294
       195,       137,      1.00,              1.1615,                   0,              0.0147
       195,       138,      1.00,              1.1027,                   0,              0.0515
       195,       139,      1.00,              0.2132,                   0,              0.0074
       195,       140,      1.00,              2.0731,                   0,              0.0588
       195,       141,      1.00,              0.7498,                   0,              0.0441
       195,       142,      1.00,              0.8528,                   0,              0.0515
       195,       143,      1.00,              0.7278,                   0,              0.0662
       195,       144,      1.00,                   0,                   0,              0.0074
       195,       145,      1.00,              0.1103,                   0,              0.0294
       195,       146,      1.00,              1.1983,                   0,              0.0441
       195,       147,      1.00,              0.4264,                   0,              0.0368
       195,       148,      1.00,              0.7351,                   0,              0.0588
       195,       149,      1.00,              0.8969,                   0,              0.1176
       195,       150,      1.00,              0.6322,                   0,              0.0588
       195,       151,      1.00,              0.6469,                   0,              0.0588
       195,       152,      1.00,              0.4190,                   0,              0.0294
       195,       153,      1.00,              0.3161,                   0,              0.0515
       195,       154,      1.00,              2.1613,                   0,              0.1323
       195,       155,      1.00,              1.2350,                   0,              0.0882
       195,       156,      1.00,              0.2058,                   0,              0.0147
       195,       157,      1.00,              0.7572,                   0,              0.1470
       195,       159,      1.00,              0.0074,                   0,              0.0074
       195,       160,      1.00,              0.4852,                   0,              0.0221
       195,       161,      1.00,              0.4484,                   0,              0.1176
       195,       162,      1.00,              2.9700,                   0,              0.1617
       195,       163,      1.00,              0.0074,                   0,                   0
       195,       164,      1.00,              4.0212,                   0,              0.2720
       195,       165,      1.00,              1.3453,                   0,              0.0588
       195,       166,      1.00,              1.7202,                   0,              0.1103
       195,       167,      1.00,              1.6835,                   0,              0.2058
       195,       168,      1.00,              1.8746,                   0,              0.1617
       195,       169,      1.00,              1.3233,                   0,              0.1544
       195,       170,      1.00,              5.4107,                   0,              0.1985
       195,       171,      1.00,              0.1470,                   0,              0.0294
       195,       172,      1.00,             16.8495,                   0,              2.2348
       195,       173,      1.00,              1.6614,                   0,              0.0956
       195,       174,      1.00,             12.4607,                   0,              0.6616
       195,       175,      1.00,              5.3739,                   0,              0.2720
       195,       176,      1.00,              1.6320,                   0,              0.1029
       195,       177,      1.00,              3.3964,                   0,              0.2279
       195,       178,      1.00,              2.6906,                   0,              0.0662
       195,       179,      1.00,              2.6833,                   0,              0.3014
       195,       180,      1.00,              1.3159,                   0,              0.0221
       195,       181,      1.00,              7.2412,                   0,              0.3235
       195,       182,      1.00,              9.5569,                   0,              0.3602
       195,       183,      1.00,             11.0419,                   0,              0.3235
       195,       184,      1.00,             41.6239,                   0,              0.8087
       195,       185,      1.00,             33.5667,                   0,              0.9998
       195,       186,      1.00,              7.0647,                   0,              0.6763
       195,       187,      1.00,             39.8007,                   0,              0.3676
       195,       188,      1.00,             58.4881,                   0,              1.4115
       195,       189,      1.00,              5.4254,                   0,              0.2720
       195,       190,      1.00,             10.2920,                   0,              0.5072
       195,       191,      1.00,              2.7788,                   0,              0.1103
       195,       192,      1.00,             60.3113,                   0,              1.2939
       195,       193,      1.00,             18.6212,                   0,              0.1470
       195,       194,      1.00,             12.0637,                   0,              0.2720
       195,       195,      1.00,            194.1664,                   0,              0.9851
       195,       196,      1.00,             12.4828,                   0,              0.6837
       195,       197,      1.00,              7.1236,                   0,              0.3529
       195,       198,      1.00,             12.6298,                   0,              0.2941
       195,       199,      1.00,              1.6835,                   0,              0.0588
       195,       200,      1.00,              3.6537,                   0,              0.2499
       195,       201,      1.00,             35.3678,                   0,              0.3529
       195,       202,      1.00,              5.1460,                   0,              0.1691
       195,       203,      1.00,             22.0837,                   0,              0.1470
       195,       204,      1.00,              1.6247,                   0,              0.2867
       195,       205,      1.00,              1.4776,                   0,              0.2647
       195,       206,      1.00,              1.4556,                   0,              0.0662
       195,       207,      1.00,              6.6163,                   0,              0.3529
       195,       211,      1.00,              0.7425,                   0,              0.0441
       195,       212,      1.00,              0.8969,                   0,              0.0441
       195,       213,      1.00,              0.8528,                   0,              0.0294
       195,       214,      1.00,              0.0074,                   0,              0.0074
       195,       224,      1.00,                   0,                   0,              0.0147
       195,       226,      1.00,                   0,                   0,              0.0074
       195,       227,      1.00,                   0,                   0,              0.0147
       195,       228,      1.00,              0.0221,                   0,              0.0882
       195,       229,      1.00,                   0,                   0,              0.0147
       196,         9,      1.00,              0.2058,                   0,                   0
       196,        11,      1.00,              0.2058,                   0,                   0
       196,        12,      1.00,              0.2058,                   0,                   0
       196,        15,      1.00,              0.0809,                   0,                   0
       196,        19,      1.00,              0.1250,                   0,                   0
       196,        22,      1.00,              0.2058,                   0,                   0
       196,        27,      1.00,              0.2058,                   0,                   0
       196,        28,      1.00,              0.2058,                   0,              0.0074
       196,        30,      1.00,                   0,                   0,              0.0074
       196,        31,      1.00,                   0,                   0,              0.0074
       196,        33,      1.00,                   0,                   0,              0.0074
       196,        35,      1.00,              0.0588,                   0,                   0
       196,        44,      1.00,              0.2058,                   0,                   0
       196,        45,      1.00,              0.2058,                   0,              0.0074
       196,        54,      1.00,              0.2058,                   0,                   0
       196,        58,      1.00,              0.2058,                   0,                   0
       196,        59,      1.00,                   0,                   0,              0.0074
       196,        60,      1.00,              0.1029,                   0,                   0
       196,        61,      1.00,                   0,                   0,              0.0074
       196,        62,      1.00,              0.2058,                   0,              0.0074
       196,        63,      1.00,              0.2058,                   0,              0.0074
       196,        64,      1.00,                   0,                   0,              0.0221
       196,        65,      1.00,              0.4117,                   0,                   0
       196,        67,      1.00,                   0,                   0,              0.0074
       196,        75,      1.00,                   0,                   0,              0.0147
       196,        76,      1.00,                   0,                   0,              0.0074
       196,        79,      1.00,              0.2058,                   0,              0.0074
       196,        80,      1.00,                   0,                   0,              0.0074
       196,        83,      1.00,                   0,                   0,              0.0074
       196,        84,      1.00,              0.0588,                   0,              0.0074
       196,        85,      1.00,              0.1029,                   0,              0.0074
       196,        86,      1.00,                   0,                   0,              0.0074
       196,        90,      1.00,              0.2058,                   0,              0.0074
       196,        92,      1.00,              0.1176,                   0,              0.0147
       196,        94,      1.00,                   0,                   0,              0.0074
       196,        95,      1.00,                   0,                   0,              0.0147
       196,        97,      1.00,                   0,                   0,              0.0074
       196,        98,      1.00,                   0,                   0,              0.0074
       196,        99,      1.00,                   0,                   0,              0.0147
       196,       100,      1.00,              0.2058,                   0,              0.0515
       196,       101,      1.00,              0.1029,                   0,              0.0147
       196,       102,      1.00,              0.1029,                   0,              0.0074
       196,       103,      1.00,              0.5146,                   0,              0.0147
       196,       104,      1.00,                   0,                   0,              0.0074
       196,       105,      1.00,                   0,                   0,              0.0147
       196,       106,      1.00,                   0,                   0,              0.0074
       196,       107,      1.00,                   0,                   0,              0.0074
       196,       108,      1.00,                   0,                   0,              0.0074
       196,       109,      1.00,              0.1029,                   0,              0.0074
       196,       114,      1.00,              0.3088,                   0,              0.0147
       196,       116,      1.00,              0.2132,                   0,              0.0441
       196,       117,      1.00,              0.9924,                   0,              0.0441
       196,       118,      1.00,              0.4117,                   0,              0.0221
       196,       119,      1.00,              0.1250,                   0,              0.0147
       196,       120,      1.00,              0.0368,                   0,              0.0074
       196,       121,      1.00,              0.2132,                   0,              0.0147
       196,       122,      1.00,              0.2058,                   0,              0.0147
       196,       123,      1.00,                   0,                   0,              0.0147
       196,       124,      1.00,              0.0662,                   0,              0.0294
       196,       125,      1.00,              0.4190,                   0,              0.0294
       196,       126,      1.00,              0.2352,                   0,              0.0368
       196,       127,      1.00,              0.3382,                   0,              0.0294
       196,       128,      1.00,              0.1029,                   0,              0.0221
       196,       129,      1.00,              0.1029,                   0,              0.0074
       196,       131,      1.00,                   0,                   0,              0.0074
       196,       132,      1.00,                   0,                   0,              0.0074
       196,       133,      1.00,                   0,                   0,              0.0074
       196,       134,      1.00,                   0,                   0,              0.0074
       196,       135,      1.00,              0.0662,                   0,              0.0368
       196,       136,      1.00,              0.5072,                   0,              0.0515
       196,       137,      1.00,              0.1838,                   0,              0.0221
       196,       138,      1.00,              0.2720,                   0,              0.0441
       196,       139,      1.00,              0.2058,                   0,              0.0074
       196,       140,      1.00,              0.2132,                   0,              0.0441
       196,       141,      1.00,              0.2205,                   0,              0.0588
       196,       142,      1.00,              0.2426,                   0,              0.0588
       196,       143,      1.00,              0.1250,                   0,              0.0368
       196,       144,      1.00,              0.1323,                   0,              0.0074
       196,       145,      1.00,                   0,                   0,              0.0147
       196,       146,      1.00,              0.2941,                   0,              0.0735
       196,       147,      1.00,              0.0074,                   0,              0.0368
       196,       148,      1.00,              0.0735,                   0,              0.0515
       196,       149,      1.00,              0.0074,                   0,              0.0368
       196,       150,      1.00,              0.4778,                   0,              0.0515
       196,       151,      1.00,              0.4264,                   0,              0.0662
       196,       152,      1.00,              0.0074,                   0,              0.0294
       196,       153,      1.00,              0.2720,                   0,              0.0294
       196,       154,      1.00,              0.5440,                   0,              0.1250
       196,       155,      1.00,              0.1176,                   0,              0.0809
       196,       156,      1.00,                   0,                   0,              0.0147
       196,       157,      1.00,              0.4190,                   0,              0.0441
       196,       159,      1.00,                   0,                   0,              0.0074
       196,       160,      1.00,              0.0074,                   0,              0.0294
       196,       161,      1.00,              0.0735,                   0,              0.0735
       196,       162,      1.00,              0.1470,                   0,              0.1250
       196,       163,      1.00,                   0,                   0,              0.0074
       196,       164,      1.00,              0.7793,                   0,              0.1691
       196,       165,      1.00,              0.1103,                   0,              0.0515
       196,       166,      1.00,              0.1103,                   0,              0.0735
       196,       167,      1.00,              0.2132,                   0,              0.0588
       196,       168,      1.00,              1.4556,                   0,              0.0809
       196,       169,      1.00,              0.4852,                   0,              0.0515
       196,       170,      1.00,              1.4041,                   0,              0.1176
       196,       171,      1.00,              0.0735,                   0,              0.0588
       196,       172,      1.00,              6.7119,                   0,              0.5808
       196,       173,      1.00,              0.2647,                   0,              0.0515
       196,       174,      1.00,              2.2789,                   0,              0.3676
       196,       175,      1.00,              1.0145,                   0,              0.1911
       196,       176,      1.00,              0.0588,                   0,              0.0588
       196,       177,      1.00,              0.9557,                   0,              0.1103
       196,       178,      1.00,              0.4190,                   0,              0.0588
       196,       179,      1.00,              0.4411,                   0,              0.1323
       196,       180,      1.00,              0.2132,                   0,              0.0221
       196,       181,      1.00,              0.4778,                   0,              0.1470
       196,       182,      1.00,              0.9704,                   0,              0.2279
       196,       183,      1.00,              0.4558,                   0,              0.0882
       196,       184,      1.00,              4.1242,                   0,              0.3088
       196,       185,      1.00,              2.5804,                   0,              0.5440
       196,       186,      1.00,              0.7278,                   0,              0.4043
       196,       187,      1.00,              3.3008,                   0,              0.1617
       196,       188,      1.00,             14.8426,                   0,              0.6690
       196,       189,      1.00,              1.3894,                   0,              0.1250
       196,       190,      1.00,              2.7715,                   0,              0.3088
       196,       191,      1.00,              2.6245,                   0,              0.1250
       196,       192,      1.00,             51.6880,                   0,              1.1983
       196,       193,      1.00,              5.8150,                   0,              0.1544
       196,       194,      1.00,              0.7793,                   0,              0.1029
       196,       195,      1.00,             10.7552,                   0,              0.6837
       196,       196,      1.00,            162.2391,                   0,              1.2424
       196,       197,      1.00,             13.6737,                   0,              0.2573
       196,       198,      1.00,             27.7811,                   0,              0.4117
       196,       199,      1.00,             10.2700,                   0,              0.1397
       196,       200,      1.00,             47.9535,                   0,              0.6690
       196,       201,      1.00,             20.4664,                   0,              0.3676
       196,       202,      1.00,             30.8467,                   0,              0.3749
       196,       203,      1.00,              2.9994,                   0,              0.1103
       196,       204,      1.00,             33.3241,                   0,              0.6102
       196,       205,      1.00,             17.7831,                   0,              0.6249
       196,       206,      1.00,              2.8156,                   0,              0.1397
       196,       207,      1.00,             41.7048,                   0,              0.9410
       196,       209,      1.00,                   0,                   0,              0.0074
       196,       211,      1.00,              0.4264,                   0,              0.0368
       196,       212,      1.00,              0.0368,                   0,              0.0809
       196,       213,      1.00,              0.2205,                   0,              0.0368
       196,       214,      1.00,                   0,                   0,              0.0074
       196,       224,      1.00,                   0,                   0,              0.0074
       196,       226,      1.00,                   0,                   0,              0.0074
       196,       227,      1.00,                   0,                   0,              0.0074
       196,       228,      1.00,              0.0735,                   0,              0.1911
       196,       229,      1.00,              0.0147,                   0,              0.0368
       197,        15,      1.00,              0.2058,                   0,                   0
       197,        17,      1.00,              0.2058,                   0,                   0
       197,        23,      1.00,              0.2058,                   0,                   0
       197,        37,      1.00,              0.2058,                   0,                   0
       197,        64,      1.00,              0.1029,                   0,                   0
       197,        67,      1.00,              0.0588,                   0,                   0
       197,        68,      1.00,              0.0441,                   0,                   0
       197,        83,      1.00,              0.1250,                   0,                   0
       197,        84,      1.00,              0.0221,                   0,                   0
       197,        85,      1.00,              0.0515,                   0,                   0
       197,        87,      1.00,              0.3088,                   0,                   0
       197,        92,      1.00,              0.0221,                   0,                   0
       197,        93,      1.00,              0.0221,                   0,                   0
       197,        95,      1.00,              0.1029,                   0,                   0
       197,       100,      1.00,              0.2058,                   0,                   0
       197,       112,      1.00,              0.1029,                   0,                   0
       197,       114,      1.00,              0.1029,                   0,              0.0074
       197,       115,      1.00,                   0,                   0,              0.0074
       197,       116,      1.00,                   0,                   0,              0.0074
       197,       117,      1.00,                   0,                   0,              0.0074
       197,       118,      1.00,              0.7204,                   0,                   0
       197,       119,      1.00,              0.0515,                   0,                   0
       197,       120,      1.00,              0.0441,                   0,                   0
       197,       121,      1.00,              0.0294,                   0,                   0
       197,       122,      1.00,              0.1029,                   0,                   0
       197,       124,      1.00,                   0,                   0,              0.0074
       197,       126,      1.00,              0.0662,                   0,              0.0074
       197,       127,      1.00,              0.0662,                   0,              0.0074
       197,       128,      1.00,              0.0368,                   0,              0.0074
       197,       132,      1.00,              0.1029,                   0,                   0
       197,       134,      1.00,              0.1029,                   0,                   0
       197,       135,      1.00,              0.2058,                   0,              0.0074
       197,       136,      1.00,                   0,                   0,              0.0074
       197,       137,      1.00,                   0,                   0,              0.0074
       197,       138,      1.00,              0.4117,                   0,              0.0074
       197,       140,      1.00,                   0,                   0,              0.0074
       197,       141,      1.00,              0.1029,                   0,              0.0147
       197,       142,      1.00,              0.1838,                   0,              0.0147
       197,       143,      1.00,              0.0882,                   0,              0.0074
       197,       145,      1.00,              0.0147,                   0,                   0
       197,       146,      1.00,              0.1985,                   0,              0.0147
       197,       147,      1.00,                   0,                   0,              0.0074
       197,       148,      1.00,                   0,                   0,              0.0147
       197,       149,      1.00,                   0,                   0,              0.0147
       197,       150,      1.00,                   0,                   0,              0.0147
       197,       151,      1.00,                   0,                   0,              0.0147
       197,       152,      1.00,              0.2058,                   0,              0.0074
       197,       153,      1.00,                   0,                   0,              0.0147
       197,       154,      1.00,              0.1029,                   0,              0.0294
       197,       155,      1.00,              0.7719,                   0,              0.0294
       197,       156,      1.00,                   0,                   0,              0.0147
       197,       157,      1.00,                   0,                   0,              0.0294
       197,       160,      1.00,                   0,                   0,              0.0074
       197,       161,      1.00,              0.2279,                   0,              0.0221
       197,       162,      1.00,              0.2205,                   0,              0.0294
       197,       164,      1.00,              0.0956,                   0,              0.0368
       197,       165,      1.00,                   0,                   0,              0.0147
       197,       166,      1.00,              0.2058,                   0,              0.0147
       197,       167,      1.00,                   0,                   0,              0.0515
       197,       168,      1.00,              0.0515,                   0,              0.0221
       197,       169,      1.00,              0.0882,                   0,              0.0147
       197,       170,      1.00,              0.4558,                   0,              0.0441
       197,       172,      1.00,              2.9038,                   0,              0.3823
       197,       173,      1.00,              0.0368,                   0,              0.0515
       197,       174,      1.00,              1.5291,                   0,              0.2352
       197,       175,      1.00,              0.4484,                   0,              0.0735
       197,       176,      1.00,              0.0735,                   0,              0.0588
       197,       177,      1.00,              0.0735,                   0,              0.0294
       197,       178,      1.00,                   0,                   0,              0.0147
       197,       179,      1.00,              0.7278,                   0,              0.0515
       197,       180,      1.00,              0.2058,                   0,              0.0074
       197,       181,      1.00,              0.3235,                   0,              0.0515
       197,       182,      1.00,              0.3382,                   0,              0.1103
       197,       183,      1.00,              0.8307,                   0,              0.0515
       197,       184,      1.00,              1.8305,                   0,              0.1691
       197,       185,      1.00,              1.5291,                   0,              0.3823
       197,       186,      1.00,              0.5881,                   0,              0.3235
       197,       187,      1.00,              1.0513,                   0,              0.0662
       197,       188,      1.00,              6.0796,                   0,              0.2279
       197,       189,      1.00,              0.2132,                   0,              0.0515
       197,       190,      1.00,              1.3894,                   0,              0.0956
       197,       191,      1.00,              0.4190,                   0,              0.0221
       197,       192,      1.00,             12.8503,                   0,              0.2867
       197,       193,      1.00,              2.4333,                   0,              0.0662
       197,       194,      1.00,              0.4264,                   0,              0.0368
       197,       195,      1.00,              4.6608,                   0,              0.3529
       197,       196,      1.00,              9.0349,                   0,              0.2573
       197,       197,      1.00,              9.1378,                   0,              0.1029
       197,       198,      1.00,             11.7991,                   0,              0.1250
       197,       199,      1.00,              1.8599,                   0,              0.0221
       197,       200,      1.00,              2.0658,                   0,              0.0956
       197,       201,      1.00,              8.7041,                   0,              0.1470
       197,       202,      1.00,              5.8665,                   0,              0.0662
       197,       203,      1.00,              2.3745,                   0,              0.0368
       197,       204,      1.00,              0.7646,                   0,              0.1029
       197,       205,      1.00,              1.5585,                   0,              0.1176
       197,       206,      1.00,              0.9336,                   0,              0.0221
       197,       207,      1.00,              3.0509,                   0,              0.1397
       197,       211,      1.00,                   0,                   0,              0.0074
       197,       212,      1.00,              0.2499,                   0,              0.0147
       197,       213,      1.00,                   0,                   0,              0.0074
       197,       228,      1.00,              0.0074,                   0,              0.0294
       197,       229,      1.00,                   0,                   0,              0.0074
       198,        28,      1.00,              0.0588,                   0,                   0
       198,        31,      1.00,              0.2058,                   0,                   0
       198,        33,      1.00,              0.2058,                   0,              0.0074
       198,        40,      1.00,              0.1029,                   0,                   0
       198,        45,      1.00,              0.2058,                   0,                   0
       198,        61,      1.00,                   0,                   0,              0.0074
       198,        67,      1.00,              0.1029,                   0,              0.0074
       198,        71,      1.00,              0.2058,                   0,                   0
       198,        75,      1.00,                   0,                   0,              0.0074
       198,        79,      1.00,                   0,                   0,              0.0074
       198,        83,      1.00,                   0,                   0,              0.0074
       198,        84,      1.00,              0.0368,                   0,              0.0074
       198,        85,      1.00,              0.0515,                   0,              0.0074
       198,        92,      1.00,              0.0294,                   0,              0.0074
       198,        93,      1.00,              0.0294,                   0,                   0
       198,        95,      1.00,              0.4117,                   0,              0.0074
       198,        98,      1.00,              0.2058,                   0,                   0
       198,        99,      1.00,                   0,                   0,              0.0074
       198,       100,      1.00,              0.2058,                   0,              0.0147
       198,       101,      1.00,                   0,                   0,              0.0074
       198,       103,      1.00,                   0,                   0,              0.0074
       198,       105,      1.00,                   0,                   0,              0.0074
       198,       106,      1.00,                   0,                   0,              0.0074
       198,       107,      1.00,                   0,                   0,              0.0074
       198,       113,      1.00,              0.2058,                   0,                   0
       198,       114,      1.00,              0.2647,                   0,              0.0074
       198,       116,      1.00,                   0,                   0,              0.0221
       198,       117,      1.00,              0.3088,                   0,              0.0221
       198,       118,      1.00,                   0,                   0,              0.0147
       198,       119,      1.00,              0.0735,                   0,              0.0074
       198,       120,      1.00,                   0,                   0,              0.0074
       198,       121,      1.00,              0.0441,                   0,              0.0074
       198,       122,      1.00,                   0,                   0,              0.0074
       198,       123,      1.00,                   0,                   0,              0.0074
       198,       124,      1.00,                   0,                   0,              0.0147
       198,       125,      1.00,                   0,                   0,              0.0147
       198,       126,      1.00,              0.1103,                   0,              0.0221
       198,       127,      1.00,              0.1544,                   0,              0.0147
       198,       128,      1.00,              0.0588,                   0,              0.0147
       198,       134,      1.00,                   0,                   0,              0.0074
       198,       135,      1.00,              0.1029,                   0,              0.0221
       198,       136,      1.00,              0.3088,                   0,              0.0294
       198,       137,      1.00,              0.3161,                   0,              0.0147
       198,       138,      1.00,              0.4117,                   0,              0.0221
       198,       140,      1.00,              0.3088,                   0,              0.0221
       198,       141,      1.00,              0.1470,                   0,              0.0294
       198,       142,      1.00,              0.2573,                   0,              0.0294
       198,       143,      1.00,              0.0882,                   0,              0.0221
       198,       144,      1.00,                   0,                   0,              0.0074
       198,       145,      1.00,                   0,                   0,              0.0074
       198,       146,      1.00,              0.1176,                   0,              0.0368
       198,       147,      1.00,                   0,                   0,              0.0221
       198,       148,      1.00,              0.2058,                   0,              0.0294
       198,       149,      1.00,                   0,                   0,              0.0221
       198,       150,      1.00,              0.1029,                   0,              0.0221
       198,       151,      1.00,              0.2132,                   0,              0.0294
       198,       152,      1.00,                   0,                   0,              0.0147
       198,       153,      1.00,                   0,                   0,              0.0147
       198,       154,      1.00,              0.4190,                   0,              0.0588
       198,       155,      1.00,              0.4190,                   0,              0.0368
       198,       156,      1.00,                   0,                   0,              0.0074
       198,       157,      1.00,              0.2058,                   0,              0.0147
       198,       160,      1.00,              0.2058,                   0,              0.0147
       198,       161,      1.00,              0.0441,                   0,              0.0368
       198,       162,      1.00,              0.5293,                   0,              0.0662
       198,       163,      1.00,              0.0294,                   0,                   0
       198,       164,      1.00,              1.2865,                   0,              0.0882
       198,       165,      1.00,              0.3088,                   0,              0.0221
       198,       166,      1.00,              0.5146,                   0,              0.0368
       198,       167,      1.00,                   0,                   0,              0.0294
       198,       168,      1.00,              0.1470,                   0,              0.0368
       198,       169,      1.00,              0.1911,                   0,              0.0294
       198,       170,      1.00,              0.6102,                   0,              0.0588
       198,       171,      1.00,                   0,                   0,              0.0147
       198,       172,      1.00,              5.1828,                   0,              0.2499
       198,       173,      1.00,              0.0368,                   0,              0.0147
       198,       174,      1.00,              1.2277,                   0,              0.1617
       198,       175,      1.00,              0.6396,                   0,              0.0956
       198,       176,      1.00,              0.0735,                   0,              0.0221
       198,       177,      1.00,              0.0147,                   0,              0.0515
       198,       178,      1.00,                   0,                   0,              0.0294
       198,       179,      1.00,              0.0147,                   0,              0.0662
       198,       180,      1.00,                   0,                   0,              0.0074
       198,       181,      1.00,              0.8087,                   0,              0.0735
       198,       182,      1.00,              0.3308,                   0,              0.1029
       198,       183,      1.00,              0.7351,                   0,              0.0441
       198,       184,      1.00,              1.8673,                   0,              0.1323
       198,       185,      1.00,              4.6608,                   0,              0.2132
       198,       186,      1.00,              0.1250,                   0,              0.1397
       198,       187,      1.00,              4.2932,                   0,              0.0735
       198,       188,      1.00,             15.3425,                   0,              0.3970
       198,       189,      1.00,              2.3304,                   0,              0.0515
       198,       190,      1.00,              1.6908,                   0,              0.1470
       198,       191,      1.00,              1.5144,                   0,              0.0588
       198,       192,      1.00,             47.2404,                   0,              0.6249
       198,       193,      1.00,              5.5871,                   0,              0.0809
       198,       194,      1.00,              0.6396,                   0,              0.0515
       198,       195,      1.00,             11.9314,                   0,              0.2941
       198,       196,      1.00,             23.3850,                   0,              0.4117
       198,       197,      1.00,             11.6962,                   0,              0.1250
       198,       198,      1.00,             61.8624,                   0,              0.1911
       198,       199,      1.00,              6.1679,                   0,              0.0588
       198,       200,      1.00,             11.8799,                   0,              0.2132
       198,       201,      1.00,             25.5169,                   0,              0.2205
       198,       202,      1.00,             18.6212,                   0,              0.1691
       198,       203,      1.00,              3.0950,                   0,              0.0588
       198,       204,      1.00,              2.7200,                   0,              0.1838
       198,       205,      1.00,              3.0950,                   0,              0.1250
       198,       206,      1.00,              2.2642,                   0,              0.0662
       198,       207,      1.00,             11.8064,                   0,              0.2867
       198,       209,      1.00,              0.3088,                   0,                   0
       198,       211,      1.00,              0.2132,                   0,              0.0147
       198,       212,      1.00,              0.0147,                   0,              0.0368
       198,       213,      1.00,              0.3161,                   0,              0.0221
       198,       214,      1.00,              0.0368,                   0,              0.0074
       198,       227,      1.00,                   0,                   0,              0.0074
       198,       228,      1.00,              0.0147,                   0,              0.0588
       198,       229,      1.00,                   0,                   0,              0.0147
       199,         1,      1.00,              0.0221,                   0,                   0
       199,         2,      1.00,              0.0221,                   0,                   0
       199,        31,      1.00,              0.0221,                   0,                   0
       199,        39,      1.00,              0.0441,                   0,                   0
       199,        47,      1.00,              0.0074,                   0,                   0
       199,        52,      1.00,              0.0441,                   0,                   0
       199,        64,      1.00,                   0,                   0,              0.0074
       199,        75,      1.00,              0.0441,                   0,                   0
       199,        84,      1.00,              0.0221,                   0,                   0
       199,        85,      1.00,              0.0221,                   0,                   0
       199,        92,      1.00,              0.0294,                   0,                   0
       199,        95,      1.00,              0.0441,                   0,                   0
       199,       100,      1.00,              0.0882,                   0,              0.0074
       199,       103,      1.00,              0.0441,                   0,                   0
       199,       105,      1.00,              0.0221,                   0,                   0
       199,       112,      1.00,              0.0221,                   0,                   0
       199,       114,      1.00,              0.1029,                   0,                   0
       199,       116,      1.00,                   0,                   0,              0.0074
       199,       117,      1.00,              0.0221,                   0,                   0
       199,       118,      1.00,              0.0147,                   0,                   0
       199,       119,      1.00,              0.0294,                   0,                   0
       199,       120,      1.00,              0.0147,                   0,                   0
       199,       121,      1.00,              0.0294,                   0,                   0
       199,       126,      1.00,              0.0221,                   0,                   0
       199,       127,      1.00,              0.0515,                   0,                   0
       199,       128,      1.00,              0.0147,                   0,                   0
       199,       134,      1.00,              0.0441,                   0,                   0
       199,       135,      1.00,              0.0147,                   0,                   0
       199,       137,      1.00,              0.0441,                   0,                   0
       199,       138,      1.00,              0.0294,                   0,                   0
       199,       140,      1.00,              0.0441,                   0,                   0
       199,       141,      1.00,              0.0294,                   0,              0.0074
       199,       142,      1.00,              0.0441,                   0,              0.0074
       199,       143,      1.00,              0.0515,                   0,                   0
       199,       144,      1.00,              0.0294,                   0,                   0
       199,       145,      1.00,              0.0074,                   0,                   0
       199,       146,      1.00,              0.0294,                   0,              0.0074
       199,       148,      1.00,              0.1617,                   0,              0.0074
       199,       149,      1.00,                   0,                   0,              0.0074
       199,       150,      1.00,              0.0221,                   0,              0.0074
       199,       151,      1.00,                   0,                   0,              0.0074
       199,       153,      1.00,              0.0441,                   0,                   0
       199,       154,      1.00,              0.1029,                   0,              0.0147
       199,       155,      1.00,                   0,                   0,              0.0074
       199,       157,      1.00,              0.0441,                   0,                   0
       199,       161,      1.00,              0.0147,                   0,              0.0074
       199,       162,      1.00,              0.0662,                   0,              0.0074
       199,       164,      1.00,              0.1176,                   0,              0.0074
       199,       165,      1.00,              0.0294,                   0,              0.0074
       199,       166,      1.00,                   0,                   0,              0.0074
       199,       167,      1.00,              0.0221,                   0,              0.0074
       199,       168,      1.00,              0.0956,                   0,              0.0074
       199,       169,      1.00,              0.1176,                   0,              0.0074
       199,       170,      1.00,              0.1176,                   0,              0.0147
       199,       171,      1.00,                   0,                   0,              0.0074
       199,       172,      1.00,              0.8160,                   0,              0.0662
       199,       173,      1.00,              0.0441,                   0,              0.0074
       199,       174,      1.00,              0.2941,                   0,              0.0441
       199,       175,      1.00,              0.0515,                   0,              0.0221
       199,       176,      1.00,              0.0588,                   0,              0.0074
       199,       177,      1.00,              0.1397,                   0,              0.0074
       199,       178,      1.00,                   0,                   0,              0.0074
       199,       179,      1.00,              0.0956,                   0,              0.0147
       199,       181,      1.00,              0.1323,                   0,              0.0074
       199,       182,      1.00,              0.2132,                   0,              0.0221
       199,       183,      1.00,              0.0735,                   0,              0.0074
       199,       184,      1.00,              0.5661,                   0,              0.0294
       199,       185,      1.00,              0.6837,                   0,              0.0588
       199,       186,      1.00,              0.2941,                   0,              0.0441
       199,       187,      1.00,              0.4999,                   0,              0.0147
       199,       188,      1.00,              3.5140,                   0,              0.0809
       199,       189,      1.00,              0.3749,                   0,              0.0147
       199,       190,      1.00,              0.4705,                   0,              0.0368
       199,       191,      1.00,              0.4411,                   0,              0.0221
       199,       192,      1.00,             15.2469,                   0,              0.1617
       199,       193,      1.00,              0.9336,                   0,              0.0147
       199,       194,      1.00,              0.0662,                   0,              0.0147
       199,       195,      1.00,              1.9849,                   0,              0.0588
       199,       196,      1.00,             13.4605,                   0,              0.1397
       199,       197,      1.00,              2.3892,                   0,              0.0221
       199,       198,      1.00,              8.0351,                   0,              0.0588
       199,       199,      1.00,              4.6682,                   0,              0.0147
       199,       200,      1.00,              6.5428,                   0,              0.0809
       199,       201,      1.00,              2.9626,                   0,              0.0441
       199,       202,      1.00,             13.9825,                   0,              0.0441
       199,       203,      1.00,              0.4337,                   0,              0.0147
       199,       204,      1.00,              2.3084,                   0,              0.0588
       199,       205,      1.00,              2.0658,                   0,              0.0515
       199,       206,      1.00,              1.4703,                   0,              0.0221
       199,       207,      1.00,              8.7409,                   0,              0.1103
       199,       210,      1.00,              0.0074,                   0,                   0
       199,       212,      1.00,              0.0294,                   0,                   0
       199,       213,      1.00,              0.0147,                   0,                   0
       199,       228,      1.00,              0.0074,                   0,              0.0221
       199,       229,      1.00,                   0,                   0,              0.0074
       200,        29,      1.00,                   0,                   0,              0.0074
       200,        33,      1.00,                   0,                   0,              0.0074
       200,        59,      1.00,                   0,                   0,              0.0074
       200,        61,      1.00,              0.2058,                   0,              0.0074
       200,        62,      1.00,                   0,                   0,              0.0074
       200,        63,      1.00,                   0,                   0,              0.0074
       200,        64,      1.00,                   0,                   0,              0.0221
       200,        66,      1.00,              0.1029,                   0,                   0
       200,        67,      1.00,                   0,                   0,              0.0074
       200,        72,      1.00,                   0,                   0,              0.0074
       200,        75,      1.00,                   0,                   0,              0.0147
       200,        76,      1.00,                   0,                   0,              0.0074
       200,        79,      1.00,                   0,                   0,              0.0074
       200,        84,      1.00,              0.0515,                   0,                   0
       200,        85,      1.00,              0.0294,                   0,              0.0074
       200,        91,      1.00,              0.0294,                   0,                   0
       200,        92,      1.00,              0.0368,                   0,              0.0074
       200,        94,      1.00,              0.2058,                   0,                   0
       200,        95,      1.00,                   0,                   0,              0.0074
       200,        99,      1.00,                   0,                   0,              0.0074
       200,       100,      1.00,                   0,                   0,              0.0368
       200,       101,      1.00,                   0,                   0,              0.0147
       200,       102,      1.00,                   0,                   0,              0.0074
       200,       103,      1.00,                   0,                   0,              0.0074
       200,       105,      1.00,                   0,                   0,              0.0074
       200,       114,      1.00,                   0,                   0,              0.0074
       200,       116,      1.00,              0.0074,                   0,              0.0221
       200,       117,      1.00,              0.0074,                   0,              0.0221
       200,       118,      1.00,                   0,                   0,              0.0074
       200,       119,      1.00,                   0,                   0,              0.0074
       200,       120,      1.00,              0.0294,                   0,                   0
       200,       121,      1.00,              0.0588,                   0,              0.0074
       200,       122,      1.00,              0.2058,                   0,              0.0074
       200,       123,      1.00,                   0,                   0,              0.0074
       200,       124,      1.00,                   0,                   0,              0.0147
       200,       125,      1.00,                   0,                   0,              0.0147
       200,       126,      1.00,              0.0882,                   0,              0.0147
       200,       127,      1.00,              0.1176,                   0,              0.0147
       200,       128,      1.00,              0.0515,                   0,              0.0147
       200,       135,      1.00,                   0,                   0,              0.0221
       200,       136,      1.00,              0.4631,                   0,              0.0221
       200,       137,      1.00,              0.0588,                   0,              0.0074
       200,       138,      1.00,              0.2132,                   0,              0.0221
       200,       140,      1.00,              0.2132,                   0,              0.0221
       200,       141,      1.00,              0.0147,                   0,              0.0294
       200,       142,      1.00,              0.0956,                   0,              0.0294
       200,       143,      1.00,              0.0662,                   0,              0.0221
       200,       145,      1.00,                   0,                   0,              0.0074
       200,       146,      1.00,              0.0368,                   0,              0.0294
       200,       147,      1.00,              0.0074,                   0,              0.0147
       200,       148,      1.00,              0.4190,                   0,              0.0294
       200,       149,      1.00,                   0,                   0,              0.0147
       200,       150,      1.00,              0.0662,                   0,              0.0221
       200,       151,      1.00,              0.0074,                   0,              0.0294
       200,       152,      1.00,                   0,                   0,              0.0147
       200,       153,      1.00,                   0,                   0,              0.0147
       200,       154,      1.00,              0.2132,                   0,              0.0588
       200,       155,      1.00,              0.2132,                   0,              0.0368
       200,       156,      1.00,                   0,                   0,              0.0074
       200,       157,      1.00,              0.2132,                   0,              0.0221
       200,       160,      1.00,                   0,                   0,              0.0147
       200,       161,      1.00,              0.0368,                   0,              0.0368
       200,       162,      1.00,              0.2279,                   0,              0.0515
       200,       164,      1.00,              0.0441,                   0,              0.0735
       200,       165,      1.00,              0.2058,                   0,              0.0221
       200,       166,      1.00,              0.2720,                   0,              0.0368
       200,       167,      1.00,                   0,                   0,              0.0294
       200,       168,      1.00,              0.0956,                   0,              0.0368
       200,       169,      1.00,              0.1250,                   0,              0.0221
       200,       170,      1.00,              0.0809,                   0,              0.0515
       200,       171,      1.00,                   0,                   0,              0.0221
       200,       172,      1.00,              4.0065,                   0,              0.2647
       200,       173,      1.00,              0.0662,                   0,              0.0147
       200,       174,      1.00,              1.2792,                   0,              0.1617
       200,       175,      1.00,              0.8528,                   0,              0.0956
       200,       176,      1.00,              0.1470,                   0,              0.0147
       200,       177,      1.00,              0.6322,                   0,              0.0515
       200,       178,      1.00,              0.0074,                   0,              0.0294
       200,       179,      1.00,              0.3235,                   0,              0.0662
       200,       180,      1.00,              0.0074,                   0,              0.0074
       200,       181,      1.00,              0.4411,                   0,              0.0662
       200,       182,      1.00,              1.2571,                   0,              0.0956
       200,       183,      1.00,              0.6322,                   0,              0.0441
       200,       184,      1.00,              3.1317,                   0,              0.1250
       200,       185,      1.00,              2.8230,                   0,              0.1764
       200,       186,      1.00,              0.6396,                   0,              0.1103
       200,       187,      1.00,              2.6759,                   0,              0.0809
       200,       188,      1.00,              9.4319,                   0,              0.3455
       200,       189,      1.00,              1.0439,                   0,              0.0588
       200,       190,      1.00,              1.9040,                   0,              0.1544
       200,       191,      1.00,              2.3010,                   0,              0.0882
       200,       192,      1.00,             53.7538,                   0,              0.7425
       200,       193,      1.00,              3.7198,                   0,              0.0662
       200,       194,      1.00,              0.6469,                   0,              0.0515
       200,       195,      1.00,              7.6161,                   0,              0.2499
       200,       196,      1.00,             69.0374,                   0,              0.6690
       200,       197,      1.00,              6.2781,                   0,              0.0956
       200,       198,      1.00,             17.4009,                   0,              0.2132
       200,       199,      1.00,              8.0204,                   0,              0.0809
       200,       200,      1.00,             76.5874,                   0,              0.2720
       200,       201,      1.00,             10.9904,                   0,              0.1764
       200,       202,      1.00,             20.1503,                   0,              0.2205
       200,       203,      1.00,              1.5732,                   0,              0.0515
       200,       204,      1.00,             18.5992,                   0,              0.3014
       200,       205,      1.00,             21.4956,                   0,              0.2573
       200,       206,      1.00,              5.1828,                   0,              0.1029
       200,       207,      1.00,             61.0391,                   0,              0.6175
       200,       211,      1.00,              0.0074,                   0,              0.0147
       200,       212,      1.00,              0.0221,                   0,              0.0368
       200,       213,      1.00,              0.0074,                   0,              0.0147
       200,       227,      1.00,                   0,                   0,              0.0074
       200,       228,      1.00,              0.0515,                   0,              0.1103
       200,       229,      1.00,              0.0074,                   0,              0.0221
       201,         8,      1.00,              0.1691,                   0,                   0
       201,        11,      1.00,              0.1470,                   0,                   0
       201,        12,      1.00,              0.3308,                   0,                   0
       201,        14,      1.00,              0.1544,                   0,                   0
       201,        28,      1.00,              0.2058,                   0,                   0
       201,        33,      1.00,              0.1250,                   0,              0.0074
       201,        35,      1.00,              0.1250,                   0,                   0
       201,        41,      1.00,              0.1250,                   0,                   0
       201,        42,      1.00,              0.3308,                   0,                   0
       201,        45,      1.00,              0.1250,                   0,                   0
       201,        46,      1.00,              0.1470,                   0,                   0
       201,        58,      1.00,              0.0662,                   0,                   0
       201,        61,      1.00,              0.1617,                   0,              0.0074
       201,        63,      1.00,                   0,                   0,              0.0074
       201,        64,      1.00,                   0,                   0,              0.0074
       201,        65,      1.00,              0.1029,                   0,                   0
       201,        67,      1.00,              0.0662,                   0,              0.0074
       201,        68,      1.00,              0.0588,                   0,                   0
       201,        69,      1.00,              0.1250,                   0,                   0
       201,        75,      1.00,                   0,                   0,              0.0074
       201,        76,      1.00,              0.0809,                   0,                   0
       201,        79,      1.00,                   0,                   0,              0.0074
       201,        83,      1.00,                   0,                   0,              0.0074
       201,        84,      1.00,              0.1103,                   0,              0.0074
       201,        85,      1.00,              0.0662,                   0,              0.0074
       201,        86,      1.00,                   0,                   0,              0.0074
       201,        90,      1.00,              0.0809,                   0,                   0
       201,        92,      1.00,              0.0441,                   0,              0.0147
       201,        93,      1.00,              0.0221,                   0,                   0
       201,        95,      1.00,              0.0809,                   0,              0.0074
       201,        96,      1.00,              0.0662,                   0,                   0
       201,        99,      1.00,              0.0809,                   0,                   0
       201,       100,      1.00,              0.4999,                   0,              0.0147
       201,       101,      1.00,                   0,                   0,              0.0074
       201,       102,      1.00,              0.1250,                   0,                   0
       201,       103,      1.00,              0.0882,                   0,              0.0074
       201,       105,      1.00,              0.1323,                   0,              0.0074
       201,       106,      1.00,              0.2573,                   0,              0.0074
       201,       107,      1.00,              0.1838,                   0,              0.0074
       201,       109,      1.00,                   0,                   0,              0.0074
       201,       114,      1.00,              0.1323,                   0,              0.0074
       201,       116,      1.00,              0.0074,                   0,              0.0294
       201,       117,      1.00,              0.3382,                   0,              0.0294
       201,       118,      1.00,              0.4337,                   0,              0.0147
       201,       119,      1.00,              0.0882,                   0,              0.0074
       201,       120,      1.00,              0.0735,                   0,              0.0074
       201,       121,      1.00,              0.1103,                   0,              0.0074
       201,       122,      1.00,              0.0588,                   0,              0.0074
       201,       123,      1.00,              0.2720,                   0,              0.0074
       201,       124,      1.00,                   0,                   0,              0.0147
       201,       125,      1.00,              0.0662,                   0,              0.0147
       201,       126,      1.00,              0.3088,                   0,              0.0221
       201,       127,      1.00,              0.2720,                   0,              0.0147
       201,       128,      1.00,              0.0735,                   0,              0.0147
       201,       129,      1.00,              0.0441,                   0,              0.0074
       201,       131,      1.00,              0.2058,                   0,                   0
       201,       134,      1.00,                   0,                   0,              0.0074
       201,       135,      1.00,              0.2132,                   0,              0.0221
       201,       136,      1.00,              0.7057,                   0,              0.0368
       201,       137,      1.00,              0.3088,                   0,              0.0147
       201,       138,      1.00,              0.7204,                   0,              0.0221
       201,       140,      1.00,              0.6910,                   0,              0.0294
       201,       141,      1.00,              0.2720,                   0,              0.0368
       201,       142,      1.00,              0.4484,                   0,              0.0368
       201,       143,      1.00,              0.1470,                   0,              0.0221
       201,       144,      1.00,              0.0294,                   0,              0.0074
       201,       145,      1.00,              0.0882,                   0,              0.0074
       201,       146,      1.00,              0.4264,                   0,              0.0441
       201,       147,      1.00,              0.0074,                   0,              0.0294
       201,       148,      1.00,              0.3382,                   0,              0.0368
       201,       149,      1.00,              0.3161,                   0,              0.0294
       201,       150,      1.00,              0.4631,                   0,              0.0294
       201,       151,      1.00,              0.0074,                   0,              0.0441
       201,       152,      1.00,              0.4190,                   0,              0.0221
       201,       153,      1.00,                   0,                   0,              0.0147
       201,       154,      1.00,              0.6763,                   0,              0.0809
       201,       155,      1.00,              0.1397,                   0,              0.0515
       201,       156,      1.00,                   0,                   0,              0.0074
       201,       157,      1.00,              0.5440,                   0,              0.0294
       201,       160,      1.00,              0.2941,                   0,              0.0147
       201,       161,      1.00,              0.0956,                   0,              0.0515
       201,       162,      1.00,              0.7572,                   0,              0.0882
       201,       163,      1.00,              0.0956,                   0,              0.0074
       201,       164,      1.00,              0.9777,                   0,              0.1103
       201,       165,      1.00,              0.4852,                   0,              0.0294
       201,       166,      1.00,              0.3749,                   0,              0.0441
       201,       167,      1.00,              0.3823,                   0,              0.0368
       201,       168,      1.00,              0.3088,                   0,              0.0515
       201,       169,      1.00,              0.3896,                   0,              0.0294
       201,       170,      1.00,              1.5512,                   0,              0.0809
       201,       171,      1.00,                   0,                   0,              0.0074
       201,       172,      1.00,              7.1603,                   0,              0.3749
       201,       173,      1.00,              0.3676,                   0,              0.0368
       201,       174,      1.00,              4.7343,                   0,              0.2426
       201,       175,      1.00,              1.2350,                   0,              0.1250
       201,       176,      1.00,              0.3014,                   0,              0.0441
       201,       177,      1.00,              1.0880,                   0,              0.0662
       201,       178,      1.00,              0.4852,                   0,              0.0368
       201,       179,      1.00,              0.8013,                   0,              0.0809
       201,       180,      1.00,              0.0074,                   0,              0.0147
       201,       181,      1.00,              1.1468,                   0,              0.0882
       201,       182,      1.00,              1.8085,                   0,              0.1250
       201,       183,      1.00,              2.2716,                   0,              0.0588
       201,       184,      1.00,              5.1901,                   0,              0.1617
       201,       185,      1.00,              8.2410,                   0,              0.3308
       201,       186,      1.00,              1.9996,                   0,              0.2132
       201,       187,      1.00,              7.1603,                   0,              0.0956
       201,       188,      1.00,             22.4954,                   0,              0.4705
       201,       189,      1.00,              1.3380,                   0,              0.0735
       201,       190,      1.00,              3.7492,                   0,              0.1911
       201,       191,      1.00,              1.1468,                   0,              0.0588
       201,       192,      1.00,             53.4230,                   0,              0.6102
       201,       193,      1.00,             27.9281,                   0,              0.1029
       201,       194,      1.00,              1.7496,                   0,              0.0662
       201,       195,      1.00,             32.3611,                   0,              0.3529
       201,       196,      1.00,             18.1140,                   0,              0.3676
       201,       197,      1.00,              9.3584,                   0,              0.1470
       201,       198,      1.00,             23.9437,                   0,              0.2205
       201,       199,      1.00,              2.6759,                   0,              0.0441
       201,       200,      1.00,              4.3006,                   0,              0.1764
       201,       201,      1.00,             75.3376,                   0,              0.2499
       201,       202,      1.00,              8.4909,                   0,              0.1250
       201,       203,      1.00,             13.3208,                   0,              0.0809
       201,       204,      1.00,              2.5142,                   0,              0.1617
       201,       205,      1.00,              2.5068,                   0,              0.1176
       201,       206,      1.00,              1.9334,                   0,              0.0515
       201,       207,      1.00,              6.2414,                   0,              0.2352
       201,       209,      1.00,              0.0588,                   0,                   0
       201,       211,      1.00,              0.0074,                   0,              0.0221
       201,       212,      1.00,              0.1764,                   0,              0.0441
       201,       213,      1.00,              0.0074,                   0,              0.0221
       201,       214,      1.00,              0.1176,                   0,              0.0074
       201,       224,      1.00,                   0,                   0,              0.0074
       201,       226,      1.00,                   0,                   0,              0.0074
       201,       227,      1.00,                   0,                   0,              0.0074
       201,       228,      1.00,              0.0147,                   0,              0.0515
       201,       229,      1.00,                   0,                   0,              0.0147
       202,         1,      1.00,              0.0809,                   0,                   0
       202,         2,      1.00,              0.0809,                   0,                   0
       202,        31,      1.00,              0.0809,                   0,                   0
       202,        39,      1.00,              0.1617,                   0,                   0
       202,        47,      1.00,              0.0221,                   0,                   0
       202,        52,      1.00,              0.1544,                   0,                   0
       202,        64,      1.00,                   0,                   0,              0.0147
       202,        75,      1.00,              0.1617,                   0,                   0
       202,        84,      1.00,              0.0735,                   0,                   0
       202,        85,      1.00,              0.0735,                   0,                   0
       202,        91,      1.00,              0.0074,                   0,                   0
       202,        92,      1.00,              0.1029,                   0,                   0
       202,        95,      1.00,              0.1617,                   0,                   0
       202,        99,      1.00,                   0,                   0,              0.0074
       202,       100,      1.00,              0.3235,                   0,              0.0147
       202,       101,      1.00,                   0,                   0,              0.0074
       202,       103,      1.00,              0.1617,                   0,                   0
       202,       105,      1.00,              0.0809,                   0,                   0
       202,       112,      1.00,              0.0809,                   0,                   0
       202,       114,      1.00,              0.1617,                   0,                   0
       202,       116,      1.00,                   0,                   0,              0.0147
       202,       117,      1.00,              0.0809,                   0,              0.0074
       202,       118,      1.00,              0.0515,                   0,              0.0074
       202,       119,      1.00,              0.0956,                   0,              0.0074
       202,       120,      1.00,              0.0368,                   0,                   0
       202,       121,      1.00,              0.0956,                   0,                   0
       202,       123,      1.00,                   0,                   0,              0.0074
       202,       124,      1.00,                   0,                   0,              0.0074
       202,       125,      1.00,                   0,                   0,              0.0074
       202,       126,      1.00,              0.0882,                   0,              0.0074
       202,       127,      1.00,              0.1470,                   0,              0.0074
       202,       128,      1.00,              0.0368,                   0,              0.0074
       202,       134,      1.00,              0.1617,                   0,                   0
       202,       135,      1.00,              0.0515,                   0,              0.0074
       202,       136,      1.00,              0.0074,                   0,              0.0074
       202,       137,      1.00,              0.1617,                   0,                   0
       202,       138,      1.00,                   0,                   0,              0.0074
       202,       140,      1.00,              0.1617,                   0,              0.0074
       202,       141,      1.00,              0.0882,                   0,              0.0147
       202,       142,      1.00,              0.1617,                   0,              0.0147
       202,       143,      1.00,              0.1470,                   0,              0.0074
       202,       144,      1.00,              0.1029,                   0,                   0
       202,       145,      1.00,              0.0221,                   0,              0.0074
       202,       146,      1.00,              0.1176,                   0,              0.0147
       202,       147,      1.00,                   0,                   0,              0.0074
       202,       148,      1.00,              0.5808,                   0,              0.0147
       202,       149,      1.00,                   0,                   0,              0.0147
       202,       150,      1.00,              0.0809,                   0,              0.0147
       202,       151,      1.00,              0.0074,                   0,              0.0221
       202,       152,      1.00,                   0,                   0,              0.0074
       202,       153,      1.00,              0.1617,                   0,              0.0074
       202,       154,      1.00,              0.2647,                   0,              0.0368
       202,       155,      1.00,              0.0074,                   0,              0.0221
       202,       157,      1.00,              0.1617,                   0,              0.0074
       202,       160,      1.00,                   0,                   0,              0.0074
       202,       161,      1.00,              0.0294,                   0,              0.0221
       202,       162,      1.00,              0.1764,                   0,              0.0221
       202,       164,      1.00,              0.3529,                   0,              0.0221
       202,       165,      1.00,                   0,                   0,              0.0147
       202,       166,      1.00,                   0,                   0,              0.0221
       202,       167,      1.00,              0.0809,                   0,              0.0147
       202,       168,      1.00,              0.2867,                   0,              0.0221
       202,       169,      1.00,              0.3676,                   0,              0.0147
       202,       170,      1.00,              0.2205,                   0,              0.0294
       202,       171,      1.00,                   0,                   0,              0.0221
       202,       172,      1.00,              2.1907,                   0,              0.1544
       202,       173,      1.00,              0.0882,                   0,              0.0074
       202,       174,      1.00,              0.8013,                   0,              0.1103
       202,       175,      1.00,              0.1838,                   0,              0.0588
       202,       176,      1.00,              0.0809,                   0,              0.0147
       202,       177,      1.00,              0.4925,                   0,              0.0221
       202,       178,      1.00,                   0,                   0,              0.0147
       202,       179,      1.00,              0.2205,                   0,              0.0368
       202,       180,      1.00,                   0,                   0,              0.0074
       202,       181,      1.00,              0.3455,                   0,              0.0294
       202,       182,      1.00,              0.6249,                   0,              0.0588
       202,       183,      1.00,              0.0147,                   0,              0.0221
       202,       184,      1.00,              1.3968,                   0,              0.0809
       202,       185,      1.00,              1.9702,                   0,              0.1544
       202,       186,      1.00,              1.0292,                   0,              0.1103
       202,       187,      1.00,              1.3821,                   0,              0.0515
       202,       188,      1.00,             10.5273,                   0,              0.2058
       202,       189,      1.00,              1.1321,                   0,              0.0368
       202,       190,      1.00,              1.5659,                   0,              0.0956
       202,       191,      1.00,              1.0586,                   0,              0.0515
       202,       192,      1.00,             40.6682,                   0,              0.4484
       202,       193,      1.00,              2.8524,                   0,              0.0441
       202,       194,      1.00,              0.1838,                   0,              0.0368
       202,       195,      1.00,              5.6386,                   0,              0.1691
       202,       196,      1.00,             39.0950,                   0,              0.3749
       202,       197,      1.00,              7.7117,                   0,              0.0662
       202,       198,      1.00,             24.0319,                   0,              0.1691
       202,       199,      1.00,             13.3796,                   0,              0.0441
       202,       200,      1.00,             17.5920,                   0,              0.2205
       202,       201,      1.00,              8.9614,                   0,              0.1250
       202,       202,      1.00,             41.1240,                   0,              0.1103
       202,       203,      1.00,              1.4188,                   0,              0.0368
       202,       204,      1.00,              6.6310,                   0,              0.1617
       202,       205,      1.00,              5.5871,                   0,              0.1250
       202,       206,      1.00,              3.5213,                   0,              0.0588
       202,       207,      1.00,             20.7899,                   0,              0.2941
       202,       210,      1.00,              0.0294,                   0,                   0
       202,       211,      1.00,              0.0074,                   0,              0.0074
       202,       212,      1.00,              0.0147,                   0,              0.0074
       202,       213,      1.00,              0.0074,                   0,              0.0074
       202,       228,      1.00,              0.0221,                   0,              0.0588
       202,       229,      1.00,                   0,                   0,              0.0147
       203,         1,      1.00,              0.2058,                   0,                   0
       203,         8,      1.00,              0.2058,                   0,                   0
       203,        14,      1.00,              0.0074,                   0,                   0
       203,        76,      1.00,              0.0147,                   0,                   0
       203,        79,      1.00,              0.2058,                   0,                   0
       203,        80,      1.00,              0.2058,                   0,                   0
       203,        85,      1.00,              0.0294,                   0,                   0
       203,        90,      1.00,              0.0147,                   0,                   0
       203,        92,      1.00,              0.0809,                   0,              0.0074
       203,        95,      1.00,              0.2205,                   0,              0.0074
       203,        99,      1.00,              0.1103,                   0,                   0
       203,       100,      1.00,              0.1029,                   0,              0.0074
       203,       102,      1.00,              0.0221,                   0,                   0
       203,       103,      1.00,              0.2205,                   0,              0.0074
       203,       106,      1.00,              0.1029,                   0,                   0
       203,       107,      1.00,              0.0147,                   0,                   0
       203,       116,      1.00,              0.0074,                   0,              0.0147
       203,       117,      1.00,              0.4190,                   0,              0.0147
       203,       118,      1.00,                   0,                   0,              0.0074
       203,       119,      1.00,              0.0441,                   0,              0.0074
       203,       121,      1.00,              0.0294,                   0,              0.0074
       203,       123,      1.00,              0.0074,                   0,              0.0074
       203,       124,      1.00,                   0,                   0,              0.0074
       203,       125,      1.00,              0.0074,                   0,              0.0074
       203,       126,      1.00,              0.0147,                   0,              0.0147
       203,       127,      1.00,              0.0662,                   0,              0.0074
       203,       128,      1.00,              0.0441,                   0,              0.0074
       203,       129,      1.00,              0.0294,                   0,                   0
       203,       135,      1.00,              0.2058,                   0,              0.0074
       203,       136,      1.00,              0.1838,                   0,              0.0147
       203,       137,      1.00,              0.0588,                   0,              0.0074
       203,       138,      1.00,              0.1103,                   0,              0.0074
       203,       140,      1.00,              0.3308,                   0,              0.0147
       203,       141,      1.00,              0.0441,                   0,              0.0147
       203,       142,      1.00,              0.0735,                   0,              0.0147
       203,       143,      1.00,              0.1029,                   0,              0.0074
       203,       145,      1.00,                   0,                   0,              0.0074
       203,       146,      1.00,              0.1176,                   0,              0.0147
       203,       147,      1.00,              0.2132,                   0,              0.0074
       203,       148,      1.00,              0.3161,                   0,              0.0147
       203,       149,      1.00,              0.0147,                   0,              0.0147
       203,       150,      1.00,              0.4117,                   0,              0.0147
       203,       151,      1.00,              0.4190,                   0,              0.0221
       203,       152,      1.00,              0.0147,                   0,              0.0074
       203,       153,      1.00,              0.2058,                   0,              0.0074
       203,       154,      1.00,              0.0221,                   0,              0.0368
       203,       155,      1.00,              0.2132,                   0,              0.0221
       203,       156,      1.00,              0.4117,                   0,                   0
       203,       157,      1.00,              0.0074,                   0,              0.0221
       203,       160,      1.00,              0.0221,                   0,              0.0074
       203,       161,      1.00,              0.4999,                   0,              0.0221
       203,       162,      1.00,              0.2352,                   0,              0.0368
       203,       164,      1.00,              0.7940,                   0,              0.0515
       203,       165,      1.00,              0.5293,                   0,              0.0147
       203,       166,      1.00,              0.0074,                   0,              0.0221
       203,       167,      1.00,              0.4558,                   0,              0.0147
       203,       168,      1.00,              0.2720,                   0,              0.0221
       203,       169,      1.00,              0.3676,                   0,              0.0147
       203,       170,      1.00,              1.0439,                   0,              0.0368
       203,       171,      1.00,              0.1470,                   0,                   0
       203,       172,      1.00,              5.1901,                   0,              0.2867
       203,       173,      1.00,              0.5220,                   0,              0.0074
       203,       174,      1.00,              1.9996,                   0,              0.1176
       203,       175,      1.00,              1.0366,                   0,              0.0588
       203,       176,      1.00,              0.3676,                   0,              0.0147
       203,       177,      1.00,              0.8601,                   0,              0.0294
       203,       178,      1.00,              0.2279,                   0,              0.0147
       203,       179,      1.00,              0.2499,                   0,              0.0368
       203,       180,      1.00,              0.4190,                   0,              0.0074
       203,       181,      1.00,              0.4484,                   0,              0.0368
       203,       182,      1.00,              1.9187,                   0,              0.0588
       203,       183,      1.00,              1.9996,                   0,              0.0221
       203,       184,      1.00,              4.9034,                   0,              0.0882
       203,       185,      1.00,              6.2561,                   0,              0.1397
       203,       186,      1.00,              1.7790,                   0,              0.0956
       203,       187,      1.00,              5.3886,                   0,              0.0515
       203,       188,      1.00,             20.4076,                   0,              0.2132
       203,       189,      1.00,              1.7276,                   0,              0.0368
       203,       190,      1.00,              2.8156,                   0,              0.0882
       203,       191,      1.00,              0.3749,                   0,              0.0147
       203,       192,      1.00,             41.2343,                   0,              0.2058
       203,       193,      1.00,             13.1664,                   0,              0.0368
       203,       194,      1.00,              1.1395,                   0,              0.0368
       203,       195,      1.00,             34.7209,                   0,              0.1470
       203,       196,      1.00,              4.4550,                   0,              0.1103
       203,       197,      1.00,              3.2714,                   0,              0.0368
       203,       198,      1.00,              6.3296,                   0,              0.0588
       203,       199,      1.00,              0.9851,                   0,              0.0147
       203,       200,      1.00,              1.3306,                   0,              0.0515
       203,       201,      1.00,             24.9361,                   0,              0.0809
       203,       202,      1.00,              3.2787,                   0,              0.0368
       203,       203,      1.00,             26.1859,                   0,              0.0147
       203,       204,      1.00,              1.1615,                   0,              0.0515
       203,       205,      1.00,              0.9777,                   0,              0.0368
       203,       206,      1.00,              0.7646,                   0,              0.0147
       203,       207,      1.00,              2.4407,                   0,              0.0735
       203,       211,      1.00,              0.2132,                   0,              0.0074
       203,       212,      1.00,              0.0368,                   0,              0.0147
       203,       213,      1.00,              0.2132,                   0,              0.0074
       203,       228,      1.00,              0.0074,                   0,              0.0221
       204,         8,      1.00,              0.1838,                   0,                   0
       204,        11,      1.00,              0.0221,                   0,                   0
       204,        33,      1.00,                   0,                   0,              0.0074
       204,        59,      1.00,                   0,                   0,              0.0074
       204,        61,      1.00,                   0,                   0,              0.0074
       204,        62,      1.00,                   0,                   0,              0.0074
       204,        63,      1.00,                   0,                   0,              0.0074
       204,        64,      1.00,              0.0588,                   0,              0.0074
       204,        67,      1.00,                   0,                   0,              0.0074
       204,        72,      1.00,              0.1029,                   0,                   0
       204,        75,      1.00,              0.2058,                   0,              0.0147
       204,        76,      1.00,                   0,                   0,              0.0074
       204,        77,      1.00,                   0,                   0,              0.0074
       204,        79,      1.00,                   0,                   0,              0.0074
       204,        83,      1.00,                   0,                   0,              0.0074
       204,        84,      1.00,                   0,                   0,              0.0074
       204,        85,      1.00,              0.0294,                   0,              0.0074
       204,        86,      1.00,                   0,                   0,              0.0074
       204,        92,      1.00,              0.0294,                   0,              0.0074
       204,        93,      1.00,              0.0294,                   0,                   0
       204,        95,      1.00,                   0,                   0,              0.0074
       204,        98,      1.00,                   0,                   0,              0.0074
       204,        99,      1.00,                   0,                   0,              0.0074
       204,       100,      1.00,                   0,                   0,              0.0441
       204,       101,      1.00,                   0,                   0,              0.0147
       204,       102,      1.00,                   0,                   0,              0.0074
       204,       103,      1.00,              0.1029,                   0,              0.0074
       204,       105,      1.00,                   0,                   0,              0.0074
       204,       106,      1.00,                   0,                   0,              0.0074
       204,       107,      1.00,                   0,                   0,              0.0074
       204,       109,      1.00,                   0,                   0,              0.0074
       204,       114,      1.00,                   0,                   0,              0.0074
       204,       116,      1.00,                   0,                   0,              0.0147
       204,       117,      1.00,              0.0662,                   0,              0.0294
       204,       118,      1.00,                   0,                   0,              0.0147
       204,       119,      1.00,              0.0294,                   0,              0.0074
       204,       120,      1.00,                   0,                   0,              0.0074
       204,       121,      1.00,              0.0294,                   0,              0.0074
       204,       122,      1.00,                   0,                   0,              0.0074
       204,       123,      1.00,                   0,                   0,              0.0074
       204,       124,      1.00,              0.0662,                   0,              0.0147
       204,       125,      1.00,                   0,                   0,              0.0147
       204,       126,      1.00,              0.0147,                   0,              0.0221
       204,       127,      1.00,              0.0368,                   0,              0.0147
       204,       128,      1.00,              0.0294,                   0,              0.0147
       204,       134,      1.00,                   0,                   0,              0.0074
       204,       135,      1.00,                   0,                   0,              0.0221
       204,       136,      1.00,              0.3676,                   0,              0.0294
       204,       137,      1.00,              0.1103,                   0,              0.0147
       204,       138,      1.00,                   0,                   0,              0.0221
       204,       140,      1.00,              0.2058,                   0,              0.0221
       204,       141,      1.00,              0.0662,                   0,              0.0294
       204,       142,      1.00,              0.1103,                   0,              0.0294
       204,       143,      1.00,              0.0441,                   0,              0.0221
       204,       145,      1.00,                   0,                   0,              0.0074
       204,       146,      1.00,              0.1764,                   0,              0.0368
       204,       147,      1.00,              0.2132,                   0,              0.0221
       204,       148,      1.00,              0.2132,                   0,              0.0294
       204,       149,      1.00,                   0,                   0,              0.0221
       204,       150,      1.00,                   0,                   0,              0.0221
       204,       151,      1.00,              0.0074,                   0,              0.0294
       204,       152,      1.00,                   0,                   0,              0.0147
       204,       153,      1.00,                   0,                   0,              0.0147
       204,       154,      1.00,              0.0074,                   0,              0.0588
       204,       155,      1.00,              0.2132,                   0,              0.0368
       204,       156,      1.00,                   0,                   0,              0.0074
       204,       157,      1.00,                   0,                   0,              0.0294
       204,       159,      1.00,                   0,                   0,              0.0074
       204,       160,      1.00,                   0,                   0,              0.0147
       204,       161,      1.00,              0.0368,                   0,              0.0368
       204,       162,      1.00,              0.2279,                   0,              0.0735
       204,       164,      1.00,              0.0441,                   0,              0.1176
       204,       165,      1.00,              0.1029,                   0,              0.0221
       204,       166,      1.00,              0.0074,                   0,              0.0368
       204,       167,      1.00,                   0,                   0,              0.0294
       204,       168,      1.00,              0.0074,                   0,              0.0368
       204,       169,      1.00,              0.0074,                   0,              0.0294
       204,       170,      1.00,              0.8381,                   0,              0.0662
       204,       171,      1.00,                   0,                   0,              0.0294
       204,       172,      1.00,              1.3453,                   0,              0.2720
       204,       173,      1.00,                   0,                   0,              0.0294
       204,       174,      1.00,              0.8675,                   0,              0.1985
       204,       175,      1.00,              0.4411,                   0,              0.1029
       204,       176,      1.00,                   0,                   0,              0.0368
       204,       177,      1.00,              0.0147,                   0,              0.0515
       204,       178,      1.00,              0.5146,                   0,              0.0294
       204,       179,      1.00,              0.4264,                   0,              0.0662
       204,       180,      1.00,              0.0074,                   0,              0.0147
       204,       181,      1.00,              0.5440,                   0,              0.0735
       204,       182,      1.00,              0.0221,                   0,              0.1103
       204,       183,      1.00,              0.3235,                   0,              0.0441
       204,       184,      1.00,              0.7646,                   0,              0.1470
       204,       185,      1.00,              0.8675,                   0,              0.2720
       204,       186,      1.00,              0.2279,                   0,              0.1911
       204,       187,      1.00,              0.4925,                   0,              0.0735
       204,       188,      1.00,              4.5726,                   0,              0.3014
       204,       189,      1.00,              0.2205,                   0,              0.0588
       204,       190,      1.00,              0.6690,                   0,              0.1323
       204,       191,      1.00,              0.5293,                   0,              0.1029
       204,       192,      1.00,             12.0417,                   0,              0.5587
       204,       193,      1.00,              0.8675,                   0,              0.0662
       204,       194,      1.00,              0.2352,                   0,              0.0515
       204,       195,      1.00,              1.7276,                   0,              0.2867
       204,       196,      1.00,             34.3533,                   0,              0.6102
       204,       197,      1.00,              1.9996,                   0,              0.1029
       204,       198,      1.00,              4.5873,                   0,              0.1838
       204,       199,      1.00,              1.5585,                   0,              0.0588
       204,       200,      1.00,             15.2322,                   0,              0.3014
       204,       201,      1.00,              3.8154,                   0,              0.1617
       204,       202,      1.00,              4.4550,                   0,              0.1617
       204,       203,      1.00,              1.1615,                   0,              0.0515
       204,       204,      1.00,             16.0776,                   0,              0.2058
       204,       205,      1.00,             11.9829,                   0,              0.3088
       204,       206,      1.00,              0.7057,                   0,              0.0956
       204,       207,      1.00,             15.7615,                   0,              0.5587
       204,       211,      1.00,              0.0074,                   0,              0.0221
       204,       212,      1.00,              0.2205,                   0,              0.0515
       204,       213,      1.00,              0.1103,                   0,              0.0221
       204,       214,      1.00,                   0,                   0,              0.0074
       204,       228,      1.00,              0.0368,                   0,              0.0809
       204,       229,      1.00,              0.0074,                   0,              0.0147
       205,        14,      1.00,              0.2058,                   0,                   0
       205,        45,      1.00,              0.1029,                   0,                   0
       205,        50,      1.00,                   0,                   0,              0.0074
       205,        59,      1.00,                   0,                   0,              0.0074
       205,        64,      1.00,                   0,                   0,              0.0221
       205,        65,      1.00,              0.1029,                   0,                   0
       205,        73,      1.00,                   0,                   0,              0.0147
       205,        75,      1.00,                   0,                   0,              0.0221
       205,        76,      1.00,                   0,                   0,              0.0074
       205,        77,      1.00,                   0,                   0,              0.0074
       205,        79,      1.00,                   0,                   0,              0.0074
       205,        80,      1.00,                   0,                   0,              0.0074
       205,        85,      1.00,              0.0074,                   0,                   0
       205,        92,      1.00,              0.0221,                   0,                   0
       205,        97,      1.00,                   0,                   0,              0.0074
       205,        98,      1.00,                   0,                   0,              0.0074
       205,        99,      1.00,                   0,                   0,              0.0074
       205,       100,      1.00,                   0,                   0,              0.0588
       205,       101,      1.00,                   0,                   0,              0.0221
       205,       102,      1.00,                   0,                   0,              0.0074
       205,       105,      1.00,                   0,                   0,              0.0074
       205,       116,      1.00,                   0,                   0,              0.0147
       205,       117,      1.00,                   0,                   0,              0.0074
       205,       118,      1.00,              0.0588,                   0,                   0
       205,       119,      1.00,              0.0221,                   0,                   0
       205,       120,      1.00,              0.0147,                   0,                   0
       205,       121,      1.00,              0.0147,                   0,                   0
       205,       124,      1.00,              0.2058,                   0,                   0
       205,       126,      1.00,              0.1250,                   0,              0.0074
       205,       127,      1.00,              0.0662,                   0,              0.0074
       205,       128,      1.00,              0.0074,                   0,              0.0074
       205,       135,      1.00,                   0,                   0,              0.0074
       205,       136,      1.00,                   0,                   0,              0.0074
       205,       137,      1.00,                   0,                   0,              0.0074
       205,       138,      1.00,              0.1029,                   0,              0.0074
       205,       140,      1.00,                   0,                   0,              0.0074
       205,       141,      1.00,              0.0294,                   0,              0.0147
       205,       142,      1.00,              0.0882,                   0,              0.0147
       205,       143,      1.00,              0.0809,                   0,              0.0074
       205,       144,      1.00,              0.0294,                   0,                   0
       205,       145,      1.00,              0.0368,                   0,                   0
       205,       146,      1.00,              0.0294,                   0,              0.0147
       205,       147,      1.00,              0.2058,                   0,              0.0074
       205,       148,      1.00,              0.0662,                   0,              0.0074
       205,       149,      1.00,              0.2647,                   0,              0.0074
       205,       150,      1.00,                   0,                   0,              0.0147
       205,       151,      1.00,                   0,                   0,              0.0147
       205,       152,      1.00,                   0,                   0,              0.0074
       205,       153,      1.00,                   0,                   0,              0.0074
       205,       154,      1.00,                   0,                   0,              0.0294
       205,       155,      1.00,                   0,                   0,              0.0221
       205,       156,      1.00,              0.1029,                   0,                   0
       205,       157,      1.00,              0.2058,                   0,              0.0515
       205,       160,      1.00,                   0,                   0,              0.0074
       205,       161,      1.00,              0.0147,                   0,              0.0221
       205,       162,      1.00,              0.2132,                   0,              0.0368
       205,       164,      1.00,              0.0221,                   0,              0.0515
       205,       165,      1.00,                   0,                   0,              0.0147
       205,       166,      1.00,                   0,                   0,              0.0147
       205,       167,      1.00,              0.0662,                   0,              0.0147
       205,       168,      1.00,              0.0956,                   0,              0.0147
       205,       169,      1.00,              0.1176,                   0,              0.0147
       205,       170,      1.00,              0.0074,                   0,              0.0662
       205,       171,      1.00,                   0,                   0,              0.0368
       205,       172,      1.00,              1.4188,                   0,              0.4778
       205,       173,      1.00,                   0,                   0,              0.0588
       205,       174,      1.00,              0.2867,                   0,              0.3308
       205,       175,      1.00,              0.2205,                   0,              0.1397
       205,       176,      1.00,                   0,                   0,              0.0662
       205,       177,      1.00,              0.3161,                   0,              0.0221
       205,       178,      1.00,              0.2058,                   0,              0.0147
       205,       179,      1.00,              0.0074,                   0,              0.0294
       205,       180,      1.00,                   0,                   0,              0.0074
       205,       181,      1.00,              0.2205,                   0,              0.0294
       205,       182,      1.00,              0.4190,                   0,              0.0956
       205,       183,      1.00,              0.0074,                   0,              0.0221
       205,       184,      1.00,              0.3896,                   0,              0.1617
       205,       185,      1.00,              0.4337,                   0,              0.3749
       205,       186,      1.00,              0.0074,                   0,              0.2426
       205,       187,      1.00,              0.4043,                   0,              0.1029
       205,       188,      1.00,              2.1540,                   0,              0.3896
       205,       189,      1.00,              0.0074,                   0,              0.0956
       205,       190,      1.00,              0.4337,                   0,              0.1397
       205,       191,      1.00,              0.7278,                   0,              0.1250
       205,       192,      1.00,             11.7329,                   0,              0.5146
       205,       193,      1.00,              0.7793,                   0,              0.0515
       205,       194,      1.00,              0.0147,                   0,              0.0441
       205,       195,      1.00,              1.6835,                   0,              0.2647
       205,       196,      1.00,             14.3721,                   0,              0.6249
       205,       197,      1.00,              1.3527,                   0,              0.1176
       205,       198,      1.00,              2.9700,                   0,              0.1250
       205,       199,      1.00,              1.6026,                   0,              0.0515
       205,       200,      1.00,             12.4166,                   0,              0.2573
       205,       201,      1.00,              2.5142,                   0,              0.1176
       205,       202,      1.00,              4.3888,                   0,              0.1250
       205,       203,      1.00,              0.2499,                   0,              0.0368
       205,       204,      1.00,              6.2708,                   0,              0.3088
       205,       205,      1.00,             20.8634,                   0,              0.3014
       205,       206,      1.00,              1.9334,                   0,              0.1176
       205,       207,      1.00,             24.2818,                   0,              0.5587
       205,       211,      1.00,                   0,                   0,              0.0074
       205,       212,      1.00,              0.0074,                   0,              0.0074
       205,       213,      1.00,                   0,                   0,              0.0221
       205,       228,      1.00,              0.0221,                   0,              0.0588
       205,       229,      1.00,              0.0074,                   0,              0.0147
       206,        15,      1.00,              0.2058,                   0,                   0
       206,        64,      1.00,                   0,                   0,              0.0221
       206,        73,      1.00,                   0,                   0,              0.0074
       206,        76,      1.00,              0.2058,                   0,                   0
       206,        80,      1.00,                   0,                   0,              0.0074
       206,        84,      1.00,              0.0221,                   0,                   0
       206,        86,      1.00,              0.2058,                   0,                   0
       206,        90,      1.00,              0.2058,                   0,                   0
       206,        92,      1.00,              0.1029,                   0,                   0
       206,        99,      1.00,                   0,                   0,              0.0074
       206,       100,      1.00,                   0,                   0,              0.0368
       206,       102,      1.00,                   0,                   0,              0.0074
       206,       105,      1.00,                   0,                   0,              0.0074
       206,       116,      1.00,                   0,                   0,              0.0074
       206,       119,      1.00,              0.0221,                   0,                   0
       206,       121,      1.00,              0.0221,                   0,                   0
       206,       126,      1.00,              0.0809,                   0,                   0
       206,       127,      1.00,              0.0074,                   0,                   0
       206,       136,      1.00,                   0,                   0,              0.0074
       206,       137,      1.00,                   0,                   0,              0.0147
       206,       138,      1.00,              0.1029,                   0,                   0
       206,       141,      1.00,              0.0662,                   0,              0.0074
       206,       142,      1.00,              0.0882,                   0,              0.0074
       206,       143,      1.00,              0.0294,                   0,                   0
       206,       146,      1.00,                   0,                   0,              0.0074
       206,       148,      1.00,              0.2058,                   0,              0.0074
       206,       149,      1.00,              0.2058,                   0,              0.0074
       206,       150,      1.00,                   0,                   0,              0.0074
       206,       151,      1.00,              0.1029,                   0,              0.0074
       206,       154,      1.00,              0.2058,                   0,              0.0147
       206,       155,      1.00,              0.1029,                   0,              0.0074
       206,       157,      1.00,                   0,                   0,              0.0074
       206,       161,      1.00,              0.2132,                   0,              0.0074
       206,       162,      1.00,              0.0074,                   0,              0.0147
       206,       164,      1.00,              0.1323,                   0,              0.0368
       206,       165,      1.00,              0.1029,                   0,              0.0074
       206,       166,      1.00,              0.2058,                   0,              0.0074
       206,       167,      1.00,                   0,                   0,              0.0074
       206,       168,      1.00,              0.4117,                   0,              0.0074
       206,       169,      1.00,                   0,                   0,              0.0074
       206,       170,      1.00,              0.2941,                   0,              0.0368
       206,       171,      1.00,                   0,                   0,              0.0221
       206,       172,      1.00,              0.9410,                   0,              0.1617
       206,       173,      1.00,                   0,                   0,              0.0074
       206,       174,      1.00,              0.5220,                   0,              0.0735
       206,       175,      1.00,              0.0074,                   0,              0.0441
       206,       176,      1.00,                   0,                   0,              0.0074
       206,       177,      1.00,              0.2058,                   0,              0.0074
       206,       178,      1.00,                   0,                   0,              0.0074
       206,       179,      1.00,                   0,                   0,              0.0147
       206,       181,      1.00,              0.0074,                   0,              0.0074
       206,       182,      1.00,              0.2132,                   0,              0.0221
       206,       183,      1.00,              0.1691,                   0,              0.0074
       206,       184,      1.00,              0.8307,                   0,              0.0368
       206,       185,      1.00,              0.6910,                   0,              0.1029
       206,       186,      1.00,              0.2132,                   0,              0.0662
       206,       187,      1.00,              0.2132,                   0,              0.0221
       206,       188,      1.00,              2.1172,                   0,              0.1323
       206,       189,      1.00,                   0,                   0,              0.0221
       206,       190,      1.00,              0.1176,                   0,              0.0368
       206,       191,      1.00,              2.0511,                   0,              0.0515
       206,       192,      1.00,              9.5495,                   0,              0.2499
       206,       193,      1.00,              0.4778,                   0,              0.0221
       206,       194,      1.00,              0.0074,                   0,              0.0147
       206,       195,      1.00,              1.7276,                   0,              0.0662
       206,       196,      1.00,              2.0731,                   0,              0.1397
       206,       197,      1.00,              1.2424,                   0,              0.0221
       206,       198,      1.00,              1.9187,                   0,              0.0662
       206,       199,      1.00,              1.1983,                   0,              0.0221
       206,       200,      1.00,              3.3523,                   0,              0.1029
       206,       201,      1.00,              1.2203,                   0,              0.0515
       206,       202,      1.00,              2.7200,                   0,              0.0588
       206,       203,      1.00,              0.6543,                   0,              0.0147
       206,       204,      1.00,              1.7276,                   0,              0.0956
       206,       205,      1.00,              1.8893,                   0,              0.1176
       206,       206,      1.00,              3.4111,                   0,              0.0441
       206,       207,      1.00,              8.2336,                   0,              0.1911
       206,       212,      1.00,              0.0074,                   0,                   0
       206,       213,      1.00,                   0,                   0,              0.0221
       206,       228,      1.00,              0.0074,                   0,              0.0147
       207,        15,      1.00,              0.2058,                   0,                   0
       207,        28,      1.00,                   0,                   0,              0.0074
       207,        29,      1.00,                   0,                   0,              0.0074
       207,        30,      1.00,              0.1029,                   0,              0.0074
       207,        31,      1.00,                   0,                   0,              0.0074
       207,        33,      1.00,                   0,                   0,              0.0074
       207,        41,      1.00,              0.3088,                   0,                   0
       207,        55,      1.00,              0.0588,                   0,                   0
       207,        59,      1.00,                   0,                   0,              0.0147
       207,        60,      1.00,                   0,                   0,              0.0074
       207,        61,      1.00,                   0,                   0,              0.0074
       207,        62,      1.00,              0.1029,                   0,              0.0074
       207,        63,      1.00,                   0,                   0,              0.0074
       207,        64,      1.00,                   0,                   0,              0.0735
       207,        67,      1.00,              0.0588,                   0,              0.0074
       207,        68,      1.00,              0.0441,                   0,                   0
       207,        72,      1.00,              0.2058,                   0,              0.0074
       207,        73,      1.00,                   0,                   0,              0.0441
       207,        75,      1.00,                   0,                   0,              0.0368
       207,        76,      1.00,                   0,                   0,              0.0074
       207,        77,      1.00,                   0,                   0,              0.0074
       207,        79,      1.00,              0.2058,                   0,              0.0147
       207,        80,      1.00,              0.2058,                   0,              0.0368
       207,        83,      1.00,                   0,                   0,              0.0074
       207,        84,      1.00,              0.0956,                   0,                   0
       207,        85,      1.00,              0.0368,                   0,                   0
       207,        92,      1.00,              0.0735,                   0,              0.0074
       207,        93,      1.00,              0.0294,                   0,                   0
       207,        94,      1.00,              0.2058,                   0,                   0
       207,        95,      1.00,              0.2058,                   0,              0.0074
       207,        97,      1.00,                   0,                   0,              0.0074
       207,        98,      1.00,                   0,                   0,              0.0074
       207,        99,      1.00,                   0,                   0,              0.0221
       207,       100,      1.00,              0.2058,                   0,              0.1470
       207,       101,      1.00,                   0,                   0,              0.0221
       207,       102,      1.00,                   0,                   0,              0.0294
       207,       103,      1.00,              0.0662,                   0,              0.0074
       207,       104,      1.00,              0.2058,                   0,                   0
       207,       105,      1.00,                   0,                   0,              0.0368
       207,       114,      1.00,              0.0588,                   0,              0.0074
       207,       116,      1.00,              0.0662,                   0,              0.0515
       207,       117,      1.00,              0.2720,                   0,              0.0221
       207,       118,      1.00,                   0,                   0,              0.0074
       207,       119,      1.00,              0.0882,                   0,              0.0074
       207,       120,      1.00,              0.0221,                   0,                   0
       207,       121,      1.00,              0.0956,                   0,              0.0074
       207,       122,      1.00,              0.1029,                   0,                   0
       207,       123,      1.00,                   0,                   0,              0.0074
       207,       124,      1.00,              0.2058,                   0,              0.0074
       207,       125,      1.00,                   0,                   0,              0.0074
       207,       126,      1.00,              0.1397,                   0,              0.0221
       207,       127,      1.00,              0.2279,                   0,              0.0147
       207,       128,      1.00,              0.1029,                   0,              0.0147
       207,       129,      1.00,              0.0368,                   0,                   0
       207,       132,      1.00,              0.2058,                   0,                   0
       207,       135,      1.00,              0.0662,                   0,              0.0147
       207,       136,      1.00,              0.2573,                   0,              0.0221
       207,       137,      1.00,              0.0588,                   0,              0.0294
       207,       138,      1.00,              0.0662,                   0,              0.0147
       207,       140,      1.00,              0.2058,                   0,              0.0147
       207,       141,      1.00,              0.1838,                   0,              0.0294
       207,       142,      1.00,              0.1617,                   0,              0.0368
       207,       143,      1.00,              0.1176,                   0,              0.0221
       207,       145,      1.00,                   0,                   0,              0.0074
       207,       146,      1.00,              0.1323,                   0,              0.0294
       207,       147,      1.00,              0.0074,                   0,              0.0147
       207,       148,      1.00,              0.2058,                   0,              0.0294
       207,       149,      1.00,                   0,                   0,              0.0221
       207,       150,      1.00,                   0,                   0,              0.0294
       207,       151,      1.00,              0.4190,                   0,              0.0368
       207,       152,      1.00,              0.2058,                   0,              0.0147
       207,       153,      1.00,              0.1029,                   0,              0.0147
       207,       154,      1.00,              0.8234,                   0,              0.0735
       207,       155,      1.00,              0.4190,                   0,              0.0441
       207,       156,      1.00,                   0,                   0,              0.0074
       207,       157,      1.00,              0.3088,                   0,              0.0441
       207,       158,      1.00,                   0,                   0,              0.0074
       207,       160,      1.00,              0.2058,                   0,              0.0147
       207,       161,      1.00,              0.0368,                   0,              0.0515
       207,       162,      1.00,              0.8454,                   0,              0.0662
       207,       164,      1.00,              0.7719,                   0,              0.0882
       207,       165,      1.00,              0.4778,                   0,              0.0294
       207,       166,      1.00,              0.3088,                   0,              0.0441
       207,       167,      1.00,              0.2058,                   0,              0.0294
       207,       168,      1.00,              0.3896,                   0,              0.0441
       207,       169,      1.00,              0.2426,                   0,              0.0294
       207,       170,      1.00,              0.3235,                   0,              0.0735
       207,       171,      1.00,                   0,                   0,              0.1029
       207,       172,      1.00,              2.4260,                   0,              0.8454
       207,       173,      1.00,              0.0588,                   0,              0.0368
       207,       174,      1.00,              0.9336,                   0,              0.3088
       207,       175,      1.00,              0.0368,                   0,              0.1250
       207,       176,      1.00,              0.0515,                   0,              0.0515
       207,       177,      1.00,              0.1176,                   0,              0.0588
       207,       178,      1.00,              0.2058,                   0,              0.0294
       207,       179,      1.00,              0.3235,                   0,              0.0735
       207,       180,      1.00,              0.2132,                   0,              0.0147
       207,       181,      1.00,              0.1323,                   0,              0.0735
       207,       182,      1.00,              0.5367,                   0,              0.1323
       207,       183,      1.00,              0.1838,                   0,              0.0515
       207,       184,      1.00,              1.8526,                   0,              0.1985
       207,       185,      1.00,              1.2792,                   0,              0.4484
       207,       186,      1.00,              0.4999,                   0,              0.3455
       207,       187,      1.00,              0.5220,                   0,              0.1176
       207,       188,      1.00,              6.9398,                   0,              0.7278
       207,       189,      1.00,              0.6322,                   0,              0.1029
       207,       190,      1.00,              1.1909,                   0,              0.2279
       207,       191,      1.00,              4.4550,                   0,              0.1764
       207,       192,      1.00,             47.8432,                   0,              1.1248
       207,       193,      1.00,              1.9555,                   0,              0.0882
       207,       194,      1.00,              0.0294,                   0,              0.0662
       207,       195,      1.00,              5.0137,                   0,              0.3529
       207,       196,      1.00,             34.5150,                   0,              0.9410
       207,       197,      1.00,              2.6612,                   0,              0.1397
       207,       198,      1.00,             10.1376,                   0,              0.2867
       207,       199,      1.00,              6.0943,                   0,              0.1103
       207,       200,      1.00,             37.0292,                   0,              0.6175
       207,       201,      1.00,              5.2122,                   0,              0.2352
       207,       202,      1.00,             13.2620,                   0,              0.2941
       207,       203,      1.00,              1.5732,                   0,              0.0735
       207,       204,      1.00,             10.3802,                   0,              0.5587
       207,       205,      1.00,             22.0617,                   0,              0.5587
       207,       206,      1.00,              7.3956,                   0,              0.1911
       207,       207,      1.00,            107.7501,                   0,              1.0071
       207,       211,      1.00,              0.0074,                   0,              0.0147
       207,       212,      1.00,              0.2279,                   0,              0.0294
       207,       213,      1.00,              0.1691,                   0,              0.0588
       207,       227,      1.00,                   0,                   0,              0.0074
       207,       228,      1.00,              0.0515,                   0,              0.1544
       207,       229,      1.00,              0.0074,                   0,              0.0294
       208,         4,      1.00,              0.1176,                   0,                   0
       208,         6,      1.00,              0.2205,                   0,                   0
       208,         7,      1.00,              0.3235,                   0,                   0
       208,         8,      1.00,              0.1838,                   0,              0.0074
       208,         9,      1.00,              0.3455,                   0,                   0
       208,        11,      1.00,              0.0515,                   0,                   0
       208,        12,      1.00,              0.3749,                   0,                   0
       208,        13,      1.00,              0.5293,                   0,              0.0074
       208,        14,      1.00,              0.3455,                   0,                   0
       208,        15,      1.00,              0.9924,                   0,              0.0147
       208,        17,      1.00,              0.3161,                   0,                   0
       208,        21,      1.00,              0.3676,                   0,              0.0074
       208,        22,      1.00,              0.6763,                   0,                   0
       208,        23,      1.00,              0.0882,                   0,                   0
       208,        24,      1.00,              0.4190,                   0,                   0
       208,        26,      1.00,              0.2058,                   0,                   0
       208,        27,      1.00,              0.2720,                   0,                   0
       208,        28,      1.00,              0.6175,                   0,              0.0221
       208,        29,      1.00,              0.0662,                   0,                   0
       208,        30,      1.00,              0.2132,                   0,              0.0074
       208,        31,      1.00,              0.5367,                   0,              0.0074
       208,        32,      1.00,              0.3529,                   0,              0.0147
       208,        33,      1.00,              0.3749,                   0,              0.0074
       208,        34,      1.00,              0.6175,                   0,                   0
       208,        35,      1.00,              1.0439,                   0,              0.0074
       208,        36,      1.00,              0.3382,                   0,              0.0147
       208,        37,      1.00,              0.0221,                   0,                   0
       208,        38,      1.00,              0.1323,                   0,                   0
       208,        39,      1.00,              0.6469,                   0,              0.0221
       208,        40,      1.00,              0.4337,                   0,              0.0074
       208,        41,      1.00,              1.1983,                   0,              0.0368
       208,        42,      1.00,              0.5146,                   0,                   0
       208,        43,      1.00,              0.3382,                   0,              0.0074
       208,        44,      1.00,              1.2130,                   0,              0.0809
       208,        45,      1.00,              7.2118,                   0,              0.1838
       208,        46,      1.00,              4.0286,                   0,              0.1397
       208,        47,      1.00,              0.4558,                   0,              0.0147
       208,        48,      1.00,              0.0294,                   0,              0.0147
       208,        49,      1.00,              0.0809,                   0,              0.0221
       208,        50,      1.00,              0.1838,                   0,              0.0662
       208,        51,      1.00,              0.0221,                   0,                   0
       208,        52,      1.00,              1.0366,                   0,              0.0074
       208,        54,      1.00,              0.1250,                   0,                   0
       208,        55,      1.00,              1.2718,                   0,              0.0147
       208,        56,      1.00,              1.1395,                   0,              0.0368
       208,        57,      1.00,              0.0441,                   0,                   0
       208,        58,      1.00,              1.3380,                   0,              0.0735
       208,        59,      1.00,              1.0071,                   0,              0.0074
       208,        60,      1.00,              0.8895,                   0,              0.0074
       208,        61,      1.00,              0.6910,                   0,              0.0147
       208,        62,      1.00,              0.8895,                   0,              0.0074
       208,        63,      1.00,              1.2792,                   0,              0.0221
       208,        64,      1.00,              0.4852,                   0,              0.0294
       208,        65,      1.00,              1.3821,                   0,              0.0147
       208,        66,      1.00,              0.7204,                   0,              0.0074
       208,        67,      1.00,              1.3159,                   0,              0.0294
       208,        68,      1.00,              0.3602,                   0,              0.0074
       208,        69,      1.00,              0.8748,                   0,              0.0221
       208,        70,      1.00,              0.3308,                   0,                   0
       208,        71,      1.00,              0.9336,                   0,              0.0147
       208,        72,      1.00,              0.1764,                   0,              0.0074
       208,        73,      1.00,              0.0221,                   0,              0.0221
       208,        74,      1.00,              0.2205,                   0,              0.0147
       208,        75,      1.00,              0.9777,                   0,              0.0515
       208,        76,      1.00,              0.4411,                   0,              0.0441
       208,        77,      1.00,              0.1250,                   0,              0.0294
       208,        79,      1.00,              1.5879,                   0,              0.0515
       208,        80,      1.00,              1.4262,                   0,              0.0221
       208,        81,      1.00,              2.9847,                   0,              0.0441
       208,        82,      1.00,              1.9628,                   0,              0.0221
       208,        83,      1.00,              4.8299,                   0,              0.0882
       208,        84,      1.00,             14.1662,                   0,              0.2352
       208,        85,      1.00,             14.0780,                   0,              0.1838
       208,        86,      1.00,              5.0872,                   0,              0.0441
       208,        87,      1.00,              0.3970,                   0,              0.0147
       208,        88,      1.00,              0.1617,                   0,                   0
       208,        89,      1.00,              0.3676,                   0,              0.0074
       208,        90,      1.00,              1.8379,                   0,              0.0294
       208,        91,      1.00,              2.3157,                   0,              0.0588
       208,        92,      1.00,              4.9916,                   0,              0.2058
       208,        93,      1.00,              0.6469,                   0,              0.0221
       208,        94,      1.00,              0.7793,                   0,              0.0294
       208,        95,      1.00,              1.2203,                   0,              0.0882
       208,        96,      1.00,              0.7425,                   0,                   0
       208,        97,      1.00,              0.2867,                   0,              0.0074
       208,        98,      1.00,              0.2573,                   0,              0.0074
       208,        99,      1.00,              0.6396,                   0,                   0
       208,       100,      1.00,              0.7498,                   0,              0.0147
       208,       101,      1.00,              1.6982,                   0,              0.0294
       208,       102,      1.00,              0.1250,                   0,              0.0074
       208,       103,      1.00,              2.4333,                   0,              0.0515
       208,       104,      1.00,              2.1172,                   0,              0.0515
       208,       105,      1.00,              0.6175,                   0,              0.0074
       208,       106,      1.00,              0.4778,                   0,              0.0294
       208,       107,      1.00,              0.6616,                   0,              0.0147
       208,       109,      1.00,              0.0368,                   0,              0.0147
       208,       110,      1.00,              0.1397,                   0,                   0
       208,       111,      1.00,              0.1250,                   0,              0.0074
       208,       112,      1.00,              0.6690,                   0,              0.0221
       208,       113,      1.00,              0.2058,                   0,                   0
       208,       114,      1.00,              0.6837,                   0,              0.0074
       208,       115,      1.00,                   0,                   0,              0.0147
       208,       116,      1.00,              0.2058,                   0,              0.0074
       208,       117,      1.00,              0.6543,                   0,              0.0074
       208,       118,      1.00,              0.3235,                   0,              0.0368
       208,       119,      1.00,              2.8671,                   0,              0.1029
       208,       120,      1.00,              1.3306,                   0,              0.0441
       208,       121,      1.00,              1.1395,                   0,              0.0588
       208,       122,      1.00,              0.9116,                   0,              0.0441
       208,       123,      1.00,              0.2720,                   0,              0.0662
       208,       124,      1.00,              0.2205,                   0,              0.0294
       208,       125,      1.00,              0.0074,                   0,              0.0074
       208,       126,      1.00,              1.1468,                   0,              0.2279
       208,       127,      1.00,              1.0071,                   0,              0.1250
       208,       128,      1.00,              0.2352,                   0,              0.0441
       208,       129,      1.00,              0.1029,                   0,              0.0515
       208,       130,      1.00,              0.1250,                   0,              0.0147
       208,       131,      1.00,              0.0074,                   0,              0.0147
       208,       132,      1.00,              0.0441,                   0,              0.0147
       208,       133,      1.00,              0.0588,                   0,              0.0221
       208,       134,      1.00,              0.0956,                   0,              0.0147
       208,       135,      1.00,                   0,                   0,              0.0074
       208,       136,      1.00,              0.3749,                   0,              0.0074
       208,       137,      1.00,              0.1029,                   0,              0.0074
       208,       138,      1.00,                   0,                   0,              0.0074
       208,       139,      1.00,                   0,                   0,              0.0147
       208,       140,      1.00,              0.1176,                   0,              0.0368
       208,       141,      1.00,              0.2352,                   0,              0.0294
       208,       142,      1.00,              0.8675,                   0,              0.0368
       208,       143,      1.00,              0.2058,                   0,              0.0221
       208,       144,      1.00,              0.0294,                   0,              0.0074
       208,       145,      1.00,              0.0588,                   0,              0.0147
       208,       146,      1.00,              0.1176,                   0,              0.0368
       208,       147,      1.00,              0.0221,                   0,              0.0147
       208,       148,      1.00,              0.0956,                   0,              0.0294
       208,       149,      1.00,              0.0662,                   0,              0.0221
       208,       150,      1.00,              0.1103,                   0,              0.0221
       208,       151,      1.00,              0.1103,                   0,              0.0588
       208,       152,      1.00,              0.0221,                   0,              0.0147
       208,       153,      1.00,              0.0221,                   0,              0.0147
       208,       154,      1.00,              0.1985,                   0,              0.0515
       208,       155,      1.00,              0.0956,                   0,              0.0882
       208,       156,      1.00,              0.0147,                   0,              0.0074
       208,       157,      1.00,              0.2058,                   0,                   0
       208,       159,      1.00,                   0,                   0,              0.0074
       208,       160,      1.00,              0.0515,                   0,              0.0074
       208,       161,      1.00,              0.0809,                   0,              0.0221
       208,       162,      1.00,              0.1323,                   0,              0.0074
       208,       164,      1.00,              0.4484,                   0,              0.0074
       208,       165,      1.00,              0.0882,                   0,              0.0294
       208,       166,      1.00,              0.0441,                   0,              0.0294
       208,       167,      1.00,              0.1250,                   0,              0.0147
       208,       168,      1.00,              0.0294,                   0,              0.0074
       208,       169,      1.00,              0.0147,                   0,                   0
       208,       170,      1.00,              0.0294,                   0,              0.0515
       208,       172,      1.00,              0.0588,                   0,              0.0221
       208,       175,      1.00,              0.0588,                   0,              0.0074
       208,       177,      1.00,              0.0294,                   0,              0.0147
       208,       178,      1.00,              0.0221,                   0,              0.0221
       208,       179,      1.00,              0.0809,                   0,              0.0294
       208,       180,      1.00,              0.0074,                   0,                   0
       208,       181,      1.00,              0.0368,                   0,              0.0074
       208,       182,      1.00,              0.0956,                   0,              0.0074
       208,       183,      1.00,              0.0074,                   0,                   0
       208,       184,      1.00,              0.0074,                   0,                   0
       208,       185,      1.00,              0.0147,                   0,                   0
       208,       187,      1.00,              0.0588,                   0,                   0
       208,       188,      1.00,              0.0588,                   0,                   0
       208,       208,      1.00,              4.7637,                   0,              0.0441
       208,       209,      1.00,              4.8225,                   0,              0.3014
       208,       210,      1.00,              1.9261,                   0,              0.0441
       208,       211,      1.00,                   0,                   0,              0.0074
       208,       212,      1.00,              0.2132,                   0,                   0
       208,       213,      1.00,              0.0662,                   0,              0.0074
       208,       224,      1.00,                   0,                   0,              0.0147
       208,       226,      1.00,                   0,                   0,              0.0147
       209,         1,      1.00,              0.3235,                   0,              0.0147
       209,         2,      1.00,              0.1103,                   0,              0.0221
       209,         3,      1.00,              0.2647,                   0,              0.0074
       209,         4,      1.00,              0.2132,                   0,              0.0147
       209,         5,      1.00,              0.2647,                   0,              0.0221
       209,         6,      1.00,              1.0219,                   0,              0.0368
       209,         7,      1.00,              1.0219,                   0,              0.0515
       209,         8,      1.00,              1.4850,                   0,              0.0809
       209,         9,      1.00,              1.4556,                   0,              0.0441
       209,        10,      1.00,              0.0588,                   0,                   0
       209,        11,      1.00,              0.2058,                   0,              0.0294
       209,        12,      1.00,              0.7351,                   0,              0.0588
       209,        13,      1.00,              1.7129,                   0,              0.0956
       209,        14,      1.00,              3.0729,                   0,              0.0809
       209,        15,      1.00,              5.1681,                   0,              0.0735
       209,        16,      1.00,              0.4117,                   0,              0.0074
       209,        17,      1.00,              1.2350,                   0,              0.0147
       209,        18,      1.00,              0.2499,                   0,              0.0147
       209,        19,      1.00,              0.2720,                   0,              0.0147
       209,        20,      1.00,              0.0147,                   0,              0.0074
       209,        21,      1.00,              0.4705,                   0,              0.0221
       209,        22,      1.00,              0.9410,                   0,                   0
       209,        23,      1.00,              2.9332,                   0,              0.0368
       209,        24,      1.00,              0.8454,                   0,              0.0441
       209,        25,      1.00,              0.0074,                   0,              0.0074
       209,        26,      1.00,              1.7202,                   0,              0.0147
       209,        27,      1.00,              2.7494,                   0,              0.0294
       209,        28,      1.00,              2.5068,                   0,              0.0662
       209,        29,      1.00,              0.9851,                   0,              0.0221
       209,        30,      1.00,              1.0660,                   0,              0.0221
       209,        31,      1.00,              1.1909,                   0,              0.0221
       209,        32,      1.00,              4.6241,                   0,              0.0515
       209,        33,      1.00,              2.9626,                   0,              0.1103
       209,        34,      1.00,              1.5659,                   0,              0.0147
       209,        35,      1.00,              5.1975,                   0,              0.1617
       209,        36,      1.00,              5.0578,                   0,              0.0735
       209,        37,      1.00,              1.6026,                   0,              0.0662
       209,        38,      1.00,              1.5217,                   0,              0.0368
       209,        39,      1.00,              3.3743,                   0,              0.1176
       209,        40,      1.00,              2.7127,                   0,              0.0368
       209,        41,      1.00,             19.5034,                   0,              0.6175
       209,        42,      1.00,              8.3512,                   0,              0.0662
       209,        43,      1.00,              8.1601,                   0,              0.0662
       209,        44,      1.00,             39.0215,                   0,              0.4852
       209,        45,      1.00,             94.8190,                   0,              1.7202
       209,        46,      1.00,             39.9331,                   0,              0.5955
       209,        47,      1.00,              5.2269,                   0,              0.0588
       209,        48,      1.00,              0.1103,                   0,              0.0294
       209,        49,      1.00,              2.2789,                   0,              0.1103
       209,        50,      1.00,              0.6543,                   0,              0.1617
       209,        51,      1.00,              0.1985,                   0,                   0
       209,        52,      1.00,             10.1965,                   0,              0.1029
       209,        53,      1.00,              0.4190,                   0,              0.0074
       209,        54,      1.00,              4.2050,                   0,              0.0294
       209,        55,      1.00,             13.1223,                   0,              0.1838
       209,        56,      1.00,             11.7403,                   0,              0.4117
       209,        57,      1.00,              0.4484,                   0,              0.0147
       209,        58,      1.00,             38.2055,                   0,              0.7866
       209,        59,      1.00,              2.7053,                   0,              0.0515
       209,        60,      1.00,              2.8524,                   0,              0.0662
       209,        61,      1.00,              2.1760,                   0,              0.0956
       209,        62,      1.00,              2.9920,                   0,              0.0515
       209,        63,      1.00,              3.0876,                   0,              0.0809
       209,        64,      1.00,              1.2130,                   0,              0.0956
       209,        65,      1.00,              7.4103,                   0,              0.1838
       209,        66,      1.00,             10.2332,                   0,              0.0662
       209,        67,      1.00,             10.1744,                   0,              0.1691
       209,        68,      1.00,              3.3376,                   0,              0.0662
       209,        69,      1.00,              6.4913,                   0,              0.1323
       209,        70,      1.00,              2.8303,                   0,              0.0221
       209,        71,      1.00,              6.8663,                   0,              0.0588
       209,        72,      1.00,              4.0065,                   0,              0.0368
       209,        73,      1.00,              0.5734,                   0,              0.0956
       209,        74,      1.00,              1.5438,                   0,              0.0368
       209,        75,      1.00,              6.4399,                   0,              0.2058
       209,        76,      1.00,              3.9918,                   0,              0.1250
       209,        77,      1.00,              1.7349,                   0,              0.0809
       209,        78,      1.00,              0.0588,                   0,                   0
       209,        79,      1.00,              2.8083,                   0,              0.1691
       209,        80,      1.00,              6.2487,                   0,              0.0809
       209,        81,      1.00,             18.9153,                   0,              0.1691
       209,        82,      1.00,              2.8230,                   0,              0.0735
       209,        83,      1.00,             10.0862,                   0,              0.2794
       209,        84,      1.00,             12.8871,                   0,              0.4999
       209,        85,      1.00,             15.9453,                   0,              0.3749
       209,        86,      1.00,              7.1530,                   0,              0.1250
       209,        87,      1.00,              0.3529,                   0,              0.0368
       209,        88,      1.00,              0.6102,                   0,              0.0074
       209,        89,      1.00,              0.8969,                   0,              0.0221
       209,        90,      1.00,              2.2716,                   0,              0.1029
       209,        91,      1.00,              1.2203,                   0,              0.0882
       209,        92,      1.00,              3.7713,                   0,              0.2794
       209,        93,      1.00,              1.7349,                   0,              0.0515
       209,        94,      1.00,              1.1395,                   0,              0.0809
       209,        95,      1.00,              2.8230,                   0,              0.2426
       209,        96,      1.00,              0.5367,                   0,              0.0074
       209,        97,      1.00,              1.0733,                   0,              0.0221
       209,        98,      1.00,              0.9116,                   0,              0.0294
       209,        99,      1.00,              1.3821,                   0,              0.0147
       209,       100,      1.00,              1.4041,                   0,              0.1250
       209,       101,      1.00,              2.2275,                   0,              0.0956
       209,       102,      1.00,              0.4190,                   0,              0.0074
       209,       103,      1.00,              3.6169,                   0,              0.0956
       209,       104,      1.00,              2.7641,                   0,              0.0956
       209,       105,      1.00,              0.3088,                   0,              0.0221
       209,       106,      1.00,              1.1027,                   0,              0.0588
       209,       107,      1.00,              1.1027,                   0,              0.0441
       209,       108,      1.00,              0.0074,                   0,              0.0074
       209,       109,      1.00,              0.4558,                   0,              0.0441
       209,       110,      1.00,              0.8381,                   0,              0.0074
       209,       111,      1.00,              0.0074,                   0,              0.0147
       209,       112,      1.00,              7.4691,                   0,              0.2132
       209,       113,      1.00,              0.2058,                   0,                   0
       209,       114,      1.00,              0.6469,                   0,              0.0147
       209,       115,      1.00,                   0,                   0,              0.0221
       209,       116,      1.00,              0.0074,                   0,              0.0368
       209,       117,      1.00,              1.3821,                   0,              0.0515
       209,       118,      1.00,              1.2203,                   0,              0.1323
       209,       119,      1.00,              2.2275,                   0,              0.1617
       209,       120,      1.00,              2.8818,                   0,              0.1103
       209,       121,      1.00,              2.6980,                   0,              0.1764
       209,       122,      1.00,              1.1468,                   0,              0.1176
       209,       123,      1.00,              0.8234,                   0,              0.1617
       209,       124,      1.00,              0.3161,                   0,              0.0956
       209,       125,      1.00,              0.4411,                   0,              0.0368
       209,       126,      1.00,              1.4335,                   0,              0.3088
       209,       127,      1.00,              2.0878,                   0,              0.3235
       209,       128,      1.00,              0.3602,                   0,              0.1176
       209,       129,      1.00,              0.2426,                   0,              0.1250
       209,       130,      1.00,              0.2647,                   0,              0.0515
       209,       131,      1.00,              0.0882,                   0,              0.0441
       209,       132,      1.00,              0.2352,                   0,              0.0515
       209,       133,      1.00,              0.1103,                   0,              0.0588
       209,       134,      1.00,              0.0735,                   0,              0.0441
       209,       135,      1.00,              0.0809,                   0,              0.0294
       209,       136,      1.00,              0.1397,                   0,              0.0441
       209,       137,      1.00,              0.0441,                   0,              0.0221
       209,       138,      1.00,              0.2720,                   0,              0.0221
       209,       139,      1.00,                   0,                   0,              0.0294
       209,       140,      1.00,              0.1691,                   0,              0.0956
       209,       141,      1.00,              0.2867,                   0,              0.0956
       209,       142,      1.00,              0.3308,                   0,              0.0588
       209,       143,      1.00,              0.4925,                   0,              0.1029
       209,       144,      1.00,              0.0074,                   0,              0.0221
       209,       145,      1.00,              0.1691,                   0,              0.0515
       209,       146,      1.00,              0.2499,                   0,              0.1397
       209,       147,      1.00,              0.0956,                   0,              0.0588
       209,       148,      1.00,              0.5293,                   0,              0.1103
       209,       149,      1.00,              0.0882,                   0,              0.0735
       209,       150,      1.00,              0.1985,                   0,              0.0735
       209,       151,      1.00,              0.2279,                   0,              0.2279
       209,       152,      1.00,              0.0809,                   0,              0.0515
       209,       153,      1.00,              0.1250,                   0,              0.0441
       209,       154,      1.00,              0.2867,                   0,              0.1838
       209,       155,      1.00,              0.3382,                   0,              0.2132
       209,       156,      1.00,              0.0588,                   0,              0.0221
       209,       157,      1.00,                   0,                   0,              0.0147
       209,       158,      1.00,                   0,                   0,              0.0074
       209,       159,      1.00,                   0,                   0,              0.0147
       209,       160,      1.00,              0.0662,                   0,              0.0368
       209,       161,      1.00,              0.3161,                   0,              0.0809
       209,       162,      1.00,              0.0588,                   0,              0.0588
       209,       164,      1.00,              0.1103,                   0,              0.0441
       209,       165,      1.00,              0.1764,                   0,              0.0882
       209,       166,      1.00,              0.1838,                   0,              0.0882
       209,       167,      1.00,              0.0662,                   0,              0.0515
       209,       168,      1.00,              0.0515,                   0,              0.0368
       209,       169,      1.00,              0.0441,                   0,              0.0147
       209,       170,      1.00,              0.1103,                   0,              0.1323
       209,       171,      1.00,              0.0147,                   0,                   0
       209,       172,      1.00,              0.7425,                   0,              0.0809
       209,       173,      1.00,              0.0294,                   0,                   0
       209,       174,      1.00,              0.1176,                   0,              0.0294
       209,       175,      1.00,              0.0662,                   0,              0.0441
       209,       176,      1.00,              0.0074,                   0,                   0
       209,       177,      1.00,              0.0515,                   0,              0.0515
       209,       178,      1.00,              0.0882,                   0,              0.0882
       209,       179,      1.00,              0.2499,                   0,              0.0956
       209,       180,      1.00,              0.0809,                   0,              0.0074
       209,       181,      1.00,              0.0809,                   0,              0.0294
       209,       182,      1.00,              0.0809,                   0,              0.0441
       209,       183,      1.00,              0.0515,                   0,              0.0074
       209,       184,      1.00,              0.0221,                   0,              0.0074
       209,       185,      1.00,              0.1323,                   0,                   0
       209,       186,      1.00,              0.0074,                   0,                   0
       209,       188,      1.00,              0.3823,                   0,              0.0074
       209,       191,      1.00,              0.0074,                   0,                   0
       209,       192,      1.00,                   0,                   0,              0.0074
       209,       193,      1.00,              0.1323,                   0,                   0
       209,       195,      1.00,              0.2058,                   0,                   0
       209,       196,      1.00,              0.1029,                   0,              0.0074
       209,       198,      1.00,              0.0588,                   0,                   0
       209,       201,      1.00,              0.1691,                   0,                   0
       209,       203,      1.00,              0.0074,                   0,                   0
       209,       208,      1.00,              3.1097,                   0,              0.3014
       209,       209,      1.00,             71.1473,                   0,              0.9630
       209,       210,      1.00,             24.6273,                   0,              0.1838
       209,       211,      1.00,              0.0074,                   0,              0.0221
       209,       212,      1.00,              0.0147,                   0,              0.0147
       209,       213,      1.00,              0.0441,                   0,              0.0221
       209,       217,      1.00,                   0,                   0,              0.0074
       209,       218,      1.00,                   0,                   0,              0.0147
       209,       219,      1.00,                   0,                   0,              0.0147
       209,       224,      1.00,                   0,                   0,              0.0735
       209,       226,      1.00,              0.0074,                   0,              0.0515
       210,         1,      1.00,              0.0221,                   0,              0.0074
       210,         2,      1.00,                   0,                   0,              0.0074
       210,         3,      1.00,              0.2058,                   0,                   0
       210,         5,      1.00,              0.2132,                   0,              0.0074
       210,         6,      1.00,              0.5587,                   0,              0.0074
       210,         7,      1.00,              0.6690,                   0,              0.0147
       210,         8,      1.00,              0.8013,                   0,              0.0221
       210,         9,      1.00,              1.4703,                   0,              0.0147
       210,        11,      1.00,              0.0441,                   0,              0.0074
       210,        12,      1.00,              0.1985,                   0,              0.0147
       210,        13,      1.00,              1.3086,                   0,              0.0294
       210,        14,      1.00,              0.7057,                   0,              0.0147
       210,        15,      1.00,              2.1613,                   0,              0.1103
       210,        16,      1.00,              0.2647,                   0,                   0
       210,        17,      1.00,              0.2426,                   0,              0.0074
       210,        18,      1.00,              0.5220,                   0,              0.0074
       210,        19,      1.00,              0.1029,                   0,              0.0074
       210,        20,      1.00,              0.3014,                   0,                   0
       210,        21,      1.00,              0.2058,                   0,              0.0147
       210,        22,      1.00,              0.2058,                   0,                   0
       210,        23,      1.00,              1.1836,                   0,              0.0074
       210,        24,      1.00,              0.2426,                   0,              0.0074
       210,        26,      1.00,              0.6837,                   0,              0.0221
       210,        27,      1.00,              2.4921,                   0,              0.0662
       210,        28,      1.00,              2.6906,                   0,              0.0882
       210,        29,      1.00,              0.7866,                   0,              0.0221
       210,        30,      1.00,              0.1103,                   0,              0.0147
       210,        31,      1.00,              1.1762,                   0,              0.0221
       210,        32,      1.00,              1.5438,                   0,              0.0588
       210,        33,      1.00,              1.7643,                   0,              0.0515
       210,        34,      1.00,              1.2865,                   0,              0.0147
       210,        35,      1.00,              2.1834,                   0,              0.0074
       210,        36,      1.00,              2.3966,                   0,              0.0294
       210,        37,      1.00,              0.6175,                   0,              0.0147
       210,        38,      1.00,              0.6543,                   0,              0.0074
       210,        39,      1.00,              3.5802,                   0,              0.0735
       210,        40,      1.00,              1.7202,                   0,              0.0147
       210,        41,      1.00,              4.4623,                   0,              0.0515
       210,        42,      1.00,              3.3229,                   0,              0.0147
       210,        43,      1.00,             10.8213,                   0,              0.0588
       210,        44,      1.00,              8.9320,                   0,              0.1250
       210,        45,      1.00,             14.9896,                   0,              0.4190
       210,        46,      1.00,             10.1671,                   0,              0.1617
       210,        47,      1.00,              9.2555,                   0,              0.0441
       210,        48,      1.00,                   0,                   0,              0.0147
       210,        49,      1.00,              2.4186,                   0,              0.0588
       210,        50,      1.00,              0.0147,                   0,              0.1029
       210,        51,      1.00,              0.1397,                   0,                   0
       210,        52,      1.00,              7.1456,                   0,              0.0662
       210,        53,      1.00,              1.1983,                   0,                   0
       210,        54,      1.00,              2.8965,                   0,              0.0294
       210,        55,      1.00,             16.9230,                   0,              0.1323
       210,        56,      1.00,              5.3445,                   0,              0.0515
       210,        57,      1.00,              0.2058,                   0,                   0
       210,        58,      1.00,              8.5056,                   0,              0.0588
       210,        59,      1.00,              2.5877,                   0,              0.0294
       210,        60,      1.00,              2.7788,                   0,              0.0662
       210,        61,      1.00,              3.5140,                   0,              0.0882
       210,        62,      1.00,              2.4921,                   0,              0.0882
       210,        63,      1.00,              2.7421,                   0,              0.0588
       210,        64,      1.00,              1.1468,                   0,              0.0735
       210,        65,      1.00,              6.7633,                   0,              0.1617
       210,        66,      1.00,              9.9465,                   0,              0.0662
       210,        67,      1.00,             11.5344,                   0,              0.1470
       210,        68,      1.00,              3.0435,                   0,              0.0662
       210,        69,      1.00,              6.5134,                   0,              0.1250
       210,        70,      1.00,              5.5062,                   0,              0.0221
       210,        71,      1.00,             14.0119,                   0,              0.0588
       210,        72,      1.00,              4.3521,                   0,              0.0368
       210,        73,      1.00,              1.7349,                   0,              0.0809
       210,        74,      1.00,              1.6908,                   0,              0.0294
       210,        75,      1.00,              6.3149,                   0,              0.1544
       210,        76,      1.00,              4.6388,                   0,              0.0956
       210,        77,      1.00,              0.8969,                   0,              0.0662
       210,        79,      1.00,              3.2273,                   0,              0.1691
       210,        80,      1.00,              4.4770,                   0,              0.0882
       210,        81,      1.00,              4.5873,                   0,              0.1176
       210,        82,      1.00,              2.9700,                   0,              0.0662
       210,        83,      1.00,              9.0496,                   0,              0.2573
       210,        84,      1.00,              4.4623,                   0,              0.1323
       210,        85,      1.00,              7.7705,                   0,              0.1029
       210,        86,      1.00,              4.2785,                   0,              0.1617
       210,        87,      1.00,              0.5146,                   0,              0.0588
       210,        88,      1.00,              0.5293,                   0,              0.0147
       210,        89,      1.00,              0.3602,                   0,              0.0074
       210,        90,      1.00,              2.0731,                   0,              0.0588
       210,        91,      1.00,              0.8675,                   0,              0.0368
       210,        92,      1.00,              2.1540,                   0,              0.1617
       210,        93,      1.00,              0.4337,                   0,              0.0294
       210,        94,      1.00,              0.7351,                   0,              0.0368
       210,        95,      1.00,              1.9702,                   0,              0.1250
       210,        96,      1.00,              0.2426,                   0,              0.1250
       210,        97,      1.00,              1.1395,                   0,              0.0147
       210,        98,      1.00,              1.5217,                   0,              0.0221
       210,        99,      1.00,              0.9704,                   0,              0.0074
       210,       100,      1.00,              1.0586,                   0,              0.0882
       210,       101,      1.00,              2.3598,                   0,              0.0662
       210,       102,      1.00,              0.2426,                   0,              0.0074
       210,       103,      1.00,              3.3523,                   0,              0.0294
       210,       104,      1.00,              3.3743,                   0,              0.1764
       210,       105,      1.00,              1.0292,                   0,              0.0221
       210,       106,      1.00,              1.4997,                   0,              0.0147
       210,       107,      1.00,              1.3453,                   0,              0.0221
       210,       108,      1.00,              0.2426,                   0,              0.0074
       210,       109,      1.00,              0.7204,                   0,              0.0147
       210,       110,      1.00,              0.2279,                   0,              0.0074
       210,       111,      1.00,              0.1250,                   0,              0.0074
       210,       112,      1.00,              4.7784,                   0,              0.0368
       210,       114,      1.00,              0.8234,                   0,              0.0074
       210,       115,      1.00,                   0,                   0,              0.0074
       210,       116,      1.00,              0.0074,                   0,              0.0294
       210,       117,      1.00,              0.5587,                   0,              0.0294
       210,       118,      1.00,              1.3380,                   0,              0.0662
       210,       119,      1.00,              1.2424,                   0,              0.0956
       210,       120,      1.00,              1.3086,                   0,              0.0588
       210,       121,      1.00,              1.5512,                   0,              0.0882
       210,       122,      1.00,              1.2130,                   0,              0.0662
       210,       123,      1.00,              0.8454,                   0,              0.0809
       210,       124,      1.00,              0.0221,                   0,              0.0588
       210,       125,      1.00,              0.0147,                   0,              0.0221
       210,       126,      1.00,              0.5367,                   0,              0.1617
       210,       127,      1.00,              1.5806,                   0,              0.1691
       210,       128,      1.00,              0.1911,                   0,              0.0662
       210,       129,      1.00,              0.2720,                   0,              0.0809
       210,       130,      1.00,              0.1617,                   0,              0.0294
       210,       131,      1.00,              0.3529,                   0,              0.0294
       210,       132,      1.00,              0.1323,                   0,              0.0221
       210,       133,      1.00,              0.1103,                   0,              0.0441
       210,       134,      1.00,              0.1029,                   0,              0.0294
       210,       135,      1.00,                   0,                   0,              0.0147
       210,       136,      1.00,              0.0074,                   0,              0.0147
       210,       137,      1.00,              0.0074,                   0,              0.0074
       210,       138,      1.00,              0.3896,                   0,              0.0074
       210,       139,      1.00,                   0,                   0,              0.0147
       210,       140,      1.00,              0.1323,                   0,              0.0515
       210,       141,      1.00,              0.1838,                   0,              0.0441
       210,       142,      1.00,              0.1250,                   0,              0.0294
       210,       143,      1.00,              0.3382,                   0,              0.0441
       210,       144,      1.00,              0.0147,                   0,              0.0074
       210,       145,      1.00,              0.1103,                   0,              0.0221
       210,       146,      1.00,              0.1470,                   0,              0.0662
       210,       147,      1.00,              0.0368,                   0,              0.0294
       210,       148,      1.00,              0.1838,                   0,              0.0441
       210,       149,      1.00,              0.0662,                   0,              0.0368
       210,       150,      1.00,              0.1470,                   0,              0.0368
       210,       151,      1.00,              0.1764,                   0,              0.1029
       210,       152,      1.00,              0.0662,                   0,              0.0221
       210,       153,      1.00,              0.0588,                   0,              0.0221
       210,       154,      1.00,              0.3161,                   0,              0.1029
       210,       155,      1.00,              0.1691,                   0,              0.1397
       210,       156,      1.00,              0.0294,                   0,              0.0074
       210,       159,      1.00,              0.1176,                   0,              0.0074
       210,       160,      1.00,              0.0294,                   0,              0.0147
       210,       161,      1.00,              0.1250,                   0,              0.0441
       210,       162,      1.00,              0.1323,                   0,              0.0221
       210,       164,      1.00,              0.2499,                   0,              0.0147
       210,       165,      1.00,              0.0956,                   0,              0.0441
       210,       166,      1.00,              0.2426,                   0,              0.0441
       210,       167,      1.00,              0.0735,                   0,              0.0221
       210,       168,      1.00,              0.0441,                   0,              0.0147
       210,       169,      1.00,                   0,                   0,              0.0074
       210,       170,      1.00,              0.0588,                   0,              0.0588
       210,       172,      1.00,              0.6175,                   0,              0.0294
       210,       174,      1.00,              0.2058,                   0,                   0
       210,       175,      1.00,              0.1029,                   0,              0.0074
       210,       177,      1.00,              0.0515,                   0,              0.0221
       210,       178,      1.00,              0.1397,                   0,              0.0441
       210,       179,      1.00,              0.1103,                   0,              0.0515
       210,       181,      1.00,              0.0294,                   0,              0.0074
       210,       182,      1.00,              0.1250,                   0,              0.0147
       210,       184,      1.00,              0.0221,                   0,                   0
       210,       185,      1.00,              0.0368,                   0,                   0
       210,       188,      1.00,                   0,                   0,              0.0074
       210,       192,      1.00,              0.0368,                   0,                   0
       210,       198,      1.00,              0.1176,                   0,                   0
       210,       208,      1.00,              1.8599,                   0,              0.0441
       210,       209,      1.00,             20.2385,                   0,              0.1838
       210,       210,      1.00,             43.7191,                   0,              0.1323
       210,       211,      1.00,                   0,                   0,              0.0074
       210,       212,      1.00,              0.0074,                   0,              0.0074
       210,       213,      1.00,              0.0074,                   0,              0.0074
       210,       218,      1.00,                   0,                   0,              0.0074
       210,       219,      1.00,                   0,                   0,              0.0147
       210,       224,      1.00,                   0,                   0,              0.0515
       210,       226,      1.00,              0.0074,                   0,              0.0441
       211,         6,      1.00,              0.2426,                   0,                   0
       211,         7,      1.00,              0.1029,                   0,                   0
       211,         8,      1.00,              0.2647,                   0,                   0
       211,         9,      1.00,              0.0662,                   0,                   0
       211,        12,      1.00,              0.4117,                   0,                   0
       211,        13,      1.00,              0.1029,                   0,                   0
       211,        15,      1.00,              0.4117,                   0,                   0
       211,        17,      1.00,              0.2058,                   0,                   0
       211,        21,      1.00,                   0,                   0,              0.0074
       211,        28,      1.00,              0.2132,                   0,              0.0074
       211,        29,      1.00,              0.4117,                   0,                   0
       211,        30,      1.00,              0.0074,                   0,                   0
       211,        31,      1.00,              0.0074,                   0,                   0
       211,        33,      1.00,              0.2132,                   0,                   0
       211,        36,      1.00,                   0,                   0,              0.0074
       211,        41,      1.00,              0.0074,                   0,              0.0074
       211,        44,      1.00,              0.0074,                   0,              0.0147
       211,        45,      1.00,              0.0074,                   0,              0.0221
       211,        46,      1.00,              0.0809,                   0,              0.0221
       211,        49,      1.00,                   0,                   0,              0.0074
       211,        50,      1.00,                   0,                   0,              0.0074
       211,        52,      1.00,                   0,                   0,              0.0074
       211,        55,      1.00,                   0,                   0,              0.0074
       211,        56,      1.00,              0.0074,                   0,              0.0074
       211,        58,      1.00,              0.2058,                   0,              0.0147
       211,        59,      1.00,                   0,                   0,              0.0074
       211,        60,      1.00,              0.2058,                   0,                   0
       211,        61,      1.00,              0.0147,                   0,              0.0074
       211,        62,      1.00,              0.0074,                   0,                   0
       211,        63,      1.00,              0.0074,                   0,              0.0147
       211,        64,      1.00,              0.0074,                   0,              0.0074
       211,        67,      1.00,              0.0147,                   0,                   0
       211,        72,      1.00,                   0,                   0,              0.0074
       211,        75,      1.00,              0.2132,                   0,              0.0147
       211,        76,      1.00,              0.0074,                   0,                   0
       211,        77,      1.00,              0.0074,                   0,                   0
       211,        78,      1.00,              0.2058,                   0,              0.0074
       211,        79,      1.00,              0.0147,                   0,              0.0074
       211,        80,      1.00,              0.0074,                   0,              0.0074
       211,        81,      1.00,              0.0735,                   0,              0.0074
       211,        83,      1.00,              0.0147,                   0,              0.0147
       211,        84,      1.00,              0.0735,                   0,              0.0294
       211,        85,      1.00,              0.2205,                   0,              0.0147
       211,        86,      1.00,              0.2794,                   0,              0.0147
       211,        88,      1.00,              0.2058,                   0,                   0
       211,        89,      1.00,                   0,                   0,              0.0221
       211,        90,      1.00,              0.0074,                   0,              0.0147
       211,        91,      1.00,              0.0074,                   0,              0.0074
       211,        92,      1.00,              0.6322,                   0,              0.0441
       211,        93,      1.00,              0.0074,                   0,              0.0074
       211,        94,      1.00,              0.0074,                   0,              0.0147
       211,        95,      1.00,              0.2941,                   0,              0.0441
       211,        96,      1.00,                   0,                   0,              0.0074
       211,        97,      1.00,              0.0074,                   0,              0.0074
       211,        98,      1.00,              0.0074,                   0,              0.0074
       211,        99,      1.00,              0.2132,                   0,              0.0074
       211,       100,      1.00,              0.3455,                   0,              0.1103
       211,       101,      1.00,              0.2352,                   0,              0.0221
       211,       102,      1.00,              0.8307,                   0,              0.0368
       211,       103,      1.00,              1.4629,                   0,              0.0147
       211,       104,      1.00,              0.0074,                   0,              0.0147
       211,       105,      1.00,              0.9483,                   0,              0.0441
       211,       106,      1.00,              0.1103,                   0,              0.0221
       211,       107,      1.00,              0.4264,                   0,              0.0147
       211,       108,      1.00,              0.2132,                   0,              0.0147
       211,       109,      1.00,              0.0074,                   0,              0.0147
       211,       110,      1.00,              0.1029,                   0,                   0
       211,       112,      1.00,              0.0074,                   0,                   0
       211,       114,      1.00,              1.1542,                   0,              0.1103
       211,       115,      1.00,              0.0074,                   0,              0.0368
       211,       116,      1.00,              0.8675,                   0,              0.1029
       211,       117,      1.00,              8.5938,                   0,              0.2058
       211,       118,      1.00,              3.9404,                   0,              0.1176
       211,       119,      1.00,              0.2205,                   0,              0.0515
       211,       120,      1.00,              0.2132,                   0,              0.0221
       211,       121,      1.00,              0.4337,                   0,              0.0515
       211,       122,      1.00,              0.9410,                   0,              0.0809
       211,       123,      1.00,              0.8528,                   0,              0.0735
       211,       124,      1.00,              0.6837,                   0,              0.1103
       211,       125,      1.00,              2.3966,                   0,              0.0956
       211,       126,      1.00,              0.9704,                   0,              0.0809
       211,       127,      1.00,              1.0586,                   0,              0.1029
       211,       128,      1.00,              0.6910,                   0,              0.0515
       211,       129,      1.00,              0.5220,                   0,              0.0294
       211,       130,      1.00,              0.8307,                   0,              0.0147
       211,       131,      1.00,              0.0147,                   0,              0.0294
       211,       132,      1.00,              0.5808,                   0,              0.0221
       211,       133,      1.00,              0.3308,                   0,              0.0368
       211,       134,      1.00,              1.5659,                   0,              0.0515
       211,       135,      1.00,              9.9539,                   0,              0.2058
       211,       136,      1.00,              5.3666,                   0,              0.2573
       211,       137,      1.00,              2.6612,                   0,              0.1176
       211,       138,      1.00,              6.2193,                   0,              0.3088
       211,       139,      1.00,              0.6469,                   0,              0.0294
       211,       140,      1.00,              5.5283,                   0,              0.2573
       211,       141,      1.00,              1.2644,                   0,              0.1764
       211,       142,      1.00,              1.3674,                   0,              0.1103
       211,       143,      1.00,              1.3747,                   0,              0.1544
       211,       144,      1.00,              0.5146,                   0,              0.0368
       211,       145,      1.00,              0.4631,                   0,              0.0735
       211,       146,      1.00,              2.6024,                   0,              0.2058
       211,       147,      1.00,              1.9628,                   0,              0.1250
       211,       148,      1.00,              2.5142,                   0,              0.1397
       211,       149,      1.00,              2.3892,                   0,              0.1250
       211,       150,      1.00,              0.6102,                   0,              0.1397
       211,       151,      1.00,              0.8895,                   0,              0.1323
       211,       152,      1.00,              0.0221,                   0,              0.0515
       211,       153,      1.00,              0.2279,                   0,              0.0441
       211,       154,      1.00,              3.0509,                   0,              0.2205
       211,       155,      1.00,              0.6910,                   0,              0.1838
       211,       156,      1.00,              0.2132,                   0,              0.0221
       211,       157,      1.00,              1.6688,                   0,              0.0515
       211,       158,      1.00,                   0,                   0,              0.0441
       211,       159,      1.00,              0.6543,                   0,              0.0294
       211,       160,      1.00,              3.2787,                   0,              0.1323
       211,       161,      1.00,              2.3525,                   0,              0.1617
       211,       162,      1.00,             14.7176,                   0,              0.5293
       211,       163,      1.00,              0.3088,                   0,              0.0221
       211,       164,      1.00,             11.5638,                   0,              0.5955
       211,       165,      1.00,              1.1542,                   0,              0.1029
       211,       166,      1.00,              1.0219,                   0,              0.1397
       211,       167,      1.00,              3.3817,                   0,              0.1470
       211,       168,      1.00,              3.2640,                   0,              0.1397
       211,       169,      1.00,              2.5362,                   0,              0.0956
       211,       170,      1.00,              7.8734,                   0,              0.1470
       211,       172,      1.00,              4.6388,                   0,              0.1470
       211,       173,      1.00,              0.3161,                   0,              0.0074
       211,       174,      1.00,              3.2273,                   0,              0.1176
       211,       175,      1.00,              4.0433,                   0,              0.2205
       211,       176,      1.00,              0.1029,                   0,              0.0074
       211,       177,      1.00,              2.5436,                   0,              0.1838
       211,       178,      1.00,              1.7717,                   0,              0.0809
       211,       179,      1.00,              1.3012,                   0,              0.2426
       211,       180,      1.00,              0.4264,                   0,              0.0294
       211,       181,      1.00,              1.0145,                   0,              0.1470
       211,       182,      1.00,              1.7055,                   0,              0.1544
       211,       183,      1.00,              1.0660,                   0,              0.0441
       211,       184,      1.00,              1.2865,                   0,              0.0441
       211,       185,      1.00,              1.5953,                   0,              0.0074
       211,       186,      1.00,              1.0513,                   0,                   0
       211,       187,      1.00,              0.2132,                   0,                   0
       211,       188,      1.00,              1.9922,                   0,              0.0441
       211,       189,      1.00,              0.3235,                   0,                   0
       211,       190,      1.00,              0.4558,                   0,              0.0221
       211,       192,      1.00,              0.9042,                   0,              0.0294
       211,       193,      1.00,              0.1911,                   0,              0.0074
       211,       194,      1.00,              0.0074,                   0,                   0
       211,       195,      1.00,              0.6396,                   0,              0.0441
       211,       196,      1.00,              0.0147,                   0,              0.0368
       211,       197,      1.00,                   0,                   0,              0.0074
       211,       198,      1.00,              0.4190,                   0,              0.0147
       211,       199,      1.00,              0.0441,                   0,                   0
       211,       200,      1.00,              0.0074,                   0,              0.0147
       211,       201,      1.00,              0.3235,                   0,              0.0221
       211,       202,      1.00,              0.1617,                   0,              0.0074
       211,       203,      1.00,              0.3896,                   0,              0.0074
       211,       204,      1.00,              0.0074,                   0,              0.0221
       211,       205,      1.00,                   0,                   0,              0.0074
       211,       207,      1.00,              0.0074,                   0,              0.0147
       211,       208,      1.00,                   0,                   0,              0.0074
       211,       209,      1.00,              0.0368,                   0,              0.0221
       211,       210,      1.00,              0.2058,                   0,              0.0074
       211,       211,      1.00,              4.0801,                   0,              0.1029
       211,       212,      1.00,              2.4701,                   0,              0.2720
       211,       213,      1.00,              2.5510,                   0,              0.1323
       211,       214,      1.00,              0.3676,                   0,              0.0294
       211,       224,      1.00,                   0,                   0,              0.0221
       211,       226,      1.00,                   0,                   0,              0.0147
       211,       227,      1.00,                   0,                   0,              0.0147
       211,       228,      1.00,                   0,                   0,              0.0147
       212,         6,      1.00,              0.0368,                   0,                   0
       212,         7,      1.00,              0.1691,                   0,                   0
       212,         8,      1.00,                   0,                   0,              0.0074
       212,        12,      1.00,              0.2058,                   0,                   0
       212,        13,      1.00,              0.3235,                   0,                   0
       212,        14,      1.00,              0.0588,                   0,                   0
       212,        15,      1.00,              0.1103,                   0,              0.0074
       212,        17,      1.00,              0.4117,                   0,                   0
       212,        21,      1.00,              0.2058,                   0,              0.0147
       212,        27,      1.00,              0.0074,                   0,                   0
       212,        28,      1.00,              0.0074,                   0,              0.0074
       212,        30,      1.00,              0.0147,                   0,              0.0074
       212,        31,      1.00,              0.0074,                   0,              0.0074
       212,        32,      1.00,              0.1103,                   0,                   0
       212,        33,      1.00,              0.0147,                   0,              0.0074
       212,        34,      1.00,              0.2058,                   0,                   0
       212,        36,      1.00,              0.1029,                   0,                   0
       212,        37,      1.00,              0.0074,                   0,                   0
       212,        39,      1.00,              0.0074,                   0,              0.0074
       212,        40,      1.00,              0.0074,                   0,                   0
       212,        41,      1.00,              0.0074,                   0,                   0
       212,        44,      1.00,              0.0074,                   0,              0.0074
       212,        45,      1.00,              0.4264,                   0,              0.0147
       212,        46,      1.00,              0.2205,                   0,              0.0147
       212,        49,      1.00,              0.0074,                   0,                   0
       212,        52,      1.00,              0.0074,                   0,                   0
       212,        55,      1.00,              0.2132,                   0,              0.0074
       212,        56,      1.00,              0.0074,                   0,                   0
       212,        58,      1.00,              0.0074,                   0,              0.0074
       212,        60,      1.00,              0.0074,                   0,                   0
       212,        61,      1.00,              0.2279,                   0,              0.0074
       212,        62,      1.00,              0.0147,                   0,              0.0074
       212,        63,      1.00,              0.0147,                   0,              0.0221
       212,        64,      1.00,              0.0221,                   0,              0.0074
       212,        65,      1.00,              0.0074,                   0,              0.0074
       212,        67,      1.00,              0.1323,                   0,              0.0074
       212,        68,      1.00,              0.3088,                   0,                   0
       212,        69,      1.00,              0.2132,                   0,                   0
       212,        73,      1.00,              0.0074,                   0,                   0
       212,        74,      1.00,              0.2058,                   0,                   0
       212,        75,      1.00,              0.2205,                   0,              0.0074
       212,        76,      1.00,              0.4190,                   0,                   0
       212,        77,      1.00,              0.0074,                   0,              0.0074
       212,        78,      1.00,              0.2058,                   0,                   0
       212,        79,      1.00,              0.2941,                   0,              0.0147
       212,        80,      1.00,              0.0074,                   0,                   0
       212,        81,      1.00,              0.1397,                   0,                   0
       212,        82,      1.00,              0.0074,                   0,                   0
       212,        83,      1.00,              0.0221,                   0,              0.0074
       212,        84,      1.00,              0.2279,                   0,              0.0221
       212,        85,      1.00,              0.0294,                   0,              0.0074
       212,        86,      1.00,              0.3308,                   0,              0.0074
       212,        87,      1.00,              0.0074,                   0,                   0
       212,        89,      1.00,              0.4117,                   0,                   0
       212,        90,      1.00,              0.5440,                   0,              0.0074
       212,        91,      1.00,              0.0074,                   0,                   0
       212,        92,      1.00,              0.9189,                   0,              0.0368
       212,        93,      1.00,              0.0074,                   0,              0.0074
       212,        94,      1.00,              0.0147,                   0,              0.0074
       212,        95,      1.00,              1.9261,                   0,              0.0368
       212,        96,      1.00,              0.2058,                   0,                   0
       212,        97,      1.00,              0.3014,                   0,              0.0074
       212,        98,      1.00,              0.2499,                   0,              0.0074
       212,        99,      1.00,              0.6249,                   0,                   0
       212,       100,      1.00,              2.2642,                   0,              0.0809
       212,       101,      1.00,              1.1101,                   0,              0.0147
       212,       102,      1.00,              0.4264,                   0,              0.0368
       212,       103,      1.00,              1.3968,                   0,              0.0147
       212,       104,      1.00,              0.0074,                   0,                   0
       212,       105,      1.00,              1.4850,                   0,              0.0294
       212,       106,      1.00,              0.3308,                   0,              0.0074
       212,       107,      1.00,              0.8454,                   0,              0.0147
       212,       108,      1.00,              0.2279,                   0,                   0
       212,       109,      1.00,              0.8381,                   0,              0.0074
       212,       112,      1.00,              0.0074,                   0,                   0
       212,       114,      1.00,              2.1834,                   0,              0.0882
       212,       115,      1.00,              0.0074,                   0,              0.0368
       212,       116,      1.00,              0.7719,                   0,              0.1691
       212,       117,      1.00,              8.1086,                   0,              0.1911
       212,       118,      1.00,              3.8889,                   0,              0.0735
       212,       119,      1.00,              0.5514,                   0,              0.0735
       212,       120,      1.00,              0.6543,                   0,              0.0147
       212,       121,      1.00,              0.7425,                   0,              0.0294
       212,       122,      1.00,              1.5806,                   0,              0.0368
       212,       123,      1.00,              0.9410,                   0,              0.0588
       212,       124,      1.00,              2.5068,                   0,              0.1323
       212,       125,      1.00,              4.0433,                   0,              0.0735
       212,       126,      1.00,              1.5144,                   0,              0.2941
       212,       127,      1.00,              1.6908,                   0,              0.3602
       212,       128,      1.00,              0.9704,                   0,              0.2058
       212,       129,      1.00,              0.5514,                   0,              0.0515
       212,       130,      1.00,              0.5293,                   0,              0.0441
       212,       131,      1.00,              0.4705,                   0,              0.0294
       212,       132,      1.00,              0.7498,                   0,              0.0515
       212,       133,      1.00,              0.0368,                   0,              0.0441
       212,       134,      1.00,              1.1395,                   0,              0.0368
       212,       135,      1.00,              7.1677,                   0,              0.1691
       212,       136,      1.00,              8.8511,                   0,              0.3602
       212,       137,      1.00,              3.5140,                   0,              0.1397
       212,       138,      1.00,              6.7339,                   0,              0.3602
       212,       139,      1.00,              0.5587,                   0,              0.0368
       212,       140,      1.00,              7.8881,                   0,              0.4117
       212,       141,      1.00,              2.4701,                   0,              0.3455
       212,       142,      1.00,              2.7347,                   0,              0.2647
       212,       143,      1.00,              2.7053,                   0,              0.3749
       212,       144,      1.00,              0.6469,                   0,              0.0588
       212,       145,      1.00,              1.4041,                   0,              0.1323
       212,       146,      1.00,              3.6537,                   0,              0.4852
       212,       147,      1.00,              1.8599,                   0,              0.2794
       212,       148,      1.00,              4.8887,                   0,              0.3602
       212,       149,      1.00,              3.6831,                   0,              0.3382
       212,       150,      1.00,              2.0437,                   0,              0.2794
       212,       151,      1.00,              1.3747,                   0,              0.3382
       212,       152,      1.00,              0.9263,                   0,              0.1323
       212,       153,      1.00,              1.4041,                   0,              0.1250
       212,       154,      1.00,              5.6900,                   0,              0.5220
       212,       155,      1.00,              3.2567,                   0,              0.4778
       212,       156,      1.00,              0.5440,                   0,              0.0662
       212,       157,      1.00,              2.7274,                   0,              0.1176
       212,       158,      1.00,                   0,                   0,              0.0294
       212,       159,      1.00,              0.0588,                   0,              0.0441
       212,       160,      1.00,              6.9251,                   0,              0.2352
       212,       161,      1.00,              9.2555,                   0,              0.4043
       212,       162,      1.00,             19.3122,                   0,              0.8454
       212,       163,      1.00,              0.3308,                   0,              0.0294
       212,       164,      1.00,             26.9578,                   0,              1.2865
       212,       165,      1.00,              2.3084,                   0,              0.2647
       212,       166,      1.00,              5.4474,                   0,              0.3676
       212,       167,      1.00,              5.9841,                   0,              0.3896
       212,       168,      1.00,             10.8287,                   0,              0.4190
       212,       169,      1.00,              6.9692,                   0,              0.2794
       212,       170,      1.00,             18.3345,                   0,              0.4411
       212,       171,      1.00,              0.0074,                   0,                   0
       212,       172,      1.00,             16.8863,                   0,              0.3235
       212,       173,      1.00,              2.0584,                   0,              0.0147
       212,       174,      1.00,              8.0572,                   0,              0.1838
       212,       175,      1.00,             11.0272,                   0,              0.4705
       212,       176,      1.00,              0.8601,                   0,              0.0074
       212,       177,      1.00,             11.3212,                   0,              0.4117
       212,       178,      1.00,              2.5877,                   0,              0.2352
       212,       179,      1.00,              7.4103,                   0,              0.6910
       212,       180,      1.00,              0.6543,                   0,              0.0882
       212,       181,      1.00,              7.8734,                   0,              0.2941
       212,       182,      1.00,              5.0872,                   0,              0.4190
       212,       183,      1.00,              3.7051,                   0,              0.1250
       212,       184,      1.00,              3.3596,                   0,              0.0956
       212,       185,      1.00,              5.1019,                   0,              0.0588
       212,       186,      1.00,              1.9481,                   0,              0.0074
       212,       187,      1.00,              1.0145,                   0,              0.0074
       212,       188,      1.00,              4.4256,                   0,              0.1397
       212,       189,      1.00,              0.9704,                   0,              0.0074
       212,       190,      1.00,              0.7572,                   0,              0.0956
       212,       191,      1.00,              0.0074,                   0,              0.0074
       212,       192,      1.00,              1.5070,                   0,              0.0735
       212,       193,      1.00,              0.3161,                   0,              0.0147
       212,       194,      1.00,              0.0294,                   0,              0.0074
       212,       195,      1.00,              4.3447,                   0,              0.0441
       212,       196,      1.00,              0.5661,                   0,              0.0809
       212,       197,      1.00,              0.3161,                   0,              0.0147
       212,       198,      1.00,              0.6616,                   0,              0.0368
       212,       199,      1.00,              0.0735,                   0,                   0
       212,       200,      1.00,              0.3308,                   0,              0.0368
       212,       201,      1.00,              0.8454,                   0,              0.0441
       212,       202,      1.00,              0.2499,                   0,              0.0074
       212,       203,      1.00,              0.2573,                   0,              0.0147
       212,       204,      1.00,              0.0147,                   0,              0.0515
       212,       205,      1.00,              0.0074,                   0,              0.0074
       212,       206,      1.00,              0.2132,                   0,                   0
       212,       207,      1.00,              0.2279,                   0,              0.0294
       212,       208,      1.00,              0.2132,                   0,                   0
       212,       209,      1.00,              0.0147,                   0,              0.0147
       212,       210,      1.00,              0.0074,                   0,              0.0074
       212,       211,      1.00,              3.0729,                   0,              0.2720
       212,       212,      1.00,              9.4025,                   0,              0.6028
       212,       213,      1.00,              1.9408,                   0,              0.1544
       212,       214,      1.00,              0.3970,                   0,              0.0368
       212,       218,      1.00,                   0,                   0,              0.0074
       212,       219,      1.00,                   0,                   0,              0.0074
       212,       224,      1.00,                   0,                   0,              0.0368
       212,       226,      1.00,                   0,                   0,              0.0441
       212,       227,      1.00,              0.0074,                   0,              0.0294
       212,       228,      1.00,              0.0074,                   0,              0.0294
       212,       229,      1.00,                   0,                   0,              0.0074
       213,         2,      1.00,              0.0368,                   0,                   0
       213,         3,      1.00,              0.0147,                   0,                   0
       213,         6,      1.00,              0.0147,                   0,                   0
       213,         7,      1.00,              0.0882,                   0,                   0
       213,         8,      1.00,              0.0956,                   0,              0.0074
       213,         9,      1.00,                   0,                   0,              0.0074
       213,        11,      1.00,              0.0074,                   0,                   0
       213,        12,      1.00,                   0,                   0,              0.0074
       213,        13,      1.00,              0.2352,                   0,              0.0074
       213,        14,      1.00,              0.1029,                   0,              0.0074
       213,        15,      1.00,              0.5587,                   0,              0.0147
       213,        17,      1.00,              0.1029,                   0,              0.0147
       213,        19,      1.00,              0.0662,                   0,                   0
       213,        21,      1.00,              0.1544,                   0,              0.0147
       213,        26,      1.00,              0.0515,                   0,                   0
       213,        27,      1.00,              0.0074,                   0,              0.0074
       213,        28,      1.00,              0.1617,                   0,              0.0147
       213,        29,      1.00,                   0,                   0,              0.0074
       213,        30,      1.00,              0.0147,                   0,              0.0074
       213,        31,      1.00,              0.0588,                   0,              0.0147
       213,        32,      1.00,              0.1397,                   0,              0.0074
       213,        33,      1.00,              0.0147,                   0,              0.0147
       213,        35,      1.00,                   0,                   0,              0.0074
       213,        36,      1.00,              0.2426,                   0,              0.0074
       213,        37,      1.00,              0.0074,                   0,              0.0074
       213,        38,      1.00,              0.0074,                   0,              0.0074
       213,        39,      1.00,              0.3676,                   0,              0.0074
       213,        40,      1.00,              0.0074,                   0,              0.0074
       213,        41,      1.00,              0.2132,                   0,              0.0147
       213,        43,      1.00,              0.1029,                   0,                   0
       213,        44,      1.00,              0.0074,                   0,              0.0147
       213,        45,      1.00,              0.2132,                   0,              0.0147
       213,        46,      1.00,              0.0074,                   0,              0.0221
       213,        47,      1.00,              0.0882,                   0,                   0
       213,        48,      1.00,                   0,                   0,              0.0074
       213,        49,      1.00,              0.0074,                   0,              0.0074
       213,        50,      1.00,                   0,                   0,              0.0441
       213,        52,      1.00,              0.0074,                   0,              0.0074
       213,        54,      1.00,              0.1029,                   0,                   0
       213,        55,      1.00,              0.0074,                   0,              0.0074
       213,        56,      1.00,              0.0074,                   0,              0.0074
       213,        58,      1.00,              0.0074,                   0,              0.0147
       213,        59,      1.00,              0.0074,                   0,              0.0074
       213,        60,      1.00,              0.2132,                   0,              0.0074
       213,        61,      1.00,              0.1250,                   0,              0.0221
       213,        62,      1.00,              0.4778,                   0,              0.0147
       213,        63,      1.00,              0.0147,                   0,              0.0221
       213,        64,      1.00,              0.3308,                   0,              0.0147
       213,        65,      1.00,              0.0074,                   0,              0.0074
       213,        66,      1.00,              0.0588,                   0,              0.0074
       213,        67,      1.00,              0.1911,                   0,              0.0147
       213,        68,      1.00,              0.2499,                   0,              0.0074
       213,        69,      1.00,              0.0074,                   0,              0.0074
       213,        71,      1.00,              0.0074,                   0,                   0
       213,        72,      1.00,                   0,                   0,              0.0074
       213,        73,      1.00,              0.0147,                   0,              0.0147
       213,        74,      1.00,              0.0074,                   0,                   0
       213,        75,      1.00,              0.0221,                   0,              0.0368
       213,        76,      1.00,              0.2132,                   0,              0.0074
       213,        77,      1.00,              0.2132,                   0,              0.0074
       213,        78,      1.00,              0.1323,                   0,              0.0074
       213,        79,      1.00,              0.2352,                   0,              0.0221
       213,        80,      1.00,              0.6322,                   0,              0.0147
       213,        81,      1.00,              0.0809,                   0,              0.0074
       213,        82,      1.00,              0.0074,                   0,              0.0147
       213,        83,      1.00,              0.5367,                   0,              0.0368
       213,        84,      1.00,              0.2279,                   0,              0.0294
       213,        85,      1.00,              0.2867,                   0,              0.0221
       213,        86,      1.00,              0.2794,                   0,              0.0368
       213,        87,      1.00,              0.1103,                   0,              0.0074
       213,        88,      1.00,              0.0074,                   0,              0.0074
       213,        89,      1.00,              0.5220,                   0,              0.0441
       213,        90,      1.00,              0.1176,                   0,              0.0221
       213,        91,      1.00,              0.0074,                   0,              0.0074
       213,        92,      1.00,              1.0439,                   0,              0.0368
       213,        93,      1.00,              0.0074,                   0,              0.0074
       213,        94,      1.00,              0.3235,                   0,              0.0221
       213,        95,      1.00,              1.2718,                   0,              0.0515
       213,        96,      1.00,              0.1103,                   0,              0.0074
       213,        97,      1.00,              0.3676,                   0,              0.0221
       213,        98,      1.00,              0.2205,                   0,              0.0147
       213,        99,      1.00,              0.5220,                   0,              0.0441
       213,       100,      1.00,              2.8965,                   0,              0.2058
       213,       101,      1.00,              0.8748,                   0,              0.0735
       213,       102,      1.00,              0.4264,                   0,              0.0956
       213,       103,      1.00,              3.8448,                   0,              0.0368
       213,       104,      1.00,              0.9410,                   0,              0.0074
       213,       105,      1.00,              1.4482,                   0,              0.0956
       213,       106,      1.00,              0.6984,                   0,              0.0515
       213,       107,      1.00,              0.7057,                   0,              0.0735
       213,       108,      1.00,              0.6396,                   0,              0.0368
       213,       109,      1.00,              0.1985,                   0,              0.0441
       213,       110,      1.00,              0.4190,                   0,              0.0074
       213,       111,      1.00,              0.6249,                   0,              0.0074
       213,       112,      1.00,              0.0074,                   0,              0.0074
       213,       114,      1.00,              4.8667,                   0,              0.2279
       213,       115,      1.00,              0.0147,                   0,              0.0588
       213,       116,      1.00,              6.2414,                   0,              0.2205
       213,       117,      1.00,             10.9022,                   0,              0.3749
       213,       118,      1.00,              5.3371,                   0,              0.1617
       213,       119,      1.00,              0.7866,                   0,              0.0588
       213,       120,      1.00,              1.1395,                   0,              0.0147
       213,       121,      1.00,              1.0071,                   0,              0.0515
       213,       122,      1.00,              0.9557,                   0,              0.1397
       213,       123,      1.00,              1.3821,                   0,              0.0809
       213,       124,      1.00,              2.1687,                   0,              0.1764
       213,       125,      1.00,              4.5285,                   0,              0.1544
       213,       126,      1.00,              1.0807,                   0,              0.2132
       213,       127,      1.00,              1.5732,                   0,              0.1250
       213,       128,      1.00,              0.7498,                   0,              0.1103
       213,       129,      1.00,              0.5146,                   0,              0.0809
       213,       130,      1.00,              0.4705,                   0,              0.0221
       213,       131,      1.00,              0.3308,                   0,              0.0368
       213,       132,      1.00,              0.5734,                   0,              0.0294
       213,       133,      1.00,              0.4484,                   0,              0.0368
       213,       134,      1.00,              1.3233,                   0,              0.0515
       213,       135,      1.00,             12.5048,                   0,              0.2352
       213,       136,      1.00,             16.5628,                   0,              0.4117
       213,       137,      1.00,             10.2773,                   0,              0.1911
       213,       138,      1.00,              8.2189,                   0,              0.3970
       213,       139,      1.00,              0.6910,                   0,              0.0588
       213,       140,      1.00,              7.3220,                   0,              0.4558
       213,       141,      1.00,              1.3821,                   0,              0.3823
       213,       142,      1.00,              1.1983,                   0,              0.2647
       213,       143,      1.00,              1.4262,                   0,              0.3602
       213,       144,      1.00,              0.5587,                   0,              0.0809
       213,       145,      1.00,              0.8234,                   0,              0.2132
       213,       146,      1.00,              2.6465,                   0,              0.4778
       213,       147,      1.00,              0.8748,                   0,              0.1911
       213,       148,      1.00,              1.9187,                   0,              0.2058
       213,       149,      1.00,              0.9998,                   0,              0.1544
       213,       150,      1.00,              1.2644,                   0,              0.1985
       213,       151,      1.00,              1.0219,                   0,              0.1617
       213,       152,      1.00,              0.2205,                   0,              0.0515
       213,       153,      1.00,              0.3235,                   0,              0.0368
       213,       154,      1.00,              0.8748,                   0,              0.2279
       213,       155,      1.00,              1.0366,                   0,              0.1691
       213,       156,      1.00,              0.2132,                   0,              0.0221
       213,       157,      1.00,              2.0364,                   0,              0.0809
       213,       158,      1.00,                   0,                   0,              0.0662
       213,       159,      1.00,              0.1397,                   0,              0.0441
       213,       160,      1.00,              2.4186,                   0,              0.2352
       213,       161,      1.00,              1.1101,                   0,              0.1323
       213,       162,      1.00,             31.0305,                   0,              0.6102
       213,       163,      1.00,              0.1691,                   0,              0.0441
       213,       164,      1.00,             11.9093,                   0,              0.5881
       213,       165,      1.00,              1.1542,                   0,              0.0882
       213,       166,      1.00,              1.0366,                   0,              0.1176
       213,       167,      1.00,              2.3819,                   0,              0.1029
       213,       168,      1.00,              1.6467,                   0,              0.0735
       213,       169,      1.00,              1.0145,                   0,              0.0515
       213,       170,      1.00,              4.6314,                   0,              0.1691
       213,       171,      1.00,                   0,                   0,              0.0147
       213,       172,      1.00,              7.5058,                   0,              0.4631
       213,       173,      1.00,              0.2867,                   0,              0.0074
       213,       174,      1.00,              3.0361,                   0,              0.1544
       213,       175,      1.00,              4.2344,                   0,              0.1764
       213,       176,      1.00,              0.1764,                   0,              0.0074
       213,       177,      1.00,              2.4186,                   0,              0.1544
       213,       178,      1.00,              1.2497,                   0,              0.0515
       213,       179,      1.00,              1.5659,                   0,              0.1250
       213,       180,      1.00,              0.2132,                   0,              0.0147
       213,       181,      1.00,              1.8820,                   0,              0.0809
       213,       182,      1.00,              1.1983,                   0,              0.1250
       213,       183,      1.00,              0.5367,                   0,              0.0147
       213,       184,      1.00,              0.4484,                   0,              0.0368
       213,       185,      1.00,              1.2203,                   0,              0.0294
       213,       186,      1.00,              0.3382,                   0,              0.0294
       213,       187,      1.00,              0.3161,                   0,              0.0074
       213,       188,      1.00,              1.1762,                   0,              0.1985
       213,       189,      1.00,              0.7940,                   0,              0.0515
       213,       190,      1.00,              0.4631,                   0,              0.0588
       213,       191,      1.00,              0.1029,                   0,              0.0368
       213,       192,      1.00,              0.4337,                   0,              0.0662
       213,       193,      1.00,              0.1397,                   0,              0.0074
       213,       194,      1.00,              0.1103,                   0,              0.0074
       213,       195,      1.00,              0.8013,                   0,              0.0294
       213,       196,      1.00,              0.0147,                   0,              0.0368
       213,       197,      1.00,              0.2058,                   0,              0.0074
       213,       198,      1.00,              0.1103,                   0,              0.0221
       213,       199,      1.00,              0.0147,                   0,                   0
       213,       200,      1.00,              0.1103,                   0,              0.0147
       213,       201,      1.00,              0.2794,                   0,              0.0221
       213,       202,      1.00,              0.0074,                   0,              0.0074
       213,       203,      1.00,              0.0662,                   0,              0.0074
       213,       204,      1.00,              0.0074,                   0,              0.0221
       213,       205,      1.00,                   0,                   0,              0.0221
       213,       206,      1.00,                   0,                   0,              0.0221
       213,       207,      1.00,              0.0662,                   0,              0.0588
       213,       208,      1.00,              0.0956,                   0,              0.0074
       213,       209,      1.00,              0.0147,                   0,              0.0221
       213,       210,      1.00,              0.1250,                   0,              0.0074
       213,       211,      1.00,              0.5440,                   0,              0.1323
       213,       212,      1.00,              1.2718,                   0,              0.1544
       213,       213,      1.00,             20.2753,                   0,              0.2132
       213,       214,      1.00,              0.2058,                   0,              0.0515
       213,       219,      1.00,                   0,                   0,              0.0074
       213,       224,      1.00,                   0,                   0,              0.0515
       213,       226,      1.00,              0.0074,                   0,              0.0441
       213,       227,      1.00,                   0,                   0,              0.0147
       213,       228,      1.00,                   0,                   0,              0.0147
       214,         1,      1.00,              0.0294,                   0,                   0
       214,        18,      1.00,              0.0882,                   0,                   0
       214,        21,      1.00,              0.0588,                   0,                   0
       214,        28,      1.00,              0.1176,                   0,                   0
       214,        33,      1.00,                   0,                   0,              0.0074
       214,        45,      1.00,                   0,                   0,              0.0074
       214,        46,      1.00,                   0,                   0,              0.0074
       214,        50,      1.00,                   0,                   0,              0.0074
       214,        61,      1.00,              0.0074,                   0,              0.0074
       214,        62,      1.00,              0.1176,                   0,                   0
       214,        63,      1.00,              0.0074,                   0,              0.0074
       214,        64,      1.00,              0.0074,                   0,                   0
       214,        65,      1.00,              0.1103,                   0,                   0
       214,        67,      1.00,              0.0074,                   0,                   0
       214,        69,      1.00,              0.2279,                   0,                   0
       214,        72,      1.00,                   0,                   0,              0.0074
       214,        75,      1.00,              0.0074,                   0,              0.0147
       214,        79,      1.00,              0.2279,                   0,                   0
       214,        81,      1.00,              0.0147,                   0,                   0
       214,        83,      1.00,              0.0074,                   0,                   0
       214,        84,      1.00,                   0,                   0,              0.0074
       214,        85,      1.00,              0.0074,                   0,                   0
       214,        86,      1.00,              0.0074,                   0,                   0
       214,        89,      1.00,              0.1103,                   0,              0.0074
       214,        90,      1.00,              0.1176,                   0,                   0
       214,        92,      1.00,              0.3455,                   0,              0.0074
       214,        95,      1.00,              0.3455,                   0,              0.0074
       214,        97,      1.00,                   0,                   0,              0.0074
       214,        99,      1.00,                   0,                   0,              0.0074
       214,       100,      1.00,              0.3529,                   0,              0.0515
       214,       101,      1.00,              0.1250,                   0,              0.0147
       214,       102,      1.00,                   0,                   0,              0.0221
       214,       103,      1.00,              0.0147,                   0,              0.0074
       214,       105,      1.00,              0.5734,                   0,              0.0221
       214,       106,      1.00,              0.2279,                   0,              0.0147
       214,       107,      1.00,              0.0074,                   0,              0.0147
       214,       108,      1.00,              0.0074,                   0,              0.0074
       214,       109,      1.00,              0.0074,                   0,              0.0074
       214,       114,      1.00,              0.7940,                   0,              0.0515
       214,       115,      1.00,                   0,                   0,              0.0147
       214,       116,      1.00,              0.4043,                   0,              0.0515
       214,       117,      1.00,              1.2056,                   0,              0.0882
       214,       118,      1.00,              0.7572,                   0,              0.0441
       214,       119,      1.00,              0.3382,                   0,              0.0147
       214,       120,      1.00,              0.2058,                   0,                   0
       214,       121,      1.00,              0.3088,                   0,              0.0147
       214,       122,      1.00,              0.1176,                   0,              0.0294
       214,       123,      1.00,              0.1250,                   0,              0.0221
       214,       124,      1.00,              0.1470,                   0,              0.0441
       214,       125,      1.00,              0.9189,                   0,              0.0368
       214,       126,      1.00,              0.2720,                   0,              0.0221
       214,       127,      1.00,              0.2941,                   0,              0.0221
       214,       128,      1.00,              0.1470,                   0,              0.0147
       214,       129,      1.00,              0.1838,                   0,              0.0221
       214,       130,      1.00,              0.4484,                   0,              0.0074
       214,       131,      1.00,              0.1176,                   0,              0.0074
       214,       132,      1.00,              0.0074,                   0,                   0
       214,       133,      1.00,              0.0147,                   0,              0.0074
       214,       134,      1.00,              0.4043,                   0,              0.0074
       214,       135,      1.00,              2.6024,                   0,              0.0662
       214,       136,      1.00,              3.3229,                   0,              0.1103
       214,       137,      1.00,              1.8746,                   0,              0.0515
       214,       138,      1.00,              1.8746,                   0,              0.0809
       214,       139,      1.00,              0.2867,                   0,              0.0074
       214,       140,      1.00,              1.1983,                   0,              0.0735
       214,       141,      1.00,              0.2720,                   0,              0.0441
       214,       142,      1.00,              0.1838,                   0,              0.0441
       214,       143,      1.00,              0.4631,                   0,              0.0441
       214,       144,      1.00,              0.1764,                   0,              0.0074
       214,       145,      1.00,              0.0294,                   0,              0.0221
       214,       146,      1.00,              0.4925,                   0,              0.0662
       214,       147,      1.00,              0.0515,                   0,              0.0294
       214,       148,      1.00,              0.2941,                   0,              0.0294
       214,       149,      1.00,              0.1250,                   0,              0.0221
       214,       150,      1.00,              0.0147,                   0,              0.0368
       214,       151,      1.00,              0.1323,                   0,              0.0221
       214,       152,      1.00,              0.0074,                   0,              0.0074
       214,       153,      1.00,              0.0074,                   0,              0.0074
       214,       154,      1.00,              0.1911,                   0,              0.0441
       214,       155,      1.00,              0.1323,                   0,              0.0441
       214,       156,      1.00,              0.0588,                   0,                   0
       214,       157,      1.00,              0.1176,                   0,              0.0074
       214,       158,      1.00,                   0,                   0,              0.0147
       214,       159,      1.00,              0.0147,                   0,              0.0074
       214,       160,      1.00,              0.8013,                   0,              0.0294
       214,       161,      1.00,              0.2352,                   0,              0.0368
       214,       162,      1.00,              2.9259,                   0,              0.1617
       214,       163,      1.00,              0.2573,                   0,              0.0074
       214,       164,      1.00,              1.1836,                   0,              0.1323
       214,       165,      1.00,              0.0074,                   0,              0.0221
       214,       166,      1.00,              0.4043,                   0,              0.0294
       214,       167,      1.00,              0.6249,                   0,              0.0221
       214,       168,      1.00,              0.3970,                   0,              0.0147
       214,       169,      1.00,              0.2573,                   0,              0.0074
       214,       170,      1.00,              0.8675,                   0,              0.0221
       214,       172,      1.00,              0.9116,                   0,              0.0221
       214,       173,      1.00,              0.0368,                   0,                   0
       214,       174,      1.00,              0.8087,                   0,              0.0074
       214,       175,      1.00,              0.4778,                   0,              0.0221
       214,       176,      1.00,              0.0809,                   0,                   0
       214,       177,      1.00,              0.4705,                   0,              0.0294
       214,       178,      1.00,              0.2867,                   0,              0.0147
       214,       179,      1.00,              0.4631,                   0,              0.0221
       214,       181,      1.00,              0.1911,                   0,              0.0147
       214,       182,      1.00,              0.2426,                   0,              0.0221
       214,       183,      1.00,              0.2867,                   0,              0.0074
       214,       184,      1.00,              0.2352,                   0,              0.0074
       214,       185,      1.00,              0.5514,                   0,                   0
       214,       186,      1.00,              0.2279,                   0,                   0
       214,       187,      1.00,              0.1176,                   0,                   0
       214,       188,      1.00,              0.1250,                   0,              0.0147
       214,       189,      1.00,              0.1176,                   0,                   0
       214,       190,      1.00,              0.0662,                   0,                   0
       214,       192,      1.00,              0.2867,                   0,              0.0074
       214,       195,      1.00,              0.2279,                   0,              0.0074
       214,       196,      1.00,                   0,                   0,              0.0074
       214,       198,      1.00,              0.0368,                   0,              0.0074
       214,       199,      1.00,              0.0221,                   0,                   0
       214,       201,      1.00,                   0,                   0,              0.0074
       214,       202,      1.00,              0.0882,                   0,                   0
       214,       204,      1.00,                   0,                   0,              0.0074
       214,       211,      1.00,              0.3676,                   0,              0.0294
       214,       212,      1.00,              0.0588,                   0,              0.0368
       214,       213,      1.00,              1.2056,                   0,              0.0515
       214,       214,      1.00,              0.3088,                   0,              0.0074
       214,       224,      1.00,                   0,                   0,              0.0074
       214,       226,      1.00,                   0,                   0,              0.0074
       215,         1,      1.00,              0.0074,                   0,              0.0294
       215,         2,      1.00,                   0,                   0,              0.0147
       215,         3,      1.00,                   0,                   0,              0.0074
       215,         5,      1.00,                   0,                   0,              0.0074
       215,         6,      1.00,                   0,                   0,              0.0074
       215,         7,      1.00,                   0,                   0,              0.0074
       215,        10,      1.00,                   0,                   0,              0.0074
       215,        16,      1.00,                   0,                   0,              0.0074
       215,        17,      1.00,                   0,                   0,              0.0074
       215,        18,      1.00,              0.0294,                   0,              0.0809
       215,        20,      1.00,                   0,                   0,              0.0074
       215,       218,      1.00,                   0,                   0,              0.0074
       215,       219,      1.00,                   0,                   0,              0.0221
       217,         1,      1.00,              0.1617,                   0,              0.9189
       217,         2,      1.00,              0.0588,                   0,              0.4705
       217,         3,      1.00,              0.0074,                   0,              0.1103
       217,         4,      1.00,              0.0074,                   0,              0.0662
       217,         5,      1.00,              0.0368,                   0,              0.2794
       217,         6,      1.00,              0.0221,                   0,              0.3088
       217,         7,      1.00,              0.0147,                   0,              0.2132
       217,         8,      1.00,              0.0074,                   0,              0.0956
       217,         9,      1.00,              0.0074,                   0,              0.0956
       217,        10,      1.00,              0.0368,                   0,              0.2352
       217,        11,      1.00,                   0,                   0,              0.0441
       217,        12,      1.00,                   0,                   0,              0.0588
       217,        13,      1.00,                   0,                   0,              0.0515
       217,        14,      1.00,                   0,                   0,              0.0441
       217,        15,      1.00,                   0,                   0,              0.0588
       217,        16,      1.00,              0.0294,                   0,              0.2573
       217,        17,      1.00,              0.0294,                   0,              0.3088
       217,        18,      1.00,              0.5808,                   0,              2.3672
       217,        19,      1.00,              0.0074,                   0,              0.0735
       217,        20,      1.00,              0.0368,                   0,              0.2794
       217,        21,      1.00,                   0,                   0,              0.0074
       217,        22,      1.00,              0.0074,                   0,              0.0956
       217,        23,      1.00,                   0,                   0,              0.0147
       217,        24,      1.00,                   0,                   0,              0.0074
       217,        26,      1.00,                   0,                   0,              0.0074
       217,        27,      1.00,                   0,                   0,              0.0074
       217,        28,      1.00,                   0,                   0,              0.0147
       217,        29,      1.00,                   0,                   0,              0.0074
       217,        30,      1.00,                   0,                   0,              0.0074
       217,        31,      1.00,                   0,                   0,              0.0074
       217,        32,      1.00,                   0,                   0,              0.0074
       217,        33,      1.00,                   0,                   0,              0.0074
       217,        35,      1.00,                   0,                   0,              0.0147
       217,        36,      1.00,                   0,                   0,              0.0074
       217,        37,      1.00,                   0,                   0,              0.0147
       217,        38,      1.00,                   0,                   0,              0.0074
       217,        39,      1.00,                   0,                   0,              0.0074
       217,        40,      1.00,                   0,                   0,              0.0074
       217,        41,      1.00,                   0,                   0,              0.0074
       217,        44,      1.00,                   0,                   0,              0.0074
       217,        45,      1.00,                   0,                   0,              0.0074
       217,        49,      1.00,                   0,                   0,              0.0074
       217,        52,      1.00,                   0,                   0,              0.0074
       217,        55,      1.00,                   0,                   0,              0.0074
       217,        56,      1.00,                   0,                   0,              0.0074
       217,        58,      1.00,                   0,                   0,              0.0074
       217,        59,      1.00,                   0,                   0,              0.0074
       217,        60,      1.00,                   0,                   0,              0.0074
       217,        61,      1.00,                   0,                   0,              0.0074
       217,        65,      1.00,                   0,                   0,              0.0074
       217,        67,      1.00,                   0,                   0,              0.0074
       217,        75,      1.00,                   0,                   0,              0.0074
       217,        83,      1.00,                   0,                   0,              0.0074
       217,        85,      1.00,                   0,                   0,              0.0074
       217,       112,      1.00,                   0,                   0,              0.0074
       217,       127,      1.00,                   0,                   0,              0.0074
       217,       209,      1.00,                   0,                   0,              0.0074
       217,       222,      1.00,                   0,                   0,              0.2132
       217,       224,      1.00,                   0,                   0,              0.0368
       217,       226,      1.00,                   0,                   0,              0.1323
       217,       227,      1.00,                   0,                   0,              0.0441
       217,       228,      1.00,                   0,                   0,              0.1323
       217,       229,      1.00,                   0,                   0,              0.0662
       218,         1,      1.00,              0.3455,                   0,              2.2275
       218,         2,      1.00,              0.1691,                   0,              1.3453
       218,         3,      1.00,              0.0294,                   0,              0.3308
       218,         4,      1.00,              0.0147,                   0,              0.1911
       218,         5,      1.00,              0.1029,                   0,              0.8895
       218,         6,      1.00,              0.0735,                   0,              0.9483
       218,         7,      1.00,              0.0441,                   0,              0.6616
       218,         8,      1.00,              0.0147,                   0,              0.3088
       218,         9,      1.00,              0.0147,                   0,              0.3014
       218,        10,      1.00,              0.1029,                   0,              0.6837
       218,        11,      1.00,              0.0074,                   0,              0.1323
       218,        12,      1.00,              0.0074,                   0,              0.1838
       218,        13,      1.00,              0.0074,                   0,              0.1544
       218,        14,      1.00,              0.0074,                   0,              0.1323
       218,        15,      1.00,              0.0074,                   0,              0.1985
       218,        16,      1.00,              0.1029,                   0,              0.8822
       218,        17,      1.00,              0.0956,                   0,              1.0807
       218,        18,      1.00,              0.7131,                   0,              3.9036
       218,        19,      1.00,              0.0147,                   0,              0.2573
       218,        20,      1.00,              0.1029,                   0,              0.8601
       218,        21,      1.00,                   0,                   0,              0.0294
       218,        22,      1.00,              0.0221,                   0,              0.3308
       218,        23,      1.00,                   0,                   0,              0.0368
       218,        24,      1.00,                   0,                   0,              0.0368
       218,        25,      1.00,                   0,                   0,              0.0074
       218,        26,      1.00,                   0,                   0,              0.0221
       218,        27,      1.00,                   0,                   0,              0.0368
       218,        28,      1.00,                   0,                   0,              0.0441
       218,        29,      1.00,                   0,                   0,              0.0294
       218,        30,      1.00,                   0,                   0,              0.0294
       218,        31,      1.00,                   0,                   0,              0.0221
       218,        32,      1.00,                   0,                   0,              0.0221
       218,        33,      1.00,                   0,                   0,              0.0221
       218,        34,      1.00,                   0,                   0,              0.0074
       218,        35,      1.00,                   0,                   0,              0.0441
       218,        36,      1.00,                   0,                   0,              0.0294
       218,        37,      1.00,                   0,                   0,              0.0515
       218,        38,      1.00,                   0,                   0,              0.0368
       218,        39,      1.00,                   0,                   0,              0.0294
       218,        40,      1.00,                   0,                   0,              0.0294
       218,        41,      1.00,                   0,                   0,              0.0221
       218,        43,      1.00,                   0,                   0,              0.0074
       218,        44,      1.00,                   0,                   0,              0.0147
       218,        45,      1.00,                   0,                   0,              0.0221
       218,        46,      1.00,                   0,                   0,              0.0147
       218,        49,      1.00,                   0,                   0,              0.0221
       218,        50,      1.00,                   0,                   0,              0.0074
       218,        52,      1.00,                   0,                   0,              0.0221
       218,        54,      1.00,                   0,                   0,              0.0074
       218,        55,      1.00,                   0,                   0,              0.0221
       218,        56,      1.00,                   0,                   0,              0.0221
       218,        58,      1.00,                   0,                   0,              0.0221
       218,        59,      1.00,                   0,                   0,              0.0147
       218,        60,      1.00,                   0,                   0,              0.0147
       218,        61,      1.00,                   0,                   0,              0.0221
       218,        62,      1.00,                   0,                   0,              0.0147
       218,        63,      1.00,                   0,                   0,              0.0074
       218,        64,      1.00,                   0,                   0,              0.0074
       218,        65,      1.00,                   0,                   0,              0.0147
       218,        66,      1.00,                   0,                   0,              0.0147
       218,        67,      1.00,                   0,                   0,              0.0147
       218,        68,      1.00,                   0,                   0,              0.0074
       218,        69,      1.00,                   0,                   0,              0.0147
       218,        71,      1.00,                   0,                   0,              0.0074
       218,        73,      1.00,                   0,                   0,              0.0074
       218,        75,      1.00,                   0,                   0,              0.0147
       218,        76,      1.00,                   0,                   0,              0.0074
       218,        79,      1.00,                   0,                   0,              0.0074
       218,        80,      1.00,                   0,                   0,              0.0074
       218,        81,      1.00,                   0,                   0,              0.0074
       218,        82,      1.00,                   0,                   0,              0.0074
       218,        83,      1.00,                   0,                   0,              0.0147
       218,        84,      1.00,                   0,                   0,              0.0074
       218,        85,      1.00,                   0,                   0,              0.0147
       218,        86,      1.00,                   0,                   0,              0.0074
       218,        90,      1.00,                   0,                   0,              0.0074
       218,        91,      1.00,                   0,                   0,              0.0074
       218,        92,      1.00,                   0,                   0,              0.0074
       218,        94,      1.00,                   0,                   0,              0.0074
       218,        95,      1.00,                   0,                   0,              0.0074
       218,       100,      1.00,                   0,                   0,              0.0074
       218,       101,      1.00,                   0,                   0,              0.0074
       218,       103,      1.00,                   0,                   0,              0.0074
       218,       104,      1.00,                   0,                   0,              0.0074
       218,       105,      1.00,                   0,                   0,              0.0074
       218,       106,      1.00,                   0,                   0,              0.0074
       218,       107,      1.00,                   0,                   0,              0.0074
       218,       112,      1.00,                   0,                   0,              0.0368
       218,       114,      1.00,                   0,                   0,              0.0074
       218,       117,      1.00,                   0,                   0,              0.0074
       218,       118,      1.00,                   0,                   0,              0.0074
       218,       119,      1.00,                   0,                   0,              0.0074
       218,       120,      1.00,                   0,                   0,              0.0074
       218,       121,      1.00,                   0,                   0,              0.0074
       218,       122,      1.00,                   0,                   0,              0.0074
       218,       123,      1.00,                   0,                   0,              0.0074
       218,       124,      1.00,                   0,                   0,              0.0074
       218,       125,      1.00,                   0,                   0,              0.0074
       218,       126,      1.00,                   0,                   0,              0.0074
       218,       127,      1.00,                   0,                   0,              0.0147
       218,       128,      1.00,                   0,                   0,              0.0074
       218,       135,      1.00,                   0,                   0,              0.0074
       218,       136,      1.00,                   0,                   0,              0.0074
       218,       138,      1.00,                   0,                   0,              0.0074
       218,       141,      1.00,                   0,                   0,              0.0074
       218,       142,      1.00,                   0,                   0,              0.0074
       218,       143,      1.00,                   0,                   0,              0.0074
       218,       146,      1.00,                   0,                   0,              0.0074
       218,       147,      1.00,                   0,                   0,              0.0074
       218,       148,      1.00,                   0,                   0,              0.0074
       218,       149,      1.00,                   0,                   0,              0.0074
       218,       150,      1.00,                   0,                   0,              0.0074
       218,       151,      1.00,                   0,                   0,              0.0074
       218,       154,      1.00,                   0,                   0,              0.0147
       218,       155,      1.00,                   0,                   0,              0.0074
       218,       161,      1.00,                   0,                   0,              0.0074
       218,       162,      1.00,                   0,                   0,              0.0074
       218,       164,      1.00,                   0,                   0,              0.0074
       218,       165,      1.00,                   0,                   0,              0.0074
       218,       166,      1.00,                   0,                   0,              0.0074
       218,       172,      1.00,                   0,                   0,              0.0074
       218,       178,      1.00,                   0,                   0,              0.0074
       218,       179,      1.00,                   0,                   0,              0.0074
       218,       182,      1.00,                   0,                   0,              0.0074
       218,       209,      1.00,                   0,                   0,              0.0147
       218,       210,      1.00,                   0,                   0,              0.0074
       218,       212,      1.00,                   0,                   0,              0.0074
       218,       215,      1.00,                   0,                   0,              0.0074
       218,       224,      1.00,                   0,                   0,              0.2132
       218,       226,      1.00,                   0,                   0,              1.6688
       218,       227,      1.00,                   0,                   0,              0.1397
       218,       228,      1.00,                   0,                   0,              0.4117
       218,       229,      1.00,                   0,                   0,              0.1470
       219,         1,      1.00,              0.2573,                   0,              2.3451
       219,         2,      1.00,              0.1323,                   0,              1.4629
       219,         3,      1.00,              0.0221,                   0,              0.3602
       219,         4,      1.00,              0.0074,                   0,              0.2058
       219,         5,      1.00,              0.0956,                   0,              1.0954
       219,         6,      1.00,              0.0735,                   0,              1.2277
       219,         7,      1.00,              0.0441,                   0,              0.8160
       219,         8,      1.00,              0.0147,                   0,              0.3749
       219,         9,      1.00,              0.0147,                   0,              0.3823
       219,        10,      1.00,              0.0809,                   0,              0.7498
       219,        11,      1.00,              0.0074,                   0,              0.1470
       219,        12,      1.00,              0.0074,                   0,              0.1985
       219,        13,      1.00,              0.0074,                   0,              0.1691
       219,        14,      1.00,              0.0074,                   0,              0.1691
       219,        15,      1.00,              0.0074,                   0,              0.2720
       219,        16,      1.00,              0.1029,                   0,              1.0954
       219,        17,      1.00,              0.1103,                   0,              1.4703
       219,        18,      1.00,              0.5734,                   0,              4.3447
       219,        19,      1.00,              0.0221,                   0,              0.3529
       219,        20,      1.00,              0.0882,                   0,              1.0071
       219,        21,      1.00,                   0,                   0,              0.0368
       219,        22,      1.00,              0.0294,                   0,              0.4558
       219,        23,      1.00,                   0,                   0,              0.0441
       219,        24,      1.00,                   0,                   0,              0.0368
       219,        25,      1.00,                   0,                   0,              0.0074
       219,        26,      1.00,                   0,                   0,              0.0294
       219,        27,      1.00,                   0,                   0,              0.0515
       219,        28,      1.00,                   0,                   0,              0.0588
       219,        29,      1.00,                   0,                   0,              0.0368
       219,        30,      1.00,                   0,                   0,              0.0441
       219,        31,      1.00,                   0,                   0,              0.0294
       219,        32,      1.00,                   0,                   0,              0.0294
       219,        33,      1.00,                   0,                   0,              0.0294
       219,        34,      1.00,                   0,                   0,              0.0074
       219,        35,      1.00,                   0,                   0,              0.0515
       219,        36,      1.00,                   0,                   0,              0.0368
       219,        37,      1.00,                   0,                   0,              0.0662
       219,        38,      1.00,                   0,                   0,              0.0441
       219,        39,      1.00,                   0,                   0,              0.0441
       219,        40,      1.00,                   0,                   0,              0.0368
       219,        41,      1.00,                   0,                   0,              0.0294
       219,        42,      1.00,                   0,                   0,              0.0074
       219,        43,      1.00,                   0,                   0,              0.0074
       219,        44,      1.00,                   0,                   0,              0.0147
       219,        45,      1.00,                   0,                   0,              0.0221
       219,        46,      1.00,                   0,                   0,              0.0147
       219,        47,      1.00,                   0,                   0,              0.0074
       219,        49,      1.00,                   0,                   0,              0.0294
       219,        50,      1.00,                   0,                   0,              0.0074
       219,        52,      1.00,                   0,                   0,              0.0294
       219,        54,      1.00,                   0,                   0,              0.0074
       219,        55,      1.00,                   0,                   0,              0.0294
       219,        56,      1.00,                   0,                   0,              0.0294
       219,        58,      1.00,                   0,                   0,              0.0294
       219,        59,      1.00,                   0,                   0,              0.0221
       219,        60,      1.00,                   0,                   0,              0.0221
       219,        61,      1.00,                   0,                   0,              0.0294
       219,        62,      1.00,                   0,                   0,              0.0147
       219,        63,      1.00,                   0,                   0,              0.0147
       219,        64,      1.00,                   0,                   0,              0.0074
       219,        65,      1.00,                   0,                   0,              0.0221
       219,        66,      1.00,                   0,                   0,              0.0147
       219,        67,      1.00,                   0,                   0,              0.0221
       219,        68,      1.00,                   0,                   0,              0.0074
       219,        69,      1.00,                   0,                   0,              0.0147
       219,        70,      1.00,                   0,                   0,              0.0074
       219,        71,      1.00,                   0,                   0,              0.0074
       219,        73,      1.00,                   0,                   0,              0.0074
       219,        75,      1.00,                   0,                   0,              0.0147
       219,        76,      1.00,                   0,                   0,              0.0074
       219,        77,      1.00,                   0,                   0,              0.0074
       219,        79,      1.00,                   0,                   0,              0.0074
       219,        80,      1.00,                   0,                   0,              0.0074
       219,        81,      1.00,                   0,                   0,              0.0074
       219,        82,      1.00,                   0,                   0,              0.0074
       219,        83,      1.00,                   0,                   0,              0.0221
       219,        84,      1.00,                   0,                   0,              0.0147
       219,        85,      1.00,                   0,                   0,              0.0147
       219,        86,      1.00,                   0,                   0,              0.0147
       219,        90,      1.00,                   0,                   0,              0.0074
       219,        91,      1.00,                   0,                   0,              0.0074
       219,        92,      1.00,                   0,                   0,              0.0074
       219,        94,      1.00,                   0,                   0,              0.0074
       219,        95,      1.00,                   0,                   0,              0.0147
       219,        97,      1.00,                   0,                   0,              0.0074
       219,        98,      1.00,                   0,                   0,              0.0074
       219,       100,      1.00,                   0,                   0,              0.0147
       219,       101,      1.00,                   0,                   0,              0.0147
       219,       103,      1.00,                   0,                   0,              0.0147
       219,       104,      1.00,                   0,                   0,              0.0074
       219,       105,      1.00,                   0,                   0,              0.0074
       219,       106,      1.00,                   0,                   0,              0.0074
       219,       107,      1.00,                   0,                   0,              0.0074
       219,       109,      1.00,                   0,                   0,              0.0074
       219,       112,      1.00,                   0,                   0,              0.0441
       219,       114,      1.00,                   0,                   0,              0.0074
       219,       117,      1.00,                   0,                   0,              0.0147
       219,       118,      1.00,                   0,                   0,              0.0147
       219,       119,      1.00,                   0,                   0,              0.0074
       219,       120,      1.00,                   0,                   0,              0.0074
       219,       121,      1.00,                   0,                   0,              0.0074
       219,       122,      1.00,                   0,                   0,              0.0074
       219,       123,      1.00,                   0,                   0,              0.0074
       219,       124,      1.00,                   0,                   0,              0.0074
       219,       125,      1.00,                   0,                   0,              0.0074
       219,       126,      1.00,                   0,                   0,              0.0147
       219,       127,      1.00,                   0,                   0,              0.0221
       219,       128,      1.00,                   0,                   0,              0.0074
       219,       131,      1.00,                   0,                   0,              0.0074
       219,       135,      1.00,                   0,                   0,              0.0074
       219,       136,      1.00,                   0,                   0,              0.0074
       219,       137,      1.00,                   0,                   0,              0.0074
       219,       138,      1.00,                   0,                   0,              0.0074
       219,       140,      1.00,                   0,                   0,              0.0074
       219,       141,      1.00,                   0,                   0,              0.0074
       219,       142,      1.00,                   0,                   0,              0.0074
       219,       143,      1.00,                   0,                   0,              0.0074
       219,       146,      1.00,                   0,                   0,              0.0074
       219,       147,      1.00,                   0,                   0,              0.0074
       219,       148,      1.00,                   0,                   0,              0.0074
       219,       149,      1.00,                   0,                   0,              0.0074
       219,       150,      1.00,                   0,                   0,              0.0074
       219,       151,      1.00,                   0,                   0,              0.0074
       219,       154,      1.00,                   0,                   0,              0.0147
       219,       155,      1.00,                   0,                   0,              0.0074
       219,       161,      1.00,                   0,                   0,              0.0074
       219,       162,      1.00,                   0,                   0,              0.0147
       219,       164,      1.00,                   0,                   0,              0.0074
       219,       165,      1.00,                   0,                   0,              0.0074
       219,       166,      1.00,                   0,                   0,              0.0074
       219,       167,      1.00,                   0,                   0,              0.0074
       219,       172,      1.00,                   0,                   0,              0.0074
       219,       175,      1.00,                   0,                   0,              0.0074
       219,       178,      1.00,                   0,                   0,              0.0074
       219,       179,      1.00,                   0,                   0,              0.0074
       219,       182,      1.00,                   0,                   0,              0.0074
       219,       209,      1.00,                   0,                   0,              0.0147
       219,       210,      1.00,                   0,                   0,              0.0147
       219,       212,      1.00,                   0,                   0,              0.0074
       219,       213,      1.00,                   0,                   0,              0.0074
       219,       215,      1.00,                   0,                   0,              0.0294
       219,       224,      1.00,                   0,                   0,              0.5293
       219,       226,      1.00,                   0,                   0,              3.7713
       219,       227,      1.00,                   0,                   0,              0.4411
       219,       228,      1.00,                   0,                   0,              1.4115
       219,       229,      1.00,                   0,                   0,              0.5514
       220,         1,      1.00,              0.0074,                   0,              0.0221
       220,         2,      1.00,              0.0074,                   0,              0.0147
       220,         5,      1.00,                   0,                   0,              0.0074
       220,         6,      1.00,                   0,                   0,              0.0074
       220,         7,      1.00,                   0,                   0,              0.0074
       220,        10,      1.00,                   0,                   0,              0.0074
       220,        16,      1.00,              0.0074,                   0,              0.0147
       220,        17,      1.00,                   0,                   0,              0.0147
       220,        18,      1.00,              0.0221,                   0,              0.0368
       220,        20,      1.00,                   0,                   0,              0.0074
       221,         1,      1.00,              0.0221,                   0,              0.0515
       221,         2,      1.00,              0.0074,                   0,              0.0294
       221,         3,      1.00,                   0,                   0,              0.0074
       221,         4,      1.00,                   0,                   0,              0.0074
       221,         5,      1.00,              0.0074,                   0,              0.0221
       221,         6,      1.00,              0.0074,                   0,              0.0221
       221,         7,      1.00,                   0,                   0,              0.0147
       221,         8,      1.00,                   0,                   0,              0.0074
       221,         9,      1.00,                   0,                   0,              0.0074
       221,        10,      1.00,              0.0074,                   0,              0.0147
       221,        15,      1.00,                   0,                   0,              0.0074
       221,        16,      1.00,              0.0294,                   0,              0.0441
       221,        17,      1.00,              0.0147,                   0,              0.0441
       221,        18,      1.00,              0.0368,                   0,              0.0882
       221,        19,      1.00,                   0,                   0,              0.0074
       221,        20,      1.00,              0.0074,                   0,              0.0221
       221,        22,      1.00,                   0,                   0,              0.0074
       221,       224,      1.00,                   0,                   0,              0.0074
       222,         1,      1.00,              0.0221,                   0,              0.2352
       222,         2,      1.00,              0.0147,                   0,              0.1544
       222,         3,      1.00,                   0,                   0,              0.0368
       222,         4,      1.00,                   0,                   0,              0.0221
       222,         5,      1.00,              0.0074,                   0,              0.1029
       222,         6,      1.00,              0.0074,                   0,              0.1103
       222,         7,      1.00,                   0,                   0,              0.0809
       222,         8,      1.00,                   0,                   0,              0.0368
       222,         9,      1.00,                   0,                   0,              0.0368
       222,        10,      1.00,              0.0074,                   0,              0.0735
       222,        11,      1.00,                   0,                   0,              0.0147
       222,        12,      1.00,                   0,                   0,              0.0221
       222,        13,      1.00,                   0,                   0,              0.0147
       222,        14,      1.00,                   0,                   0,              0.0147
       222,        15,      1.00,                   0,                   0,              0.0221
       222,        16,      1.00,              0.0294,                   0,              0.2352
       222,        17,      1.00,              0.0221,                   0,              0.2499
       222,        18,      1.00,              0.0368,                   0,              0.3455
       222,        19,      1.00,                   0,                   0,              0.0294
       222,        20,      1.00,              0.0074,                   0,              0.1103
       222,        21,      1.00,                   0,                   0,              0.0074
       222,        22,      1.00,                   0,                   0,              0.0441
       222,        23,      1.00,                   0,                   0,              0.0074
       222,        27,      1.00,                   0,                   0,              0.0074
       222,        28,      1.00,                   0,                   0,              0.0074
       222,        30,      1.00,                   0,                   0,              0.0074
       222,        35,      1.00,                   0,                   0,              0.0074
       222,        37,      1.00,                   0,                   0,              0.0074
       222,        38,      1.00,                   0,                   0,              0.0074
       222,        39,      1.00,                   0,                   0,              0.0074
       222,       112,      1.00,                   0,                   0,              0.0074
       222,       217,      1.00,                   0,                   0,              0.1764
       223,         1,      1.00,                   0,                   0,              0.0147
       223,         2,      1.00,                   0,                   0,              0.0147
       223,         3,      1.00,                   0,                   0,              0.0074
       223,         5,      1.00,              0.0074,                   0,              0.0147
       223,         6,      1.00,              0.0074,                   0,              0.0294
       223,         7,      1.00,                   0,                   0,              0.0147
       223,         8,      1.00,                   0,                   0,              0.0074
       223,         9,      1.00,                   0,                   0,              0.0074
       223,        15,      1.00,                   0,                   0,              0.0074
       223,        16,      1.00,                   0,                   0,              0.0074
       223,        17,      1.00,              0.0441,                   0,              0.0809
       223,        18,      1.00,                   0,                   0,              0.0074
       223,        19,      1.00,                   0,                   0,              0.0074
       223,        20,      1.00,                   0,                   0,              0.0074
       223,        21,      1.00,              0.0441,                   0,              0.0662
       223,        22,      1.00,              0.0074,                   0,              0.0221
       223,       224,      1.00,                   0,                   0,              0.0221
       224,         1,      1.00,                   0,                   0,              0.1911
       224,         2,      1.00,                   0,                   0,              0.2647
       224,         3,      1.00,                   0,                   0,              0.1029
       224,         4,      1.00,                   0,                   0,              0.0588
       224,         5,      1.00,              0.0074,                   0,              0.3088
       224,         6,      1.00,              0.0074,                   0,              0.4631
       224,         7,      1.00,                   0,                   0,              0.2647
       224,         8,      1.00,                   0,                   0,              0.1103
       224,         9,      1.00,                   0,                   0,              0.1176
       224,        10,      1.00,                   0,                   0,              0.0588
       224,        11,      1.00,                   0,                   0,              0.0441
       224,        12,      1.00,                   0,                   0,              0.0588
       224,        13,      1.00,                   0,                   0,              0.0515
       224,        14,      1.00,                   0,                   0,              0.0662
       224,        15,      1.00,                   0,                   0,              0.1176
       224,        16,      1.00,                   0,                   0,              0.0882
       224,        17,      1.00,              0.0294,                   0,              1.2718
       224,        18,      1.00,                   0,                   0,              0.1764
       224,        19,      1.00,                   0,                   0,              0.1544
       224,        20,      1.00,                   0,                   0,              0.1911
       224,        21,      1.00,              0.5072,                   0,              6.4325
       224,        22,      1.00,              0.0074,                   0,              0.4852
       224,        23,      1.00,                   0,                   0,              0.0221
       224,        24,      1.00,                   0,                   0,              0.0221
       224,        25,      1.00,                   0,                   0,              0.0074
       224,        26,      1.00,                   0,                   0,              0.0147
       224,        27,      1.00,                   0,                   0,              0.0441
       224,        28,      1.00,                   0,                   0,              0.0735
       224,        29,      1.00,                   0,                   0,              0.0294
       224,        30,      1.00,                   0,                   0,              0.0662
       224,        31,      1.00,                   0,                   0,              0.0662
       224,        32,      1.00,                   0,                   0,              0.0515
       224,        33,      1.00,                   0,                   0,              0.1176
       224,        34,      1.00,                   0,                   0,              0.0074
       224,        35,      1.00,                   0,                   0,              0.0368
       224,        36,      1.00,                   0,                   0,              0.0294
       224,        37,      1.00,                   0,                   0,              0.0441
       224,        38,      1.00,                   0,                   0,              0.0368
       224,        39,      1.00,                   0,                   0,              0.0441
       224,        40,      1.00,                   0,                   0,              0.0368
       224,        41,      1.00,                   0,                   0,              0.0515
       224,        42,      1.00,                   0,                   0,              0.0074
       224,        43,      1.00,                   0,                   0,              0.0221
       224,        44,      1.00,                   0,                   0,              0.0441
       224,        45,      1.00,                   0,                   0,              0.0809
       224,        46,      1.00,                   0,                   0,              0.0588
       224,        47,      1.00,                   0,                   0,              0.0221
       224,        49,      1.00,                   0,                   0,              0.0441
       224,        50,      1.00,                   0,                   0,              0.0074
       224,        52,      1.00,                   0,                   0,              0.0441
       224,        54,      1.00,                   0,                   0,              0.0147
       224,        55,      1.00,                   0,                   0,              0.0588
       224,        56,      1.00,                   0,                   0,              0.0515
       224,        58,      1.00,                   0,                   0,              0.0588
       224,        59,      1.00,                   0,                   0,              0.0441
       224,        60,      1.00,                   0,                   0,              0.0515
       224,        61,      1.00,                   0,                   0,              0.1250
       224,        62,      1.00,                   0,                   0,              0.0882
       224,        63,      1.00,                   0,                   0,              0.0882
       224,        64,      1.00,                   0,                   0,              0.0956
       224,        65,      1.00,                   0,                   0,              0.0588
       224,        66,      1.00,                   0,                   0,              0.0441
       224,        67,      1.00,                   0,                   0,              0.1323
       224,        68,      1.00,                   0,                   0,              0.0515
       224,        69,      1.00,                   0,                   0,              0.0515
       224,        70,      1.00,                   0,                   0,              0.0147
       224,        71,      1.00,                   0,                   0,              0.0221
       224,        72,      1.00,                   0,                   0,              0.0147
       224,        73,      1.00,                   0,                   0,              0.0368
       224,        74,      1.00,                   0,                   0,              0.0147
       224,        75,      1.00,                   0,                   0,              0.1029
       224,        76,      1.00,                   0,                   0,              0.0662
       224,        77,      1.00,                   0,                   0,              0.0441
       224,        79,      1.00,                   0,                   0,              0.0809
       224,        80,      1.00,                   0,                   0,              0.0441
       224,        81,      1.00,                   0,                   0,              0.0294
       224,        82,      1.00,                   0,                   0,              0.0294
       224,        83,      1.00,                   0,                   0,              0.0809
       224,        84,      1.00,                   0,                   0,              0.0588
       224,        85,      1.00,                   0,                   0,              0.0809
       224,        86,      1.00,                   0,                   0,              0.0515
       224,        87,      1.00,                   0,                   0,              0.0147
       224,        88,      1.00,                   0,                   0,              0.0074
       224,        89,      1.00,                   0,                   0,              0.0074
       224,        90,      1.00,                   0,                   0,              0.0368
       224,        91,      1.00,                   0,                   0,              0.0221
       224,        92,      1.00,                   0,                   0,              0.0515
       224,        93,      1.00,                   0,                   0,              0.0147
       224,        94,      1.00,                   0,                   0,              0.0294
       224,        95,      1.00,                   0,                   0,              0.0588
       224,        96,      1.00,                   0,                   0,              0.0074
       224,        97,      1.00,                   0,                   0,              0.0368
       224,        98,      1.00,                   0,                   0,              0.0441
       224,        99,      1.00,                   0,                   0,              0.0588
       224,       100,      1.00,                   0,                   0,              0.1691
       224,       101,      1.00,                   0,                   0,              0.2058
       224,       102,      1.00,                   0,                   0,              0.0221
       224,       103,      1.00,                   0,                   0,              0.0882
       224,       104,      1.00,                   0,                   0,              0.0294
       224,       105,      1.00,                   0,                   0,              0.0588
       224,       106,      1.00,                   0,                   0,              0.0441
       224,       107,      1.00,                   0,                   0,              0.0368
       224,       108,      1.00,                   0,                   0,              0.0147
       224,       109,      1.00,                   0,                   0,              0.0221
       224,       110,      1.00,                   0,                   0,              0.0074
       224,       111,      1.00,                   0,                   0,              0.0074
       224,       112,      1.00,                   0,                   0,              0.0515
       224,       114,      1.00,                   0,                   0,              0.0735
       224,       115,      1.00,                   0,                   0,              0.0074
       224,       116,      1.00,                   0,                   0,              0.0368
       224,       117,      1.00,                   0,                   0,              0.1029
       224,       118,      1.00,                   0,                   0,              0.0588
       224,       119,      1.00,                   0,                   0,              0.0368
       224,       120,      1.00,                   0,                   0,              0.0294
       224,       121,      1.00,                   0,                   0,              0.0368
       224,       122,      1.00,                   0,                   0,              0.0368
       224,       123,      1.00,                   0,                   0,              0.0368
       224,       124,      1.00,                   0,                   0,              0.0588
       224,       125,      1.00,                   0,                   0,              0.0588
       224,       126,      1.00,                   0,                   0,              0.0441
       224,       127,      1.00,                   0,                   0,              0.0809
       224,       128,      1.00,                   0,                   0,              0.0221
       224,       129,      1.00,                   0,                   0,              0.0147
       224,       130,      1.00,                   0,                   0,              0.0147
       224,       131,      1.00,                   0,                   0,              0.0221
       224,       132,      1.00,                   0,                   0,              0.0074
       224,       133,      1.00,                   0,                   0,              0.0147
       224,       134,      1.00,                   0,                   0,              0.0221
       224,       135,      1.00,                   0,                   0,              0.0588
       224,       136,      1.00,                   0,                   0,              0.0882
       224,       137,      1.00,                   0,                   0,              0.0368
       224,       138,      1.00,                   0,                   0,              0.0441
       224,       139,      1.00,                   0,                   0,              0.0074
       224,       140,      1.00,                   0,                   0,              0.0441
       224,       141,      1.00,                   0,                   0,              0.0294
       224,       142,      1.00,                   0,                   0,              0.0147
       224,       143,      1.00,                   0,                   0,              0.0294
       224,       144,      1.00,                   0,                   0,              0.0074
       224,       145,      1.00,                   0,                   0,              0.0074
       224,       146,      1.00,                   0,                   0,              0.0515
       224,       147,      1.00,                   0,                   0,              0.0221
       224,       148,      1.00,                   0,                   0,              0.0221
       224,       149,      1.00,                   0,                   0,              0.0221
       224,       150,      1.00,                   0,                   0,              0.0221
       224,       151,      1.00,                   0,                   0,              0.0221
       224,       152,      1.00,                   0,                   0,              0.0147
       224,       153,      1.00,                   0,                   0,              0.0147
       224,       154,      1.00,                   0,                   0,              0.0368
       224,       155,      1.00,                   0,                   0,              0.0294
       224,       156,      1.00,                   0,                   0,              0.0074
       224,       157,      1.00,                   0,                   0,              0.0147
       224,       159,      1.00,                   0,                   0,              0.0074
       224,       160,      1.00,                   0,                   0,              0.0147
       224,       161,      1.00,                   0,                   0,              0.0147
       224,       162,      1.00,                   0,                   0,              0.1029
       224,       163,      1.00,                   0,                   0,              0.0074
       224,       164,      1.00,                   0,                   0,              0.1103
       224,       165,      1.00,                   0,                   0,              0.0221
       224,       166,      1.00,                   0,                   0,              0.0147
       224,       167,      1.00,                   0,                   0,              0.0147
       224,       168,      1.00,                   0,                   0,              0.0221
       224,       169,      1.00,                   0,                   0,              0.0147
       224,       170,      1.00,                   0,                   0,              0.0368
       224,       172,      1.00,                   0,                   0,              0.0735
       224,       174,      1.00,                   0,                   0,              0.0294
       224,       175,      1.00,                   0,                   0,              0.0368
       224,       177,      1.00,                   0,                   0,              0.0221
       224,       178,      1.00,                   0,                   0,              0.0147
       224,       179,      1.00,                   0,                   0,              0.0221
       224,       180,      1.00,                   0,                   0,              0.0074
       224,       181,      1.00,                   0,                   0,              0.0221
       224,       182,      1.00,                   0,                   0,              0.0221
       224,       183,      1.00,                   0,                   0,              0.0074
       224,       184,      1.00,                   0,                   0,              0.0147
       224,       185,      1.00,                   0,                   0,              0.0147
       224,       186,      1.00,                   0,                   0,              0.0074
       224,       187,      1.00,                   0,                   0,              0.0074
       224,       188,      1.00,                   0,                   0,              0.0368
       224,       189,      1.00,                   0,                   0,              0.0074
       224,       190,      1.00,                   0,                   0,              0.0221
       224,       192,      1.00,                   0,                   0,              0.0147
       224,       195,      1.00,                   0,                   0,              0.0147
       224,       196,      1.00,                   0,                   0,              0.0074
       224,       201,      1.00,                   0,                   0,              0.0074
       224,       208,      1.00,                   0,                   0,              0.0147
       224,       209,      1.00,                   0,                   0,              0.0735
       224,       210,      1.00,                   0,                   0,              0.0515
       224,       211,      1.00,                   0,                   0,              0.0221
       224,       212,      1.00,                   0,                   0,              0.0368
       224,       213,      1.00,                   0,                   0,              0.0515
       224,       214,      1.00,                   0,                   0,              0.0074
       224,       217,      1.00,                   0,                   0,              0.0515
       224,       218,      1.00,                   0,                   0,              0.2132
       224,       219,      1.00,                   0,                   0,              0.4925
       224,       221,      1.00,                   0,                   0,              0.0147
       224,       223,      1.00,                   0,                   0,              0.0294
       226,         1,      1.00,                   0,                   0,              0.0074
       226,         2,      1.00,                   0,                   0,              0.0074
       226,         3,      1.00,                   0,                   0,              0.0074
       226,         4,      1.00,                   0,                   0,              0.0074
       226,         5,      1.00,                   0,                   0,              0.0074
       226,         6,      1.00,                   0,                   0,              0.0147
       226,         7,      1.00,                   0,                   0,              0.0221
       226,         8,      1.00,                   0,                   0,              0.0368
       226,         9,      1.00,                   0,                   0,              0.0221
       226,        11,      1.00,                   0,                   0,              0.0074
       226,        12,      1.00,                   0,                   0,              0.0221
       226,        13,      1.00,                   0,                   0,              0.0368
       226,        14,      1.00,                   0,                   0,              0.0515
       226,        15,      1.00,              0.0074,                   0,              0.0809
       226,        17,      1.00,                   0,                   0,              0.0074
       226,        19,      1.00,                   0,                   0,              0.0074
       226,        20,      1.00,                   0,                   0,              0.0074
       226,        21,      1.00,                   0,                   0,              0.0147
       226,        22,      1.00,                   0,                   0,              0.0074
       226,        23,      1.00,                   0,                   0,              0.0221
       226,        24,      1.00,                   0,                   0,              0.0221
       226,        25,      1.00,                   0,                   0,              0.0074
       226,        26,      1.00,                   0,                   0,              0.0147
       226,        27,      1.00,                   0,                   0,              0.0368
       226,        28,      1.00,              0.0074,                   0,              0.0588
       226,        29,      1.00,                   0,                   0,              0.0221
       226,        30,      1.00,              0.0074,                   0,              0.0515
       226,        31,      1.00,              0.0074,                   0,              0.0515
       226,        32,      1.00,                   0,                   0,              0.0441
       226,        33,      1.00,              0.0074,                   0,              0.0956
       226,        34,      1.00,                   0,                   0,              0.0074
       226,        35,      1.00,                   0,                   0,              0.0294
       226,        36,      1.00,                   0,                   0,              0.0221
       226,        37,      1.00,                   0,                   0,              0.0368
       226,        38,      1.00,                   0,                   0,              0.0294
       226,        39,      1.00,                   0,                   0,              0.0368
       226,        40,      1.00,                   0,                   0,              0.0294
       226,        41,      1.00,                   0,                   0,              0.0368
       226,        42,      1.00,                   0,                   0,              0.0074
       226,        43,      1.00,                   0,                   0,              0.0147
       226,        44,      1.00,                   0,                   0,              0.0368
       226,        45,      1.00,              0.0074,                   0,              0.0662
       226,        46,      1.00,              0.0074,                   0,              0.0515
       226,        47,      1.00,                   0,                   0,              0.0147
       226,        49,      1.00,              0.0074,                   0,              0.0368
       226,        50,      1.00,                   0,                   0,              0.0074
       226,        52,      1.00,              0.0074,                   0,              0.0368
       226,        54,      1.00,                   0,                   0,              0.0147
       226,        55,      1.00,              0.0074,                   0,              0.0441
       226,        56,      1.00,              0.0074,                   0,              0.0441
       226,        58,      1.00,              0.0074,                   0,              0.0515
       226,        59,      1.00,                   0,                   0,              0.0368
       226,        60,      1.00,              0.0074,                   0,              0.0368
       226,        61,      1.00,              0.0147,                   0,              0.1029
       226,        62,      1.00,              0.0074,                   0,              0.0662
       226,        63,      1.00,              0.0074,                   0,              0.0662
       226,        64,      1.00,              0.0147,                   0,              0.0735
       226,        65,      1.00,              0.0074,                   0,              0.0441
       226,        66,      1.00,                   0,                   0,              0.0294
       226,        67,      1.00,              0.0147,                   0,              0.1029
       226,        68,      1.00,              0.0074,                   0,              0.0441
       226,        69,      1.00,              0.0074,                   0,              0.0441
       226,        70,      1.00,                   0,                   0,              0.0074
       226,        71,      1.00,                   0,                   0,              0.0147
       226,        72,      1.00,                   0,                   0,              0.0147
       226,        73,      1.00,              0.0074,                   0,              0.0294
       226,        74,      1.00,                   0,                   0,              0.0147
       226,        75,      1.00,              0.0147,                   0,              0.0809
       226,        76,      1.00,              0.0074,                   0,              0.0515
       226,        77,      1.00,              0.0074,                   0,              0.0368
       226,        79,      1.00,              0.0074,                   0,              0.0662
       226,        80,      1.00,                   0,                   0,              0.0368
       226,        81,      1.00,                   0,                   0,              0.0221
       226,        82,      1.00,                   0,                   0,              0.0294
       226,        83,      1.00,              0.0074,                   0,              0.0662
       226,        84,      1.00,                   0,                   0,              0.0441
       226,        85,      1.00,              0.0074,                   0,              0.0662
       226,        86,      1.00,              0.0074,                   0,              0.0441
       226,        87,      1.00,                   0,                   0,              0.0074
       226,        88,      1.00,                   0,                   0,              0.0074
       226,        89,      1.00,                   0,                   0,              0.0074
       226,        90,      1.00,                   0,                   0,              0.0294
       226,        91,      1.00,                   0,                   0,              0.0147
       226,        92,      1.00,                   0,                   0,              0.0368
       226,        93,      1.00,                   0,                   0,              0.0147
       226,        94,      1.00,                   0,                   0,              0.0221
       226,        95,      1.00,                   0,                   0,              0.0515
       226,        96,      1.00,                   0,                   0,              0.0074
       226,        97,      1.00,              0.0074,                   0,              0.0294
       226,        98,      1.00,              0.0074,                   0,              0.0368
       226,        99,      1.00,              0.0074,                   0,              0.0515
       226,       100,      1.00,              0.0147,                   0,              0.1323
       226,       101,      1.00,              0.0294,                   0,              0.1691
       226,       102,      1.00,                   0,                   0,              0.0147
       226,       103,      1.00,              0.0074,                   0,              0.0662
       226,       104,      1.00,                   0,                   0,              0.0221
       226,       105,      1.00,              0.0074,                   0,              0.0441
       226,       106,      1.00,                   0,                   0,              0.0368
       226,       107,      1.00,                   0,                   0,              0.0294
       226,       108,      1.00,                   0,                   0,              0.0147
       226,       109,      1.00,                   0,                   0,              0.0147
       226,       110,      1.00,                   0,                   0,              0.0074
       226,       111,      1.00,                   0,                   0,              0.0074
       226,       112,      1.00,                   0,                   0,              0.0441
       226,       114,      1.00,              0.0074,                   0,              0.0588
       226,       115,      1.00,                   0,                   0,              0.0074
       226,       116,      1.00,                   0,                   0,              0.0294
       226,       117,      1.00,              0.0074,                   0,              0.0809
       226,       118,      1.00,                   0,                   0,              0.0441
       226,       119,      1.00,                   0,                   0,              0.0294
       226,       120,      1.00,                   0,                   0,              0.0221
       226,       121,      1.00,                   0,                   0,              0.0294
       226,       122,      1.00,                   0,                   0,              0.0294
       226,       123,      1.00,                   0,                   0,              0.0294
       226,       124,      1.00,              0.0074,                   0,              0.0515
       226,       125,      1.00,              0.0074,                   0,              0.0515
       226,       126,      1.00,                   0,                   0,              0.0368
       226,       127,      1.00,              0.0074,                   0,              0.0662
       226,       128,      1.00,                   0,                   0,              0.0147
       226,       129,      1.00,                   0,                   0,              0.0074
       226,       130,      1.00,                   0,                   0,              0.0074
       226,       131,      1.00,                   0,                   0,              0.0147
       226,       132,      1.00,                   0,                   0,              0.0074
       226,       133,      1.00,                   0,                   0,              0.0147
       226,       134,      1.00,                   0,                   0,              0.0147
       226,       135,      1.00,                   0,                   0,              0.0441
       226,       136,      1.00,              0.0074,                   0,              0.0735
       226,       137,      1.00,                   0,                   0,              0.0294
       226,       138,      1.00,                   0,                   0,              0.0368
       226,       139,      1.00,                   0,                   0,              0.0074
       226,       140,      1.00,                   0,                   0,              0.0294
       226,       141,      1.00,                   0,                   0,              0.0221
       226,       142,      1.00,                   0,                   0,              0.0147
       226,       143,      1.00,                   0,                   0,              0.0221
       226,       144,      1.00,                   0,                   0,              0.0074
       226,       145,      1.00,                   0,                   0,              0.0074
       226,       146,      1.00,                   0,                   0,              0.0441
       226,       147,      1.00,                   0,                   0,              0.0147
       226,       148,      1.00,                   0,                   0,              0.0147
       226,       149,      1.00,                   0,                   0,              0.0147
       226,       150,      1.00,                   0,                   0,              0.0147
       226,       151,      1.00,                   0,                   0,              0.0221
       226,       152,      1.00,                   0,                   0,              0.0147
       226,       153,      1.00,                   0,                   0,              0.0147
       226,       154,      1.00,                   0,                   0,              0.0294
       226,       155,      1.00,                   0,                   0,              0.0294
       226,       157,      1.00,                   0,                   0,              0.0147
       226,       159,      1.00,                   0,                   0,              0.0074
       226,       160,      1.00,                   0,                   0,              0.0147
       226,       161,      1.00,                   0,                   0,              0.0147
       226,       162,      1.00,              0.0074,                   0,              0.0882
       226,       163,      1.00,                   0,                   0,              0.0074
       226,       164,      1.00,              0.0074,                   0,              0.0882
       226,       165,      1.00,                   0,                   0,              0.0147
       226,       166,      1.00,                   0,                   0,              0.0147
       226,       167,      1.00,                   0,                   0,              0.0147
       226,       168,      1.00,                   0,                   0,              0.0147
       226,       169,      1.00,                   0,                   0,              0.0074
       226,       170,      1.00,                   0,                   0,              0.0294
       226,       172,      1.00,                   0,                   0,              0.0588
       226,       174,      1.00,                   0,                   0,              0.0221
       226,       175,      1.00,                   0,                   0,              0.0294
       226,       177,      1.00,                   0,                   0,              0.0147
       226,       178,      1.00,                   0,                   0,              0.0147
       226,       179,      1.00,                   0,                   0,              0.0221
       226,       181,      1.00,                   0,                   0,              0.0147
       226,       182,      1.00,                   0,                   0,              0.0147
       226,       183,      1.00,                   0,                   0,              0.0074
       226,       184,      1.00,                   0,                   0,              0.0074
       226,       185,      1.00,                   0,                   0,              0.0147
       226,       186,      1.00,                   0,                   0,              0.0074
       226,       187,      1.00,                   0,                   0,              0.0074
       226,       188,      1.00,                   0,                   0,              0.0294
       226,       189,      1.00,                   0,                   0,              0.0074
       226,       190,      1.00,                   0,                   0,              0.0147
       226,       192,      1.00,                   0,                   0,              0.0074
       226,       195,      1.00,                   0,                   0,              0.0074
       226,       196,      1.00,                   0,                   0,              0.0074
       226,       201,      1.00,                   0,                   0,              0.0074
       226,       208,      1.00,                   0,                   0,              0.0147
       226,       209,      1.00,              0.0074,                   0,              0.0515
       226,       210,      1.00,              0.0074,                   0,              0.0441
       226,       211,      1.00,                   0,                   0,              0.0147
       226,       212,      1.00,                   0,                   0,              0.0441
       226,       213,      1.00,              0.0074,                   0,              0.0441
       226,       214,      1.00,                   0,                   0,              0.0074
       226,       217,      1.00,                   0,                   0,              0.1838
       226,       218,      1.00,                   0,                   0,              1.3012
       226,       219,      1.00,                   0,                   0,              3.0288
       227,        67,      1.00,                   0,                   0,              0.0074
       227,        79,      1.00,                   0,                   0,              0.0074
       227,        85,      1.00,                   0,                   0,              0.0074
       227,        92,      1.00,                   0,                   0,              0.0074
       227,        95,      1.00,                   0,                   0,              0.0074
       227,       100,      1.00,                   0,                   0,              0.0147
       227,       101,      1.00,                   0,                   0,              0.0074
       227,       103,      1.00,                   0,                   0,              0.0074
       227,       105,      1.00,                   0,                   0,              0.0074
       227,       106,      1.00,                   0,                   0,              0.0074
       227,       107,      1.00,                   0,                   0,              0.0074
       227,       114,      1.00,                   0,                   0,              0.0074
       227,       116,      1.00,                   0,                   0,              0.0074
       227,       117,      1.00,                   0,                   0,              0.0147
       227,       118,      1.00,                   0,                   0,              0.0074
       227,       119,      1.00,                   0,                   0,              0.0074
       227,       122,      1.00,                   0,                   0,              0.0074
       227,       123,      1.00,                   0,                   0,              0.0074
       227,       124,      1.00,                   0,                   0,              0.0074
       227,       125,      1.00,                   0,                   0,              0.0074
       227,       126,      1.00,                   0,                   0,              0.0074
       227,       127,      1.00,                   0,                   0,              0.0074
       227,       128,      1.00,                   0,                   0,              0.0074
       227,       135,      1.00,                   0,                   0,              0.0074
       227,       136,      1.00,                   0,                   0,              0.0147
       227,       137,      1.00,                   0,                   0,              0.0074
       227,       138,      1.00,                   0,                   0,              0.0147
       227,       140,      1.00,                   0,                   0,              0.0147
       227,       141,      1.00,                   0,                   0,              0.0147
       227,       142,      1.00,                   0,                   0,              0.0147
       227,       143,      1.00,                   0,                   0,              0.0074
       227,       145,      1.00,                   0,                   0,              0.0074
       227,       146,      1.00,              0.0074,                   0,              0.0221
       227,       147,      1.00,                   0,                   0,              0.0147
       227,       148,      1.00,                   0,                   0,              0.0147
       227,       149,      1.00,                   0,                   0,              0.0147
       227,       150,      1.00,                   0,                   0,              0.0147
       227,       151,      1.00,              0.0074,                   0,              0.0221
       227,       152,      1.00,                   0,                   0,              0.0074
       227,       153,      1.00,                   0,                   0,              0.0074
       227,       154,      1.00,                   0,                   0,              0.0294
       227,       155,      1.00,              0.0074,                   0,              0.0221
       227,       157,      1.00,              0.0074,                   0,              0.0221
       227,       160,      1.00,                   0,                   0,              0.0074
       227,       161,      1.00,              0.0074,                   0,              0.0221
       227,       162,      1.00,              0.0147,                   0,              0.0588
       227,       164,      1.00,              0.0294,                   0,              0.0956
       227,       165,      1.00,                   0,                   0,              0.0147
       227,       166,      1.00,                   0,                   0,              0.0221
       227,       167,      1.00,                   0,                   0,              0.0147
       227,       168,      1.00,                   0,                   0,              0.0221
       227,       169,      1.00,                   0,                   0,              0.0147
       227,       170,      1.00,              0.0074,                   0,              0.0515
       227,       171,      1.00,                   0,                   0,              0.0074
       227,       172,      1.00,              0.0441,                   0,              0.1617
       227,       174,      1.00,              0.0074,                   0,              0.0368
       227,       175,      1.00,              0.0147,                   0,              0.0515
       227,       177,      1.00,              0.0074,                   0,              0.0221
       227,       178,      1.00,                   0,                   0,              0.0147
       227,       179,      1.00,                   0,                   0,              0.0294
       227,       181,      1.00,                   0,                   0,              0.0221
       227,       182,      1.00,                   0,                   0,              0.0221
       227,       183,      1.00,                   0,                   0,              0.0074
       227,       184,      1.00,                   0,                   0,              0.0147
       227,       185,      1.00,                   0,                   0,              0.0147
       227,       186,      1.00,                   0,                   0,              0.0147
       227,       187,      1.00,                   0,                   0,              0.0074
       227,       188,      1.00,              0.0221,                   0,              0.0809
       227,       189,      1.00,                   0,                   0,              0.0147
       227,       190,      1.00,              0.0074,                   0,              0.0221
       227,       191,      1.00,                   0,                   0,              0.0074
       227,       192,      1.00,                   0,                   0,              0.0221
       227,       195,      1.00,                   0,                   0,              0.0147
       227,       196,      1.00,                   0,                   0,              0.0074
       227,       198,      1.00,                   0,                   0,              0.0074
       227,       200,      1.00,                   0,                   0,              0.0074
       227,       201,      1.00,                   0,                   0,              0.0074
       227,       207,      1.00,                   0,                   0,              0.0074
       227,       211,      1.00,                   0,                   0,              0.0147
       227,       212,      1.00,              0.0074,                   0,              0.0294
       227,       213,      1.00,                   0,                   0,              0.0147
       227,       217,      1.00,                   0,                   0,              0.0735
       227,       218,      1.00,                   0,                   0,              0.1470
       227,       219,      1.00,                   0,                   0,              0.4999
       228,        83,      1.00,                   0,                   0,              0.0074
       228,        84,      1.00,                   0,                   0,              0.0074
       228,        85,      1.00,                   0,                   0,              0.0074
       228,        92,      1.00,                   0,                   0,              0.0074
       228,        95,      1.00,                   0,                   0,              0.0074
       228,       100,      1.00,                   0,                   0,              0.0074
       228,       101,      1.00,                   0,                   0,              0.0074
       228,       103,      1.00,                   0,                   0,              0.0074
       228,       105,      1.00,                   0,                   0,              0.0074
       228,       106,      1.00,                   0,                   0,              0.0074
       228,       107,      1.00,                   0,                   0,              0.0074
       228,       114,      1.00,                   0,                   0,              0.0074
       228,       116,      1.00,                   0,                   0,              0.0074
       228,       117,      1.00,                   0,                   0,              0.0147
       228,       118,      1.00,                   0,                   0,              0.0074
       228,       119,      1.00,                   0,                   0,              0.0074
       228,       121,      1.00,                   0,                   0,              0.0074
       228,       122,      1.00,                   0,                   0,              0.0074
       228,       123,      1.00,                   0,                   0,              0.0074
       228,       124,      1.00,                   0,                   0,              0.0074
       228,       125,      1.00,                   0,                   0,              0.0074
       228,       126,      1.00,                   0,                   0,              0.0074
       228,       127,      1.00,                   0,                   0,              0.0074
       228,       128,      1.00,                   0,                   0,              0.0074
       228,       135,      1.00,                   0,                   0,              0.0147
       228,       136,      1.00,                   0,                   0,              0.0147
       228,       137,      1.00,                   0,                   0,              0.0074
       228,       138,      1.00,                   0,                   0,              0.0147
       228,       140,      1.00,                   0,                   0,              0.0147
       228,       141,      1.00,                   0,                   0,              0.0147
       228,       142,      1.00,                   0,                   0,              0.0147
       228,       143,      1.00,                   0,                   0,              0.0074
       228,       145,      1.00,                   0,                   0,              0.0074
       228,       146,      1.00,                   0,                   0,              0.0221
       228,       147,      1.00,                   0,                   0,              0.0147
       228,       148,      1.00,                   0,                   0,              0.0147
       228,       149,      1.00,                   0,                   0,              0.0147
       228,       150,      1.00,                   0,                   0,              0.0147
       228,       151,      1.00,                   0,                   0,              0.0147
       228,       152,      1.00,                   0,                   0,              0.0074
       228,       153,      1.00,                   0,                   0,              0.0074
       228,       154,      1.00,                   0,                   0,              0.0294
       228,       155,      1.00,                   0,                   0,              0.0221
       228,       157,      1.00,                   0,                   0,              0.0074
       228,       160,      1.00,                   0,                   0,              0.0074
       228,       161,      1.00,                   0,                   0,              0.0147
       228,       162,      1.00,              0.0074,                   0,              0.0515
       228,       164,      1.00,              0.0147,                   0,              0.0735
       228,       165,      1.00,                   0,                   0,              0.0147
       228,       166,      1.00,                   0,                   0,              0.0221
       228,       167,      1.00,                   0,                   0,              0.0147
       228,       168,      1.00,                   0,                   0,              0.0221
       228,       169,      1.00,                   0,                   0,              0.0147
       228,       170,      1.00,              0.0074,                   0,              0.0368
       228,       172,      1.00,              0.0147,                   0,              0.0956
       228,       173,      1.00,                   0,                   0,              0.0074
       228,       174,      1.00,              0.0147,                   0,              0.0588
       228,       175,      1.00,              0.0074,                   0,              0.0515
       228,       176,      1.00,                   0,                   0,              0.0074
       228,       177,      1.00,              0.0074,                   0,              0.0294
       228,       178,      1.00,                   0,                   0,              0.0147
       228,       179,      1.00,                   0,                   0,              0.0368
       228,       180,      1.00,                   0,                   0,              0.0074
       228,       181,      1.00,              0.0074,                   0,              0.0441
       228,       182,      1.00,              0.0074,                   0,              0.0515
       228,       183,      1.00,              0.0074,                   0,              0.0221
       228,       184,      1.00,              0.0074,                   0,              0.0515
       228,       185,      1.00,              0.0147,                   0,              0.0515
       228,       186,      1.00,              0.0074,                   0,              0.0294
       228,       187,      1.00,              0.0074,                   0,              0.0294
       228,       188,      1.00,              0.0221,                   0,              0.1176
       228,       189,      1.00,              0.0074,                   0,              0.0221
       228,       190,      1.00,              0.0147,                   0,              0.0515
       228,       191,      1.00,                   0,                   0,              0.0147
       228,       192,      1.00,              0.0662,                   0,              0.1985
       228,       193,      1.00,              0.0074,                   0,              0.0221
       228,       194,      1.00,              0.0074,                   0,              0.0221
       228,       195,      1.00,              0.0221,                   0,              0.0882
       228,       196,      1.00,              0.0735,                   0,              0.1911
       228,       197,      1.00,              0.0074,                   0,              0.0294
       228,       198,      1.00,              0.0147,                   0,              0.0588
       228,       199,      1.00,              0.0074,                   0,              0.0221
       228,       200,      1.00,              0.0515,                   0,              0.1103
       228,       201,      1.00,              0.0147,                   0,              0.0515
       228,       202,      1.00,              0.0221,                   0,              0.0588
       228,       203,      1.00,              0.0074,                   0,              0.0221
       228,       204,      1.00,              0.0368,                   0,              0.0809
       228,       205,      1.00,              0.0221,                   0,              0.0588
       228,       206,      1.00,              0.0074,                   0,              0.0147
       228,       207,      1.00,              0.0515,                   0,              0.1544
       228,       211,      1.00,                   0,                   0,              0.0147
       228,       212,      1.00,              0.0074,                   0,              0.0294
       228,       213,      1.00,                   0,                   0,              0.0147
       228,       217,      1.00,                   0,                   0,              0.1911
       228,       218,      1.00,                   0,                   0,              0.4484
       228,       219,      1.00,                   0,                   0,              1.6100
       229,       146,      1.00,                   0,                   0,              0.0074
       229,       154,      1.00,                   0,                   0,              0.0074
       229,       155,      1.00,                   0,                   0,              0.0074
       229,       162,      1.00,                   0,                   0,              0.0074
       229,       164,      1.00,                   0,                   0,              0.0147
       229,       166,      1.00,                   0,                   0,              0.0074
       229,       168,      1.00,                   0,                   0,              0.0074
       229,       170,      1.00,                   0,                   0,              0.0074
       229,       172,      1.00,                   0,                   0,              0.0221
       229,       174,      1.00,                   0,                   0,              0.0147
       229,       175,      1.00,                   0,                   0,              0.0074
       229,       177,      1.00,                   0,                   0,              0.0074
       229,       179,      1.00,                   0,                   0,              0.0074
       229,       181,      1.00,                   0,                   0,              0.0074
       229,       182,      1.00,                   0,                   0,              0.0074
       229,       183,      1.00,                   0,                   0,              0.0074
       229,       184,      1.00,                   0,                   0,              0.0074
       229,       185,      1.00,                   0,                   0,              0.0074
       229,       186,      1.00,                   0,                   0,              0.0074
       229,       187,      1.00,                   0,                   0,              0.0074
       229,       188,      1.00,                   0,                   0,              0.0221
       229,       189,      1.00,                   0,                   0,              0.0074
       229,       190,      1.00,                   0,                   0,              0.0074
       229,       192,      1.00,              0.0074,                   0,              0.0441
       229,       193,      1.00,                   0,                   0,              0.0074
       229,       194,      1.00,                   0,                   0,              0.0074
       229,       195,      1.00,                   0,                   0,              0.0147
       229,       196,      1.00,              0.0147,                   0,              0.0368
       229,       197,      1.00,                   0,                   0,              0.0074
       229,       198,      1.00,                   0,                   0,              0.0147
       229,       199,      1.00,                   0,                   0,              0.0074
       229,       200,      1.00,              0.0074,                   0,              0.0221
       229,       201,      1.00,                   0,                   0,              0.0147
       229,       202,      1.00,                   0,                   0,              0.0147
       229,       204,      1.00,              0.0074,                   0,              0.0147
       229,       205,      1.00,              0.0074,                   0,              0.0147
       229,       207,      1.00,              0.0074,                   0,              0.0294
       229,       212,      1.00,                   0,                   0,              0.0074
       229,       217,      1.00,                   0,                   0,              0.1029
       229,       218,      1.00,                   0,                   0,              0.1617
       229,       219,      1.00,                   0,                   0,              0.6249
